detail_id,selected_observable,selected_region,alpha_e,alpha_p,momentum,E,px,py,pz,p_abs,phi_xy,s,sqrt_s,pIn,pOut,theta_p_in,phi_p_in,theta_lepton_in,phi_lepton_in,theta_p_out,theta_gamma_out,phi_p_out,qOut,phi_gamma_out
max_c_e_gamma_mixing_angles_polarization_05_local_minimum_0,C_e_gamma,polarization_cluster_05_local_minimum_0,5.4879156910307225e-01,2.9214663532700187e+00,k,2.3870851937519229e+00,0.0000000000000000e+00,0.0000000000000000e+00,-2.3847456950199861e+00,2.3847456950199861e+00,0.0000000000000000e+00,2.4499262353380697e+01,4.9496729541840132e+00,2.3847456950199861e+00,2.3409998369679865e+00,0.0000000000000000e+00,0.0000000000000000e+00,3.1415926535897931e+00,0.0000000000000000e+00,1.1315796376982479e+00,3.1401329732790906e+00,0.0000000000000000e+00,1.4020686055455722e-01,0.0000000000000000e+00
max_c_e_gamma_mixing_angles_polarization_05_local_minimum_0,C_e_gamma,polarization_cluster_05_local_minimum_0,5.4879156910307225e-01,2.9214663532700187e+00,p,2.5625877604320904e+00,0.0000000000000000e+00,0.0000000000000000e+00,2.3847456950199861e+00,2.3847456950199861e+00,0.0000000000000000e+00,2.4499262353380697e+01,4.9496729541840132e+00,2.3847456950199861e+00,2.3409998369679865e+00,0.0000000000000000e+00,0.0000000000000000e+00,3.1415926535897931e+00,0.0000000000000000e+00,1.1315796376982479e+00,3.1401329732790906e+00,0.0000000000000000e+00,1.4020686055455722e-01,0.0000000000000000e+00
max_c_e_gamma_mixing_angles_polarization_05_local_minimum_0,C_e_gamma,polarization_cluster_05_local_minimum_0,5.4879156910307225e-01,2.9214663532700187e+00,kp,2.2875374196413003e+00,-2.1190085616237204e+00,-0.0000000000000000e+00,-8.5525813045609222e-01,2.2850960054111247e+00,3.1415926535897931e+00,2.4499262353380697e+01,4.9496729541840132e+00,2.3847456950199861e+00,2.3409998369679865e+00,0.0000000000000000e+00,0.0000000000000000e+00,3.1415926535897931e+00,0.0000000000000000e+00,1.1315796376982479e+00,3.1401329732790906e+00,0.0000000000000000e+00,1.4020686055455722e-01,0.0000000000000000e+00
max_c_e_gamma_mixing_angles_polarization_05_local_minimum_0,C_e_gamma,polarization_cluster_05_local_minimum_0,5.4879156910307225e-01,2.9214663532700187e+00,pp,2.5219286739882514e+00,2.1188039045026197e+00,0.0000000000000000e+00,9.9546484164363780e-01,2.3409998369679865e+00,0.0000000000000000e+00,2.4499262353380697e+01,4.9496729541840132e+00,2.3847456950199861e+00,2.3409998369679865e+00,0.0000000000000000e+00,0.0000000000000000e+00,3.1415926535897931e+00,0.0000000000000000e+00,1.1315796376982479e+00,3.1401329732790906e+00,0.0000000000000000e+00,1.4020686055455722e-01,0.0000000000000000e+00
max_c_e_gamma_mixing_angles_polarization_05_local_minimum_0,C_e_gamma,polarization_cluster_05_local_minimum_0,5.4879156910307225e-01,2.9214663532700187e+00,qout,1.4020686055455722e-01,2.0465712110088690e-04,0.0000000000000000e+00,-1.4020671118754563e-01,1.4020686055455719e-01,0.0000000000000000e+00,2.4499262353380697e+01,4.9496729541840132e+00,2.3847456950199861e+00,2.3409998369679865e+00,0.0000000000000000e+00,0.0000000000000000e+00,3.1415926535897931e+00,0.0000000000000000e+00,1.1315796376982479e+00,3.1401329732790906e+00,0.0000000000000000e+00,1.4020686055455722e-01,0.0000000000000000e+00
max_c_e_gamma_mixing_angles_polarization_05_local_minimum_2,C_e_gamma,polarization_cluster_05_local_minimum_2,5.5685982099261122e-01,2.9788436099606850e+00,k,2.4104335171936109e+00,0.0000000000000000e+00,0.0000000000000000e+00,-2.4081167015942277e+00,2.4081167015942277e+00,0.0000000000000000e+00,2.4947872290662954e+01,4.9947845089315877e+00,2.4081167015942277e+00,1.9746882085803039e+00,0.0000000000000000e+00,0.0000000000000000e+00,3.1415926535897931e+00,0.0000000000000000e+00,3.9957750768325406e-01,3.1406524544450165e+00,6.2830438786195124e+00,2.0085725650507951e+00,1.0273694955651813e-03
max_c_e_gamma_mixing_angles_polarization_05_local_minimum_2,C_e_gamma,polarization_cluster_05_local_minimum_2,5.5685982099261122e-01,2.9788436099606850e+00,p,2.5843509917379763e+00,0.0000000000000000e+00,0.0000000000000000e+00,2.4081167015942277e+00,2.4081167015942277e+00,0.0000000000000000e+00,2.4947872290662954e+01,4.9947845089315877e+00,2.4081167015942277e+00,1.9746882085803039e+00,0.0000000000000000e+00,0.0000000000000000e+00,3.1415926535897931e+00,0.0000000000000000e+00,3.9957750768325406e-01,3.1406524544450165e+00,6.2830438786195124e+00,2.0085725650507951e+00,1.0273694955651813e-03
max_c_e_gamma_mixing_angles_polarization_05_local_minimum_2,C_e_gamma,polarization_cluster_05_local_minimum_2,5.5685982099261122e-01,2.9788436099606850e+00,kp,8.0006521479201442e-01,-7.7009975687770205e-01,1.0670687497889776e-04,1.8943866732386039e-01,7.9305778831488261e-01,3.1414540911849320e+00,2.4947872290662954e+01,4.9947845089315877e+00,2.4081167015942277e+00,1.9746882085803039e+00,0.0000000000000000e+00,0.0000000000000000e+00,3.1415926535897931e+00,0.0000000000000000e+00,3.9957750768325406e-01,3.1406524544450165e+00,6.2830438786195124e+00,2.0085725650507951e+00,1.0273694955651813e-03
max_c_e_gamma_mixing_angles_polarization_05_local_minimum_2,C_e_gamma,polarization_cluster_05_local_minimum_2,5.5685982099261122e-01,2.9788436099606850e+00,pp,2.1861467290888985e+00,7.6821129994466641e-01,-1.0864701870818674e-04,1.8191330099636038e+00,1.9746882085803039e+00,6.2830438786195124e+00,2.4947872290662954e+01,4.9947845089315877e+00,2.4081167015942277e+00,1.9746882085803039e+00,0.0000000000000000e+00,0.0000000000000000e+00,3.1415926535897931e+00,0.0000000000000000e+00,3.9957750768325406e-01,3.1406524544450165e+00,6.2830438786195124e+00,2.0085725650507951e+00,1.0273694955651813e-03
max_c_e_gamma_mixing_angles_polarization_05_local_minimum_2,C_e_gamma,polarization_cluster_05_local_minimum_2,5.5685982099261122e-01,2.9788436099606850e+00,qout,2.0085725650507951e+00,1.8884569330356526e-03,1.9401437292889831e-06,-2.0085716772874642e+00,2.0085725650507946e+00,1.0273694955651815e-03,2.4947872290662954e+01,4.9947845089315877e+00,2.4081167015942277e+00,1.9746882085803039e+00,0.0000000000000000e+00,0.0000000000000000e+00,3.1415926535897931e+00,0.0000000000000000e+00,3.9957750768325406e-01,3.1406524544450165e+00,6.2830438786195124e+00,2.0085725650507951e+00,1.0273694955651813e-03
max_c_e_gamma_mixing_angles_polarization_05_local_minimum_3,C_e_gamma,polarization_cluster_05_local_minimum_3,6.8615574163292792e-01,3.0166040090511155e+00,k,2.3868183081157626e+00,0.0000000000000000e+00,0.0000000000000000e+00,-2.3844785475326242e+00,2.3844785475326242e+00,0.0000000000000000e+00,2.4494159591618601e+01,4.9491574628029973e+00,2.3844785475326242e+00,2.2619631161292295e+00,0.0000000000000000e+00,0.0000000000000000e+00,3.1415926535897931e+00,0.0000000000000000e+00,1.9481419845298761e-01,3.1385438636455163e+00,6.2820770949024922e+00,1.9895555383247538e+00,6.2818564261025900e+00
max_c_e_gamma_mixing_angles_polarization_05_local_minimum_3,C_e_gamma,polarization_cluster_05_local_minimum_3,6.8615574163292792e-01,3.0166040090511155e+00,p,2.5623391546872347e+00,0.0000000000000000e+00,0.0000000000000000e+00,2.3844785475326242e+00,2.3844785475326242e+00,0.0000000000000000e+00,2.4494159591618601e+01,4.9491574628029973e+00,2.3844785475326242e+00,2.2619631161292295e+00,0.0000000000000000e+00,0.0000000000000000e+00,3.1415926535897931e+00,0.0000000000000000e+00,1.9481419845298761e-01,3.1385438636455163e+00,6.2820770949024922e+00,1.9895555383247538e+00,6.2818564261025900e+00
max_c_e_gamma_mixing_angles_polarization_05_local_minimum_3,C_e_gamma,polarization_cluster_05_local_minimum_3,6.8615574163292792e-01,3.0166040090511155e+00,kp,5.1086324125204063e-01,-4.4394588990821932e-01,4.9332500459422016e-04,-2.2962874910010878e-01,4.9981752565235416e-01,3.1404814262696363e+00,2.4494159591618601e+01,4.9491574628029973e+00,2.3844785475326242e+00,2.2619631161292295e+00,0.0000000000000000e+00,0.0000000000000000e+00,3.1415926535897931e+00,0.0000000000000000e+00,1.9481419845298761e-01,3.1385438636455163e+00,6.2820770949024922e+00,1.9895555383247538e+00,6.2818564261025900e+00
max_c_e_gamma_mixing_angles_polarization_05_local_minimum_3,C_e_gamma,polarization_cluster_05_local_minimum_3,6.8615574163292792e-01,3.0166040090511155e+00,pp,2.4487386832263369e+00,4.3788016774215771e-01,-4.8526437644460081e-04,2.2191750408531634e+00,2.2619631161292295e+00,6.2820770949024922e+00,2.4494159591618601e+01,4.9491574628029973e+00,2.3844785475326242e+00,2.2619631161292295e+00,0.0000000000000000e+00,0.0000000000000000e+00,3.1415926535897931e+00,0.0000000000000000e+00,1.9481419845298761e-01,3.1385438636455163e+00,6.2820770949024922e+00,1.9895555383247538e+00,6.2818564261025900e+00
max_c_e_gamma_mixing_angles_polarization_05_local_minimum_3,C_e_gamma,polarization_cluster_05_local_minimum_3,6.8615574163292792e-01,3.0166040090511155e+00,qout,1.9895555383247538e+00,6.0657221660615941e-03,-8.0606281496193478e-06,-1.9895462917530546e+00,1.9895555383247536e+00,6.2818564261025900e+00,2.4494159591618601e+01,4.9491574628029973e+00,2.3844785475326242e+00,2.2619631161292295e+00,0.0000000000000000e+00,0.0000000000000000e+00,3.1415926535897931e+00,0.0000000000000000e+00,1.9481419845298761e-01,3.1385438636455163e+00,6.2820770949024922e+00,1.9895555383247538e+00,6.2818564261025900e+00
max_c_e_gamma_mixing_angles_polarization_05_local_minimum_4,C_e_gamma,polarization_cluster_05_local_minimum_4,2.2344116689196922e-01,3.0132761185162180e+00,k,1.9955733479470510e+00,0.0000000000000000e+00,0.0000000000000000e+00,-1.9927742708905349e+00,1.9927742708905349e+00,0.0000000000000000e+00,1.7623795141340832e+01,4.1980704069061101e+00,1.9927742708905349e+00,1.5438627028100231e+00,0.0000000000000000e+00,0.0000000000000000e+00,3.1415926535897931e+00,0.0000000000000000e+00,1.8615619775995047e+00,3.1408433421943389e+00,6.2831704309791583e+00,5.8636482980805016e-01,5.7627837743241840e-06
max_c_e_gamma_mixing_angles_polarization_05_local_minimum_4,C_e_gamma,polarization_cluster_05_local_minimum_4,2.2344116689196922e-01,3.0132761185162180e+00,p,2.2024970589590587e+00,0.0000000000000000e+00,0.0000000000000000e+00,1.9927742708905349e+00,1.9927742708905349e+00,0.0000000000000000e+00,1.7623795141340832e+01,4.1980704069061101e+00,1.9927742708905349e+00,1.5438627028100231e+00,0.0000000000000000e+00,0.0000000000000000e+00,3.1415926535897931e+00,0.0000000000000000e+00,1.8615619775995047e+00,3.1408433421943389e+00,6.2831704309791583e+00,5.8636482980805016e-01,5.7627837743241840e-06
max_c_e_gamma_mixing_angles_polarization_05_local_minimum_4,C_e_gamma,polarization_cluster_05_local_minimum_4,2.2344116689196922e-01,3.0132761185162180e+00,kp,1.8052294368931654e+00,-1.4794979030430995e+00,2.2000239193863714e-05,1.0289682122978228e+00,1.8021347417749640e+00,3.1415777835185703e+00,1.7623795141340832e+01,4.1980704069061101e+00,1.9927742708905349e+00,1.5438627028100231e+00,0.0000000000000000e+00,0.0000000000000000e+00,3.1415926535897931e+00,0.0000000000000000e+00,1.8615619775995047e+00,3.1408433421943389e+00,6.2831704309791583e+00,5.8636482980805016e-01,5.7627837743241840e-06
max_c_e_gamma_mixing_angles_polarization_05_local_minimum_4,C_e_gamma,polarization_cluster_05_local_minimum_4,2.2344116689196922e-01,3.0132761185162180e+00,pp,1.8064761402044229e+00,1.4790585332353532e+00,-2.2002771187062750e-05,-4.4260354710218225e-01,1.5438627028100231e+00,6.2831704309791583e+00,1.7623795141340832e+01,4.1980704069061101e+00,1.9927742708905349e+00,1.5438627028100231e+00,0.0000000000000000e+00,0.0000000000000000e+00,3.1415926535897931e+00,0.0000000000000000e+00,1.8615619775995047e+00,3.1408433421943389e+00,6.2831704309791583e+00,5.8636482980805016e-01,5.7627837743241840e-06
max_c_e_gamma_mixing_angles_polarization_05_local_minimum_4,C_e_gamma,polarization_cluster_05_local_minimum_4,2.2344116689196922e-01,3.0132761185162180e+00,qout,5.8636482980805016e-01,4.3936980774619166e-04,2.5319931990357182e-09,-5.8636466519564057e-01,5.8636482980805016e-01,5.7627837743241840e-06,1.7623795141340832e+01,4.1980704069061101e+00,1.9927742708905349e+00,1.5438627028100231e+00,0.0000000000000000e+00,0.0000000000000000e+00,3.1415926535897931e+00,0.0000000000000000e+00,1.8615619775995047e+00,3.1408433421943389e+00,6.2831704309791583e+00,5.8636482980805016e-01,5.7627837743241840e-06
max_c_e_gamma_mixing_angles_polarization_05_local_minimum_7,C_e_gamma,polarization_cluster_05_local_minimum_7,6.9302777680859806e-01,3.0155854491948770e+00,k,2.3975234990894942e+00,0.0000000000000000e+00,0.0000000000000000e+00,-2.3951941959626222e+00,2.3951941959626222e+00,0.0000000000000000e+00,2.4699284616225480e+01,4.9698374838847084e+00,2.3951941959626222e+00,2.2894193594105730e+00,0.0000000000000000e+00,0.0000000000000000e+00,3.1415926535897931e+00,0.0000000000000000e+00,1.8692533462133457e-01,3.1381082338965562e+00,6.2819581225492778e+00,1.9703169776311817e+00,6.2811824572612815e+00
max_c_e_gamma_mixing_angles_polarization_05_local_minimum_7,C_e_gamma,polarization_cluster_05_local_minimum_7,6.9302777680859806e-01,3.0155854491948770e+00,p,2.5723139847952137e+00,0.0000000000000000e+00,0.0000000000000000e+00,2.3951941959626222e+00,2.3951941959626222e+00,0.0000000000000000e+00,2.4699284616225480e+01,4.9698374838847084e+00,2.3951941959626222e+00,2.2894193594105730e+00,0.0000000000000000e+00,0.0000000000000000e+00,3.1415926535897931e+00,0.0000000000000000e+00,1.8692533462133457e-01,3.1381082338965562e+00,6.2819581225492778e+00,1.9703169776311817e+00,6.2811824572612815e+00
max_c_e_gamma_mixing_angles_polarization_05_local_minimum_7,C_e_gamma,polarization_cluster_05_local_minimum_7,6.9302777680859806e-01,3.0155854491948770e+00,kp,5.2539742862746841e-01,-4.3232771806094900e-01,5.3587145110870686e-04,-2.7923327655037333e-01,5.1466374041218099e-01,3.1403531513457996e+00,2.4699284616225480e+01,4.9698374838847084e+00,2.3951941959626222e+00,2.2894193594105730e+00,0.0000000000000000e+00,0.0000000000000000e+00,3.1415926535897931e+00,0.0000000000000000e+00,1.8692533462133457e-01,3.1381082338965562e+00,6.2819581225492778e+00,1.9703169776311817e+00,6.2811824572612815e+00
max_c_e_gamma_mixing_angles_polarization_05_local_minimum_7,C_e_gamma,polarization_cluster_05_local_minimum_7,6.9302777680859806e-01,3.0155854491948770e+00,pp,2.4741230776264787e+00,4.2546233444447934e-01,-5.2212109970723472e-04,2.2495382932065260e+00,2.2894193594105730e+00,6.2819581225492778e+00,2.4699284616225480e+01,4.9698374838847084e+00,2.3951941959626222e+00,2.2894193594105730e+00,0.0000000000000000e+00,0.0000000000000000e+00,3.1415926535897931e+00,0.0000000000000000e+00,1.8692533462133457e-01,3.1381082338965562e+00,6.2819581225492778e+00,1.9703169776311817e+00,6.2811824572612815e+00
max_c_e_gamma_mixing_angles_polarization_05_local_minimum_7,C_e_gamma,polarization_cluster_05_local_minimum_7,6.9302777680859806e-01,3.0155854491948770e+00,qout,1.9703169776311817e+00,6.8653836164696558e-03,-1.3750351401472093e-05,-1.9703050166561527e+00,1.9703169776311820e+00,6.2811824572612815e+00,2.4699284616225480e+01,4.9698374838847084e+00,2.3951941959626222e+00,2.2894193594105730e+00,0.0000000000000000e+00,0.0000000000000000e+00,3.1415926535897931e+00,0.0000000000000000e+00,1.8692533462133457e-01,3.1381082338965562e+00,6.2819581225492778e+00,1.9703169776311817e+00,6.2811824572612815e+00
max_c_e_gamma_mixing_angles_polarization_05_local_minimum_13,C_e_gamma,polarization_cluster_05_local_minimum_13,1.5668280590609298e+00,3.1415908272076596e+00,k,2.4128521717359273e+00,0.0000000000000000e+00,0.0000000000000000e+00,-2.4105376807545409e+00,2.4105376807545409e+00,0.0000000000000000e+00,2.4994592276368810e+01,4.9994591983902428e+00,2.4105376807545409e+00,1.1571358490472061e+00,0.0000000000000000e+00,0.0000000000000000e+00,3.1415926535897931e+00,0.0000000000000000e+00,3.1415926535897931e+00,2.4514742686816868e+00,4.7552920075651812e+00,1.2458676076208863e+00,3.1417707964051838e+00
max_c_e_gamma_mixing_angles_polarization_05_local_minimum_13,C_e_gamma,polarization_cluster_05_local_minimum_13,1.5668280590609298e+00,3.1415908272076596e+00,p,2.5866070266543160e+00,0.0000000000000000e+00,0.0000000000000000e+00,2.4105376807545409e+00,2.4105376807545409e+00,0.0000000000000000e+00,2.4994592276368810e+01,4.9994591983902428e+00,2.4105376807545409e+00,1.1571358490472061e+00,0.0000000000000000e+00,0.0000000000000000e+00,3.1415926535897931e+00,0.0000000000000000e+00,3.1415926535897931e+00,2.4514742686816868e+00,4.7552920075651812e+00,1.2458676076208863e+00,3.1417707964051838e+00
max_c_e_gamma_mixing_angles_polarization_05_local_minimum_13,C_e_gamma,polarization_cluster_05_local_minimum_13,1.5668280590609298e+00,3.1415908272076596e+00,kp,2.2640254213265907e+00,7.9315479079107121e-01,1.4129482896679417e-04,2.1179123858131361e+00,2.2615586253952711e+00,1.7814281539069212e-04,2.4994592276368810e+01,4.9994591983902428e+00,2.4105376807545409e+00,1.1571358490472061e+00,0.0000000000000000e+00,0.0000000000000000e+00,3.1415926535897931e+00,0.0000000000000000e+00,3.1415926535897931e+00,2.4514742686816868e+00,4.7552920075651812e+00,1.2458676076208863e+00,3.1417707964051838e+00
max_c_e_gamma_mixing_angles_polarization_05_local_minimum_13,C_e_gamma,polarization_cluster_05_local_minimum_13,1.5668280590609298e+00,3.1415908272076596e+00,pp,1.4895661694433715e+00,6.0778488657851886e-18,-1.4157787231147374e-16,-1.1571358490472061e+00,1.1571358490472061e+00,4.7552920075651812e+00,2.4994592276368810e+01,4.9994591983902428e+00,2.4105376807545409e+00,1.1571358490472061e+00,0.0000000000000000e+00,0.0000000000000000e+00,3.1415926535897931e+00,0.0000000000000000e+00,3.1415926535897931e+00,2.4514742686816868e+00,4.7552920075651812e+00,1.2458676076208863e+00,3.1417707964051838e+00
max_c_e_gamma_mixing_angles_polarization_05_local_minimum_13,C_e_gamma,polarization_cluster_05_local_minimum_13,1.5668280590609298e+00,3.1415908272076596e+00,qout,1.2458676076208863e+00,-7.9315479079107121e-01,-1.4129482896665260e-04,-9.6077653676593000e-01,1.2458676076208866e+00,3.1417707964051833e+00,2.4994592276368810e+01,4.9994591983902428e+00,2.4105376807545409e+00,1.1571358490472061e+00,0.0000000000000000e+00,0.0000000000000000e+00,3.1415926535897931e+00,0.0000000000000000e+00,3.1415926535897931e+00,2.4514742686816868e+00,4.7552920075651812e+00,1.2458676076208863e+00,3.1417707964051838e+00
max_c_e_gamma_mixing_angles_polarization_05_local_minimum_16,C_e_gamma,polarization_cluster_05_local_minimum_16,2.7561370315552862e+00,3.0295981328403547e+00,k,1.7667173159084504e+00,0.0000000000000000e+00,0.0000000000000000e+00,-1.7635550408244876e+00,1.7635550408244876e+00,0.0000000000000000e+00,1.4169264409383327e+01,3.7642083376698650e+00,1.7635550408244876e+00,1.1243213133396246e+00,0.0000000000000000e+00,0.0000000000000000e+00,3.1415926535897931e+00,0.0000000000000000e+00,7.3664087982954385e-01,3.1408119562759294e+00,6.2830323697850359e+00,1.3676219897765376e+00,6.2823726933293669e+00
max_c_e_gamma_mixing_angles_polarization_05_local_minimum_16,C_e_gamma,polarization_cluster_05_local_minimum_16,2.7561370315552862e+00,3.0295981328403547e+00,p,1.9974910217614146e+00,0.0000000000000000e+00,0.0000000000000000e+00,1.7635550408244876e+00,1.7635550408244876e+00,0.0000000000000000e+00,1.4169264409383327e+01,3.7642083376698650e+00,1.7635550408244876e+00,1.1243213133396246e+00,0.0000000000000000e+00,0.0000000000000000e+00,3.1415926535897931e+00,0.0000000000000000e+00,7.3664087982954385e-01,3.1408119562759294e+00,6.2830323697850359e+00,1.3676219897765376e+00,6.2823726933293669e+00
max_c_e_gamma_mixing_angles_polarization_05_local_minimum_16,C_e_gamma,polarization_cluster_05_local_minimum_16,2.7561370315552862e+00,3.0295981328403547e+00,kp,9.3236559417117026e-01,-7.5639069130889447e-01,1.1638475814784083e-04,5.3480371860777220e-01,9.2635949224955882e-01,3.1414387850155676e+00,1.4169264409383327e+01,3.7642083376698650e+00,1.7635550408244876e+00,1.1243213133396246e+00,0.0000000000000000e+00,0.0000000000000000e+00,3.1415926535897931e+00,0.0000000000000000e+00,7.3664087982954385e-01,3.1408119562759294e+00,6.2830323697850359e+00,1.3676219897765376e+00,6.2823726933293669e+00
max_c_e_gamma_mixing_angles_polarization_05_local_minimum_16,C_e_gamma,polarization_cluster_05_local_minimum_16,2.7561370315552862e+00,3.0295981328403547e+00,pp,1.4642207537218348e+00,7.5532299295607574e-01,-1.1551713148750715e-04,8.3281785439398848e-01,1.1243213133396246e+00,6.2830323697850359e+00,1.4169264409383327e+01,3.7642083376698650e+00,1.7635550408244876e+00,1.1243213133396246e+00,0.0000000000000000e+00,0.0000000000000000e+00,3.1415926535897931e+00,0.0000000000000000e+00,7.3664087982954385e-01,3.1408119562759294e+00,6.2830323697850359e+00,1.3676219897765376e+00,6.2823726933293669e+00
max_c_e_gamma_mixing_angles_polarization_05_local_minimum_16,C_e_gamma,polarization_cluster_05_local_minimum_16,2.7561370315552862e+00,3.0295981328403547e+00,qout,1.3676219897765376e+00,1.0676983528186696e-03,-8.6762666033367804e-07,-1.3676215730017607e+00,1.3676219897765374e+00,6.2823726933293669e+00,1.4169264409383327e+01,3.7642083376698650e+00,1.7635550408244876e+00,1.1243213133396246e+00,0.0000000000000000e+00,0.0000000000000000e+00,3.1415926535897931e+00,0.0000000000000000e+00,7.3664087982954385e-01,3.1408119562759294e+00,6.2830323697850359e+00,1.3676219897765376e+00,6.2823726933293669e+00
max_c_e_gamma_mixing_angles_polarization_05_local_minimum_17,C_e_gamma,polarization_cluster_05_local_minimum_17,1.5783926579769936e+00,3.1223607221832594e+00,k,2.2077006697759680e+00,0.0000000000000000e+00,0.0000000000000000e+00,-2.2051708675329351e+00,2.2051708675329351e+00,0.0000000000000000e+00,2.1197530860576030e+01,4.6040776340735210e+00,2.2051708675329351e+00,1.2994587836700222e+00,0.0000000000000000e+00,0.0000000000000000e+00,3.1415926535897931e+00,0.0000000000000000e+00,2.9323354680548723e+00,2.4847259397037251e+00,3.6303489903182692e-05,8.9552698494973115e-01,5.1694262416448788e+00
max_c_e_gamma_mixing_angles_polarization_05_local_minimum_17,C_e_gamma,polarization_cluster_05_local_minimum_17,1.5783926579769936e+00,3.1223607221832594e+00,p,2.3963769642975534e+00,0.0000000000000000e+00,0.0000000000000000e+00,2.2051708675329351e+00,2.2051708675329351e+00,0.0000000000000000e+00,2.1197530860576030e+01,4.6040776340735210e+00,2.2051708675329351e+00,1.2994587836700222e+00,0.0000000000000000e+00,0.0000000000000000e+00,3.1415926535897931e+00,0.0000000000000000e+00,2.9323354680548723e+00,2.4847259397037251e+00,3.6303489903182692e-05,8.9552698494973115e-01,5.1694262416448788e+00
max_c_e_gamma_mixing_angles_polarization_05_local_minimum_17,C_e_gamma,polarization_cluster_05_local_minimum_17,1.5783926579769936e+00,3.1223607221832594e+00,kp,2.1059162146815251e+00,-5.1125817326162604e-01,4.9070763700259745e-01,1.9802879856742492e+00,2.1032639898370493e+00,2.3767018319776430e+00,2.1197530860576030e+01,4.6040776340735210e+00,2.2051708675329351e+00,1.2994587836700222e+00,0.0000000000000000e+00,0.0000000000000000e+00,3.1415926535897931e+00,0.0000000000000000e+00,2.9323354680548723e+00,2.4847259397037251e+00,3.6303489903182692e-05,8.9552698494973115e-01,5.1694262416448788e+00
max_c_e_gamma_mixing_angles_polarization_05_local_minimum_17,C_e_gamma,polarization_cluster_05_local_minimum_17,1.5783926579769936e+00,3.1223607221832594e+00,pp,1.6026344344413586e+00,2.6994092210060877e-01,9.7997975442404669e-06,-1.2711117295252257e+00,1.2994587836700222e+00,3.6303489903182686e-05,2.1197530860576030e+01,4.6040776340735210e+00,2.2051708675329351e+00,1.2994587836700222e+00,0.0000000000000000e+00,0.0000000000000000e+00,3.1415926535897931e+00,0.0000000000000000e+00,2.9323354680548723e+00,2.4847259397037251e+00,3.6303489903182692e-05,8.9552698494973115e-01,5.1694262416448788e+00
max_c_e_gamma_mixing_angles_polarization_05_local_minimum_17,C_e_gamma,polarization_cluster_05_local_minimum_17,1.5783926579769936e+00,3.1223607221832594e+00,qout,8.9552698494973115e-01,2.4131725116101724e-01,-4.9071743680014168e-01,-7.0917625614902358e-01,8.9552698494973115e-01,5.1694262416448788e+00,2.1197530860576030e+01,4.6040776340735210e+00,2.2051708675329351e+00,1.2994587836700222e+00,0.0000000000000000e+00,0.0000000000000000e+00,3.1415926535897931e+00,0.0000000000000000e+00,2.9323354680548723e+00,2.4847259397037251e+00,3.6303489903182692e-05,8.9552698494973115e-01,5.1694262416448788e+00
max_c_e_gamma_mixing_angles_polarization_05_local_minimum_25,C_e_gamma,polarization_cluster_05_local_minimum_25,6.8530306823930898e-01,3.0154829350399832e+00,k,2.3557864709961414e+00,0.0000000000000000e+00,0.0000000000000000e+00,-2.3534158588348033e+00,2.3534158588348033e+00,0.0000000000000000e+00,2.3904712977089318e+01,4.8892446223408905e+00,2.3534158588348033e+00,2.2327006416571389e+00,0.0000000000000000e+00,0.0000000000000000e+00,3.1415926535897931e+00,0.0000000000000000e+00,1.9871552715590340e-01,3.1384541620954018e+00,6.2801433422628081e+00,1.9498945130558241e+00,6.2778515071978580e+00
max_c_e_gamma_mixing_angles_polarization_05_local_minimum_25,C_e_gamma,polarization_cluster_05_local_minimum_25,6.8530306823930898e-01,3.0154829350399832e+00,p,2.5334581513447492e+00,0.0000000000000000e+00,0.0000000000000000e+00,2.3534158588348033e+00,2.3534158588348033e+00,0.0000000000000000e+00,2.3904712977089318e+01,4.8892446223408905e+00,2.3534158588348033e+00,2.2327006416571389e+00,0.0000000000000000e+00,0.0000000000000000e+00,3.1415926535897931e+00,0.0000000000000000e+00,1.9871552715590340e-01,3.1384541620954018e+00,6.2801433422628081e+00,1.9498945130558241e+00,6.2778515071978580e+00
max_c_e_gamma_mixing_angles_polarization_05_local_minimum_25,C_e_gamma,polarization_cluster_05_local_minimum_25,6.8530306823930898e-01,3.0154829350399832e+00,kp,5.1761598778122098e-01,-4.4687569074907069e-01,1.3734098017707647e-03,-2.3887831474725263e-01,5.0671749377086850e-01,3.1385193034254697e+00,2.3904712977089318e+01,4.8892446223408905e+00,2.3534158588348033e+00,2.2327006416571389e+00,0.0000000000000000e+00,0.0000000000000000e+00,3.1415926535897931e+00,0.0000000000000000e+00,1.9871552715590340e-01,3.1384541620954018e+00,6.2801433422628081e+00,1.9498945130558241e+00,6.2778515071978580e+00
max_c_e_gamma_mixing_angles_polarization_05_local_minimum_25,C_e_gamma,polarization_cluster_05_local_minimum_25,6.8530306823930898e-01,3.0154829350399832e+00,pp,2.4217341215038863e+00,4.4075606050256771e-01,-1.3407686085321656e-03,2.1887632244548505e+00,2.2327006416571389e+00,6.2801433422628081e+00,2.3904712977089318e+01,4.8892446223408905e+00,2.3534158588348033e+00,2.2327006416571389e+00,0.0000000000000000e+00,0.0000000000000000e+00,3.1415926535897931e+00,0.0000000000000000e+00,1.9871552715590340e-01,3.1384541620954018e+00,6.2801433422628081e+00,1.9498945130558241e+00,6.2778515071978580e+00
max_c_e_gamma_mixing_angles_polarization_05_local_minimum_25,C_e_gamma,polarization_cluster_05_local_minimum_25,6.8530306823930898e-01,3.0154829350399832e+00,qout,1.9498945130558241e+00,6.1196302465029492e-03,-3.2641193238599196e-05,-1.9498849097075979e+00,1.9498945130558238e+00,6.2778515071978580e+00,2.3904712977089318e+01,4.8892446223408905e+00,2.3534158588348033e+00,2.2327006416571389e+00,0.0000000000000000e+00,0.0000000000000000e+00,3.1415926535897931e+00,0.0000000000000000e+00,1.9871552715590340e-01,3.1384541620954018e+00,6.2801433422628081e+00,1.9498945130558241e+00,6.2778515071978580e+00
max_c_e_gamma_mixing_angles_polarization_05_local_minimum_26,C_e_gamma,polarization_cluster_05_local_minimum_26,7.0684447968081388e-01,3.0232946511366339e+00,k,1.8690195011233894e+00,0.0000000000000000e+00,0.0000000000000000e+00,-1.8660306008386425e+00,1.8660306008386425e+00,0.0000000000000000e+00,1.5662115895489801e+01,3.9575391211572128e+00,1.8660306008386425e+00,1.8627158619476467e+00,0.0000000000000000e+00,0.0000000000000000e+00,3.1415926535897931e+00,0.0000000000000000e+00,1.5889288487297537e-01,3.1242982488778557e+00,6.2828785110220098e+00,3.0756592921069642e-01,6.2829256332510584e+00
max_c_e_gamma_mixing_angles_polarization_05_local_minimum_26,C_e_gamma,polarization_cluster_05_local_minimum_26,7.0684447968081388e-01,3.0232946511366339e+00,p,2.0885196200338232e+00,0.0000000000000000e+00,0.0000000000000000e+00,1.8660306008386425e+00,1.8660306008386425e+00,0.0000000000000000e+00,1.5662115895489801e+01,3.9575391211572128e+00,1.8660306008386425e+00,1.8627158619476467e+00,0.0000000000000000e+00,0.0000000000000000e+00,3.1415926535897931e+00,0.0000000000000000e+00,1.5889288487297537e-01,3.1242982488778557e+00,6.2828785110220098e+00,3.0756592921069642e-01,6.2829256332510584e+00
max_c_e_gamma_mixing_angles_polarization_05_local_minimum_26,C_e_gamma,polarization_cluster_05_local_minimum_26,7.0684447968081388e-01,3.0232946511366339e+00,kp,1.5644146618752341e+00,-3.0004735906328417e-01,9.1802741091862587e-05,-1.5317314111384899e+00,1.5608425743735030e+00,3.1412866927624297e+00,1.5662115895489801e+01,3.9575391211572128e+00,1.8660306008386425e+00,1.8627158619476467e+00,0.0000000000000000e+00,0.0000000000000000e+00,3.1415926535897931e+00,0.0000000000000000e+00,1.5889288487297537e-01,3.1242982488778557e+00,6.2828785110220098e+00,3.0756592921069642e-01,6.2829256332510584e+00
max_c_e_gamma_mixing_angles_polarization_05_local_minimum_26,C_e_gamma,polarization_cluster_05_local_minimum_26,7.0684447968081388e-01,3.0232946511366339e+00,pp,2.0855585300708692e+00,2.9472845474072046e-01,-9.0421560279912641e-05,1.8392513455592341e+00,1.8627158619476467e+00,6.2828785110220098e+00,1.5662115895489801e+01,3.9575391211572128e+00,1.8660306008386425e+00,1.8627158619476467e+00,0.0000000000000000e+00,0.0000000000000000e+00,3.1415926535897931e+00,0.0000000000000000e+00,1.5889288487297537e-01,3.1242982488778557e+00,6.2828785110220098e+00,3.0756592921069642e-01,6.2829256332510584e+00
max_c_e_gamma_mixing_angles_polarization_05_local_minimum_26,C_e_gamma,polarization_cluster_05_local_minimum_26,7.0684447968081388e-01,3.0232946511366339e+00,qout,3.0756592921069642e-01,5.3189043225636895e-03,-1.3811808119499402e-06,-3.0751993442074427e-01,3.0756592921069636e-01,6.2829256332510584e+00,1.5662115895489801e+01,3.9575391211572128e+00,1.8660306008386425e+00,1.8627158619476467e+00,0.0000000000000000e+00,0.0000000000000000e+00,3.1415926535897931e+00,0.0000000000000000e+00,1.5889288487297537e-01,3.1242982488778557e+00,6.2828785110220098e+00,3.0756592921069642e-01,6.2829256332510584e+00
max_c_e_gamma_mixing_angles_polarization_05_local_minimum_27,C_e_gamma,polarization_cluster_05_local_minimum_27,5.6114093060939252e-01,3.0303218303398980e+00,k,1.6743362979790524e+00,0.0000000000000000e+00,0.0000000000000000e+00,-1.6709992059893084e+00,1.6709992059893084e+00,0.0000000000000000e+00,1.2892437910405109e+01,3.5906041149652115e+00,1.6709992059893084e+00,1.4187804582876868e+00,0.0000000000000000e+00,0.0000000000000000e+00,3.1415926535897931e+00,0.0000000000000000e+00,4.0685330094551392e-01,3.1390393727007528e+00,9.4196437350741130e-04,1.3150614034011709e+00,1.5541956079976873e-03
max_c_e_gamma_mixing_angles_polarization_05_local_minimum_27,C_e_gamma,polarization_cluster_05_local_minimum_27,5.6114093060939252e-01,3.0303218303398980e+00,p,1.9162678169861589e+00,0.0000000000000000e+00,0.0000000000000000e+00,1.6709992059893084e+00,1.6709992059893084e+00,0.0000000000000000e+00,1.2892437910405109e+01,3.5906041149652115e+00,1.6709992059893084e+00,1.4187804582876868e+00,0.0000000000000000e+00,0.0000000000000000e+00,3.1415926535897931e+00,0.0000000000000000e+00,4.0685330094551392e-01,3.1390393727007528e+00,9.4196437350741130e-04,1.3150614034011709e+00,1.5541956079976873e-03
max_c_e_gamma_mixing_angles_polarization_05_local_minimum_27,C_e_gamma,polarization_cluster_05_local_minimum_27,5.6114093060939252e-01,3.0303218303398980e+00,kp,5.7472467637665148e-01,-5.6479933315246478e-01,-5.3407670767814522e-04,1.2090879023017642e-02,5.6492898785860501e-01,3.1425382576603798e+00,1.2892437910405109e+01,3.5906041149652115e+00,1.6709992059893084e+00,1.4187804582876868e+00,0.0000000000000000e+00,0.0000000000000000e+00,3.1415926535897931e+00,0.0000000000000000e+00,4.0685330094551392e-01,3.1390393727007528e+00,9.4196437350741130e-04,1.3150614034011709e+00,1.5541956079976873e-03
max_c_e_gamma_mixing_angles_polarization_05_local_minimum_27,C_e_gamma,polarization_cluster_05_local_minimum_27,5.6114093060939252e-01,3.0303218303398980e+00,pp,1.7008180351874855e+00,5.6144161970686768e-01,5.2885815998624040e-04,1.3029662377778615e+00,1.4187804582876871e+00,9.4196437350741130e-04,1.2892437910405109e+01,3.5906041149652115e+00,1.6709992059893084e+00,1.4187804582876868e+00,0.0000000000000000e+00,0.0000000000000000e+00,3.1415926535897931e+00,0.0000000000000000e+00,4.0685330094551392e-01,3.1390393727007528e+00,9.4196437350741130e-04,1.3150614034011709e+00,1.5541956079976873e-03
max_c_e_gamma_mixing_angles_polarization_05_local_minimum_27,C_e_gamma,polarization_cluster_05_local_minimum_27,5.6114093060939252e-01,3.0303218303398980e+00,qout,1.3150614034011709e+00,3.3577134455970953e-03,5.2185476919048408e-06,-1.3150571168008791e+00,1.3150614034011707e+00,1.5541956079976873e-03,1.2892437910405109e+01,3.5906041149652115e+00,1.6709992059893084e+00,1.4187804582876868e+00,0.0000000000000000e+00,0.0000000000000000e+00,3.1415926535897931e+00,0.0000000000000000e+00,4.0685330094551392e-01,3.1390393727007528e+00,9.4196437350741130e-04,1.3150614034011709e+00,1.5541956079976873e-03
max_c_e_gamma_mixing_angles_polarization_05_local_minimum_34,C_e_gamma,polarization_cluster_05_local_minimum_34,6.4829589366813412e-01,3.0474512406071383e+00,k,1.6452853943251562e+00,0.0000000000000000e+00,0.0000000000000000e+00,-1.6418892582833915e+00,1.6418892582833915e+00,0.0000000000000000e+00,1.2504871811460575e+01,3.5362228169984675e+00,1.6418892582833915e+00,1.5286932219893423e+00,0.0000000000000000e+00,0.0000000000000000e+00,3.1415926535897931e+00,0.0000000000000000e+00,2.6856645092149423e-01,3.1362029923344834e+00,2.2353071808054554e-03,1.2710212443792848e+00,2.3915374075452298e-03
max_c_e_gamma_mixing_angles_polarization_05_local_minimum_34,C_e_gamma,polarization_cluster_05_local_minimum_34,6.4829589366813412e-01,3.0474512406071383e+00,p,1.8909374226733113e+00,0.0000000000000000e+00,0.0000000000000000e+00,1.6418892582833915e+00,1.6418892582833915e+00,0.0000000000000000e+00,1.2504871811460575e+01,3.5362228169984675e+00,1.6418892582833915e+00,1.5286932219893423e+00,0.0000000000000000e+00,0.0000000000000000e+00,3.1415926535897931e+00,0.0000000000000000e+00,2.6856645092149423e-01,3.1362029923344834e+00,2.2353071808054554e-03,1.2710212443792848e+00,2.3915374075452298e-03
max_c_e_gamma_mixing_angles_polarization_05_local_minimum_34,C_e_gamma,polarization_cluster_05_local_minimum_34,6.4829589366813412e-01,3.0474512406071383e+00,kp,4.7167237939262813e-01,-4.1248736665425123e-01,-9.2310774132223043e-04,-2.0289026933626841e-01,4.5968591578229184e-01,3.1438305553412378e+00,1.2504871811460575e+01,3.5362228169984675e+00,1.6418892582833915e+00,1.5286932219893423e+00,0.0000000000000000e+00,0.0000000000000000e+00,3.1415926535897931e+00,0.0000000000000000e+00,2.6856645092149423e-01,3.1362029923344834e+00,2.2353071808054554e-03,1.2710212443792848e+00,2.3915374075452298e-03
max_c_e_gamma_mixing_angles_polarization_05_local_minimum_34,C_e_gamma,polarization_cluster_05_local_minimum_34,6.4829589366813412e-01,3.0474512406071383e+00,pp,1.7935291932266273e+00,4.0563704545423762e-01,9.0672491068508586e-04,1.4738930531626946e+00,1.5286932219893423e+00,2.2353071808054550e-03,1.2504871811460575e+01,3.5362228169984675e+00,1.6418892582833915e+00,1.5286932219893423e+00,0.0000000000000000e+00,0.0000000000000000e+00,3.1415926535897931e+00,0.0000000000000000e+00,2.6856645092149423e-01,3.1362029923344834e+00,2.2353071808054554e-03,1.2710212443792848e+00,2.3915374075452298e-03
max_c_e_gamma_mixing_angles_polarization_05_local_minimum_34,C_e_gamma,polarization_cluster_05_local_minimum_34,6.4829589366813412e-01,3.0474512406071383e+00,qout,1.2710212443792848e+00,6.8503212000136145e-03,1.6382830637144560e-05,-1.2710027838264262e+00,1.2710212443792848e+00,2.3915374075452302e-03,1.2504871811460575e+01,3.5362228169984675e+00,1.6418892582833915e+00,1.5286932219893423e+00,0.0000000000000000e+00,0.0000000000000000e+00,3.1415926535897931e+00,0.0000000000000000e+00,2.6856645092149423e-01,3.1362029923344834e+00,2.2353071808054554e-03,1.2710212443792848e+00,2.3915374075452298e-03
max_c_e_gamma_mixing_angles_polarization_05_local_minimum_35,C_e_gamma,polarization_cluster_05_local_minimum_35,6.9330526471143905e-01,3.0234529611798151e+00,k,2.3536796897729313e+00,0.0000000000000000e+00,0.0000000000000000e+00,-2.3513069535337796e+00,2.3513069535337796e+00,0.0000000000000000e+00,2.3864973151998761e+01,4.8851789273268960e+00,2.3513069535337796e+00,2.2480045314209272e+00,0.0000000000000000e+00,0.0000000000000000e+00,3.1415926535897931e+00,0.0000000000000000e+00,1.8113323750434313e-01,3.1379228809554309e+00,6.2767698027990466e+00,1.9501550177652041e+00,6.2733875120454048e+00
max_c_e_gamma_mixing_angles_polarization_05_local_minimum_35,C_e_gamma,polarization_cluster_05_local_minimum_35,6.9330526471143905e-01,3.0234529611798151e+00,p,2.5314992375539647e+00,0.0000000000000000e+00,0.0000000000000000e+00,2.3513069535337796e+00,2.3513069535337796e+00,0.0000000000000000e+00,2.3864973151998761e+01,4.8851789273268960e+00,2.3513069535337796e+00,2.2480045314209272e+00,0.0000000000000000e+00,0.0000000000000000e+00,3.1415926535897931e+00,0.0000000000000000e+00,1.8113323750434313e-01,3.1379228809554309e+00,6.2767698027990466e+00,1.9501550177652041e+00,6.2733875120454048e+00
max_c_e_gamma_mixing_angles_polarization_05_local_minimum_35,C_e_gamma,polarization_cluster_05_local_minimum_35,6.9330526471143905e-01,3.0234529611798151e+00,kp,4.9917326280858121e-01,-4.1211332989385424e-01,2.6681573331498506e-03,-2.6108569139252102e-01,4.8786294590762469e-01,3.1351184149272231e+00,2.3864973151998761e+01,4.8851789273268960e+00,2.3513069535337796e+00,2.2480045314209272e+00,0.0000000000000000e+00,0.0000000000000000e+00,3.1415926535897931e+00,0.0000000000000000e+00,1.8113323750434313e-01,3.1379228809554309e+00,6.2767698027990466e+00,1.9501550177652041e+00,6.2733875120454048e+00
max_c_e_gamma_mixing_angles_polarization_05_local_minimum_35,C_e_gamma,polarization_cluster_05_local_minimum_35,6.9330526471143905e-01,3.0234529611798151e+00,pp,2.4358506467534133e+00,4.0495706394322373e-01,-2.5980394617286461e-03,2.2112275775782240e+00,2.2480045314209272e+00,6.2767698027990466e+00,2.3864973151998761e+01,4.8851789273268960e+00,2.3513069535337796e+00,2.2480045314209272e+00,0.0000000000000000e+00,0.0000000000000000e+00,3.1415926535897931e+00,0.0000000000000000e+00,1.8113323750434313e-01,3.1379228809554309e+00,6.2767698027990466e+00,1.9501550177652041e+00,6.2733875120454048e+00
max_c_e_gamma_mixing_angles_polarization_05_local_minimum_35,C_e_gamma,polarization_cluster_05_local_minimum_35,6.9330526471143905e-01,3.0234529611798151e+00,qout,1.9501550177652041e+00,7.1562659506305320e-03,-7.0117871421204693e-05,-1.9501418861857029e+00,1.9501550177652041e+00,6.2733875120454048e+00,2.3864973151998761e+01,4.8851789273268960e+00,2.3513069535337796e+00,2.2480045314209272e+00,0.0000000000000000e+00,0.0000000000000000e+00,3.1415926535897931e+00,0.0000000000000000e+00,1.8113323750434313e-01,3.1379228809554309e+00,6.2767698027990466e+00,1.9501550177652041e+00,6.2733875120454048e+00
max_c_e_gamma_mixing_angles_polarization_05_local_minimum_46,C_e_gamma,polarization_cluster_05_local_minimum_46,2.4152855091460390e+00,3.0094984639706865e+00,k,2.0163221718684285e+00,0.0000000000000000e+00,0.0000000000000000e+00,-2.0135519383554321e+00,2.0135519383554321e+00,0.0000000000000000e+00,1.7957559412970326e+01,4.2376360642426958e+00,2.0135519383554321e+00,1.8548395851764632e+00,0.0000000000000000e+00,0.0000000000000000e+00,3.1415926535897931e+00,0.0000000000000000e+00,2.8023979494036905e-01,3.1409667099001171e+00,1.8092738593031244e-03,1.6079353517466264e+00,3.2053772583033857e+00
max_c_e_gamma_mixing_angles_polarization_05_local_minimum_46,C_e_gamma,polarization_cluster_05_local_minimum_46,2.4152855091460390e+00,3.0094984639706865e+00,p,2.2213138923742672e+00,0.0000000000000000e+00,0.0000000000000000e+00,2.0135519383554321e+00,2.0135519383554321e+00,0.0000000000000000e+00,1.7957559412970326e+01,4.2376360642426958e+00,2.0135519383554321e+00,1.8548395851764632e+00,0.0000000000000000e+00,0.0000000000000000e+00,3.1415926535897931e+00,0.0000000000000000e+00,2.8023979494036905e-01,3.1409667099001171e+00,1.8092738593031244e-03,1.6079353517466264e+00,3.2053772583033857e+00
max_c_e_gamma_mixing_angles_polarization_05_local_minimum_46,C_e_gamma,polarization_cluster_05_local_minimum_46,2.4152855091460390e+00,3.0094984639706865e+00,kp,5.5117385754891690e-01,-5.1201757125871195e-01,-8.6404409903304957e-04,-1.7454566474759425e-01,5.4095187302758718e-01,3.1432801802047803e+00,1.7957559412970326e+01,4.2376360642426958e+00,2.0135519383554321e+00,1.8548395851764632e+00,0.0000000000000000e+00,0.0000000000000000e+00,3.1415926535897931e+00,0.0000000000000000e+00,2.8023979494036905e-01,3.1409667099001171e+00,1.8092738593031244e-03,1.6079353517466264e+00,3.2053772583033857e+00
max_c_e_gamma_mixing_angles_polarization_05_local_minimum_46,C_e_gamma,polarization_cluster_05_local_minimum_46,2.4152855091460390e+00,3.0094984639706865e+00,pp,2.0785268549474152e+00,5.1302200146038368e-01,9.2819830930022289e-04,1.7824807014952715e+00,1.8548395851764632e+00,1.8092738593031242e-03,1.7957559412970326e+01,4.2376360642426958e+00,2.0135519383554321e+00,1.8548395851764632e+00,0.0000000000000000e+00,0.0000000000000000e+00,3.1415926535897931e+00,0.0000000000000000e+00,2.8023979494036905e-01,3.1409667099001171e+00,1.8092738593031244e-03,1.6079353517466264e+00,3.2053772583033857e+00
max_c_e_gamma_mixing_angles_polarization_05_local_minimum_46,C_e_gamma,polarization_cluster_05_local_minimum_46,2.4152855091460390e+00,3.0094984639706865e+00,qout,1.6079353517466264e+00,-1.0044302016717771e-03,-6.4154210267173271e-05,-1.6079350367476772e+00,1.6079353517466264e+00,3.2053772583033853e+00,1.7957559412970326e+01,4.2376360642426958e+00,2.0135519383554321e+00,1.8548395851764632e+00,0.0000000000000000e+00,0.0000000000000000e+00,3.1415926535897931e+00,0.0000000000000000e+00,2.8023979494036905e-01,3.1409667099001171e+00,1.8092738593031244e-03,1.6079353517466264e+00,3.2053772583033857e+00
max_c_e_gamma_mixing_angles_polarization_05_local_minimum_49,C_e_gamma,polarization_cluster_05_local_minimum_49,2.4087443382538694e+00,2.9841933602903046e+00,k,1.7637020997007524e+00,0.0000000000000000e+00,0.0000000000000000e+00,-1.7605344086883232e+00,1.7605344086883232e+00,0.0000000000000000e+00,1.4126523365763074e+01,3.7585267546956578e+00,1.7605344086883232e+00,1.6153801598012341e+00,0.0000000000000000e+00,0.0000000000000000e+00,3.1415926535897931e+00,0.0000000000000000e+00,3.8623830837498946e-01,3.1415671063752004e+00,6.2824382240725232e+00,1.2096290370869109e+00,2.2356462346635273e+00
max_c_e_gamma_mixing_angles_polarization_05_local_minimum_49,C_e_gamma,polarization_cluster_05_local_minimum_49,2.4087443382538694e+00,2.9841933602903046e+00,p,1.9948246549949056e+00,0.0000000000000000e+00,0.0000000000000000e+00,1.7605344086883232e+00,1.7605344086883232e+00,0.0000000000000000e+00,1.4126523365763074e+01,3.7585267546956578e+00,1.7605344086883232e+00,1.6153801598012341e+00,0.0000000000000000e+00,0.0000000000000000e+00,3.1415926535897931e+00,0.0000000000000000e+00,3.8623830837498946e-01,3.1415671063752004e+00,6.2824382240725232e+00,1.2096290370869109e+00,2.2356462346635273e+00
max_c_e_gamma_mixing_angles_polarization_05_local_minimum_49,C_e_gamma,polarization_cluster_05_local_minimum_49,2.4087443382538694e+00,2.9841933602903046e+00,kp,6.8093169525132324e-01,-6.0850498863755031e-01,4.3029744755705034e-04,-2.8675037041277429e-01,6.7268438459989677e-01,3.1408855149732342e+00,1.4126523365763074e+01,3.7585267546956578e+00,1.7605344086883232e+00,1.6153801598012341e+00,0.0000000000000000e+00,0.0000000000000000e+00,3.1415926535897931e+00,0.0000000000000000e+00,3.8623830837498946e-01,3.1415671063752004e+00,6.2824382240725232e+00,1.2096290370869109e+00,2.2356462346635273e+00
max_c_e_gamma_mixing_angles_polarization_05_local_minimum_49,C_e_gamma,polarization_cluster_05_local_minimum_49,2.4087443382538694e+00,2.9841933602903046e+00,pp,1.8679660223567933e+00,6.0852405375142571e-01,-4.5461812537852885e-04,1.4963794071049470e+00,1.6153801598012341e+00,6.2824382240725232e+00,1.4126523365763074e+01,3.7585267546956578e+00,1.7605344086883232e+00,1.6153801598012341e+00,0.0000000000000000e+00,0.0000000000000000e+00,3.1415926535897931e+00,0.0000000000000000e+00,3.8623830837498946e-01,3.1415671063752004e+00,6.2824382240725232e+00,1.2096290370869109e+00,2.2356462346635273e+00
max_c_e_gamma_mixing_angles_polarization_05_local_minimum_49,C_e_gamma,polarization_cluster_05_local_minimum_49,2.4087443382538694e+00,2.9841933602903046e+00,qout,1.2096290370869109e+00,-1.9065113875361341e-05,2.4320677821478522e-05,-1.2096290366921727e+00,1.2096290370869109e+00,2.2356462346635273e+00,1.4126523365763074e+01,3.7585267546956578e+00,1.7605344086883232e+00,1.6153801598012341e+00,0.0000000000000000e+00,0.0000000000000000e+00,3.1415926535897931e+00,0.0000000000000000e+00,3.8623830837498946e-01,3.1415671063752004e+00,6.2824382240725232e+00,1.2096290370869109e+00,2.2356462346635273e+00
max_c_e_gamma_mixing_angles_polarization_05_local_minimum_52,C_e_gamma,polarization_cluster_05_local_minimum_52,2.3684460639440807e+00,2.9667287068203381e+00,k,2.1506313856662946e+00,0.0000000000000000e+00,0.0000000000000000e+00,-2.1480343723273210e+00,2.1480343723273210e+00,0.0000000000000000e+00,2.0200866939844172e+01,4.4945374556058795e+00,2.1480343723273210e+00,2.0127029547267852e+00,0.0000000000000000e+00,0.0000000000000000e+00,3.1415926535897931e+00,0.0000000000000000e+00,3.1381977274936629e-01,3.1391055462305659e+00,6.2822673687455364e+00,1.5485439448009235e+00,3.1311905555914836e+00
max_c_e_gamma_mixing_angles_polarization_05_local_minimum_52,C_e_gamma,polarization_cluster_05_local_minimum_52,2.3684460639440807e+00,2.9667287068203381e+00,p,2.3439060699395844e+00,0.0000000000000000e+00,0.0000000000000000e+00,2.1480343723273210e+00,2.1480343723273210e+00,0.0000000000000000e+00,2.0200866939844172e+01,4.4945374556058795e+00,2.1480343723273210e+00,2.0127029547267852e+00,0.0000000000000000e+00,0.0000000000000000e+00,3.1415926535897931e+00,0.0000000000000000e+00,3.1381977274936629e-01,3.1391055462305659e+00,6.2822673687455364e+00,1.5485439448009235e+00,3.1311905555914836e+00
max_c_e_gamma_mixing_angles_polarization_05_local_minimum_52,C_e_gamma,polarization_cluster_05_local_minimum_52,2.3684460639440807e+00,2.9667287068203381e+00,kp,7.2544916673829773e-01,-6.1745808253859769e-01,5.3026198932120446e-04,-3.6586614538376239e-01,7.1771359274294888e-01,3.1407338716352613e+00,2.0200866939844172e+01,4.4945374556058795e+00,2.1480343723273210e+00,2.0127029547267852e+00,0.0000000000000000e+00,0.0000000000000000e+00,3.1415926535897931e+00,0.0000000000000000e+00,3.1381977274936629e-01,3.1391055462305659e+00,6.2822673687455364e+00,1.5485439448009235e+00,3.1311905555914836e+00
max_c_e_gamma_mixing_angles_polarization_05_local_minimum_52,C_e_gamma,polarization_cluster_05_local_minimum_52,2.3684460639440807e+00,2.9667287068203381e+00,pp,2.2205443440665471e+00,6.2130926524380958e-01,-5.7032381418576587e-04,1.9144053007706796e+00,2.0127029547267852e+00,6.2822673687455364e+00,2.0200866939844172e+01,4.4945374556058795e+00,2.1480343723273210e+00,2.0127029547267852e+00,0.0000000000000000e+00,0.0000000000000000e+00,3.1415926535897931e+00,0.0000000000000000e+00,3.1381977274936629e-01,3.1391055462305659e+00,6.2822673687455364e+00,1.5485439448009235e+00,3.1311905555914836e+00
max_c_e_gamma_mixing_angles_polarization_05_local_minimum_52,C_e_gamma,polarization_cluster_05_local_minimum_52,2.3684460639440807e+00,2.9667287068203381e+00,qout,1.5485439448009235e+00,-3.8511827052119031e-03,4.0061824864561402e-05,-1.5485391553869172e+00,1.5485439448009235e+00,3.1311905555914836e+00,2.0200866939844172e+01,4.4945374556058795e+00,2.1480343723273210e+00,2.0127029547267852e+00,0.0000000000000000e+00,0.0000000000000000e+00,3.1415926535897931e+00,0.0000000000000000e+00,3.1381977274936629e-01,3.1391055462305659e+00,6.2822673687455364e+00,1.5485439448009235e+00,3.1311905555914836e+00
max_c_e_gamma_mixing_angles_polarization_05_local_minimum_53,C_e_gamma,polarization_cluster_05_local_minimum_53,1.6879852646520597e+00,3.0536085963063857e+00,k,2.4120282096550696e+00,0.0000000000000000e+00,0.0000000000000000e+00,-2.4097129272713258e+00,2.4097129272713258e+00,0.0000000000000000e+00,2.4978670958974977e+01,4.9978666407753405e+00,2.4097129272713258e+00,1.5014105776842857e+00,0.0000000000000000e+00,0.0000000000000000e+00,3.1415926535897931e+00,0.0000000000000000e+00,2.1815474774843930e+00,2.0614055899180319e+00,6.2830389121591921e+00,1.5271588209325959e+00,2.6655538277605575e+00
max_c_e_gamma_mixing_angles_polarization_05_local_minimum_53,C_e_gamma,polarization_cluster_05_local_minimum_53,1.6879852646520597e+00,3.0536085963063857e+00,p,2.5858384311202705e+00,0.0000000000000000e+00,0.0000000000000000e+00,2.4097129272713258e+00,2.4097129272713258e+00,0.0000000000000000e+00,2.4978670958974977e+01,4.9978666407753405e+00,2.4097129272713258e+00,1.5014105776842857e+00,0.0000000000000000e+00,0.0000000000000000e+00,3.1415926535897931e+00,0.0000000000000000e+00,2.1815474774843930e+00,2.0614055899180319e+00,6.2830389121591921e+00,1.5271588209325959e+00,2.6655538277605575e+00
max_c_e_gamma_mixing_angles_polarization_05_local_minimum_53,C_e_gamma,polarization_cluster_05_local_minimum_53,1.6879852646520597e+00,3.0536085963063857e+00,kp,1.7003751610510840e+00,-3.2723505284493859e-02,-6.1710999953329071e-01,1.5805747108833921e+00,1.6970892716666972e+00,4.6594115766936355e+00,2.4978670958974977e+01,4.9978666407753405e+00,2.4097129272713258e+00,1.5014105776842857e+00,0.0000000000000000e+00,0.0000000000000000e+00,3.1415926535897931e+00,0.0000000000000000e+00,2.1815474774843930e+00,2.0614055899180319e+00,6.2830389121591921e+00,1.5271588209325959e+00,2.6655538277605575e+00
max_c_e_gamma_mixing_angles_polarization_05_local_minimum_53,C_e_gamma,polarization_cluster_05_local_minimum_53,1.6879852646520597e+00,3.0536085963063857e+00,pp,1.7703326587910704e+00,1.2299817720078534e+00,-1.8006320788416808e-04,-8.6103340869441458e-01,1.5014105776842859e+00,6.2830389121591921e+00,2.4978670958974977e+01,4.9978666407753405e+00,2.4097129272713258e+00,1.5014105776842857e+00,0.0000000000000000e+00,0.0000000000000000e+00,3.1415926535897931e+00,0.0000000000000000e+00,2.1815474774843930e+00,2.0614055899180319e+00,6.2830389121591921e+00,1.5271588209325959e+00,2.6655538277605575e+00
max_c_e_gamma_mixing_angles_polarization_05_local_minimum_53,C_e_gamma,polarization_cluster_05_local_minimum_53,1.6879852646520597e+00,3.0536085963063857e+00,qout,1.5271588209325959e+00,-1.1972582667233596e+00,6.1729006274117493e-01,-7.1954130218897749e-01,1.5271588209325957e+00,2.6655538277605575e+00,2.4978670958974977e+01,4.9978666407753405e+00,2.4097129272713258e+00,1.5014105776842857e+00,0.0000000000000000e+00,0.0000000000000000e+00,3.1415926535897931e+00,0.0000000000000000e+00,2.1815474774843930e+00,2.0614055899180319e+00,6.2830389121591921e+00,1.5271588209325959e+00,2.6655538277605575e+00
max_c_e_gamma_mixing_angles_polarization_05_local_minimum_54,C_e_gamma,polarization_cluster_05_local_minimum_54,1.4058043441733619e+00,3.0365323139087574e+00,k,2.2368820929988629e+00,0.0000000000000000e+00,0.0000000000000000e+00,-2.2343853306145909e+00,2.2343853306145909e+00,0.0000000000000000e+00,2.1717179670144418e+01,4.6601694894225050e+00,2.2343853306145909e+00,1.7051635087767463e+00,0.0000000000000000e+00,0.0000000000000000e+00,3.1415926535897931e+00,0.0000000000000000e+00,2.1063322820559218e+00,1.5388855767680862e+00,6.2829552100614032e+00,1.6688574568724139e+00,2.7481874043888457e+00
max_c_e_gamma_mixing_angles_polarization_05_local_minimum_54,C_e_gamma,polarization_cluster_05_local_minimum_54,1.4058043441733619e+00,3.0365323139087574e+00,p,2.4232873964236421e+00,0.0000000000000000e+00,0.0000000000000000e+00,2.2343853306145909e+00,2.2343853306145909e+00,0.0000000000000000e+00,2.1717179670144418e+01,4.6601694894225050e+00,2.2343853306145909e+00,1.7051635087767463e+00,0.0000000000000000e+00,0.0000000000000000e+00,3.1415926535897931e+00,0.0000000000000000e+00,2.1063322820559218e+00,1.5388855767680862e+00,6.2829552100614032e+00,1.6688574568724139e+00,2.7481874043888457e+00
max_c_e_gamma_mixing_angles_polarization_05_local_minimum_54,C_e_gamma,polarization_cluster_05_local_minimum_54,1.4058043441733619e+00,3.0365323139087574e+00,kp,1.0451808469243851e+00,7.4154667603901325e-02,-6.3906961298420151e-01,8.1690294741606451e-01,1.0398265771099888e+00,4.8279077250909808e+00,2.1717179670144418e+01,4.6601694894225050e+00,2.2343853306145909e+00,1.7051635087767463e+00,0.0000000000000000e+00,0.0000000000000000e+00,3.1415926535897931e+00,0.0000000000000000e+00,2.1063322820559218e+00,1.5388855767680862e+00,6.2829552100614032e+00,1.6688574568724139e+00,2.7481874043888457e+00
max_c_e_gamma_mixing_angles_polarization_05_local_minimum_54,C_e_gamma,polarization_cluster_05_local_minimum_54,1.4058043441733619e+00,3.0365323139087574e+00,pp,1.9461311856254255e+00,1.4664324855876660e+00,-3.3742189489891861e-04,-8.7014840287359574e-01,1.7051635087767463e+00,6.2829552100614032e+00,2.1717179670144418e+01,4.6601694894225050e+00,2.2343853306145909e+00,1.7051635087767463e+00,0.0000000000000000e+00,0.0000000000000000e+00,3.1415926535897931e+00,0.0000000000000000e+00,2.1063322820559218e+00,1.5388855767680862e+00,6.2829552100614032e+00,1.6688574568724139e+00,2.7481874043888457e+00
max_c_e_gamma_mixing_angles_polarization_05_local_minimum_54,C_e_gamma,polarization_cluster_05_local_minimum_54,1.4058043441733619e+00,3.0365323139087574e+00,qout,1.6688574568724139e+00,-1.5405871531915674e+00,6.3940703487910044e-01,5.3245455457531260e-02,1.6688574568724139e+00,2.7481874043888457e+00,2.1717179670144418e+01,4.6601694894225050e+00,2.2343853306145909e+00,1.7051635087767463e+00,0.0000000000000000e+00,0.0000000000000000e+00,3.1415926535897931e+00,0.0000000000000000e+00,2.1063322820559218e+00,1.5388855767680862e+00,6.2829552100614032e+00,1.6688574568724139e+00,2.7481874043888457e+00
max_c_e_gamma_mixing_angles_polarization_05_local_minimum_56,C_e_gamma,polarization_cluster_05_local_minimum_56,1.6137848201929790e+00,3.0886774289343526e+00,k,2.0917684710160214e+00,0.0000000000000000e+00,0.0000000000000000e+00,-2.0890982849122741e+00,2.0890982849122741e+00,0.0000000000000000e+00,1.9200039673339504e+01,4.3817849871187775e+00,2.0890982849122741e+00,1.4684027462399343e+00,0.0000000000000000e+00,0.0000000000000000e+00,3.1415926535897931e+00,0.0000000000000000e+00,2.6125108926386593e+00,2.1768831929229404e+00,7.7748036776326845e-05,8.4226187294382704e-01,2.5711970956515438e+00
max_c_e_gamma_mixing_angles_polarization_05_local_minimum_56,C_e_gamma,polarization_cluster_05_local_minimum_56,1.6137848201929790e+00,3.0886774289343526e+00,p,2.2900165161027561e+00,0.0000000000000000e+00,0.0000000000000000e+00,2.0890982849122741e+00,2.0890982849122741e+00,0.0000000000000000e+00,1.9200039673339504e+01,4.3817849871187775e+00,2.0890982849122741e+00,1.4684027462399343e+00,0.0000000000000000e+00,0.0000000000000000e+00,3.1415926535897931e+00,0.0000000000000000e+00,2.6125108926386593e+00,2.1768831929229404e+00,7.7748036776326845e-05,8.4226187294382704e-01,2.5711970956515438e+00
max_c_e_gamma_mixing_angles_polarization_05_local_minimum_56,C_e_gamma,polarization_cluster_05_local_minimum_56,1.6137848201929790e+00,3.0886774289343526e+00,kp,1.7970964657430408e+00,-1.5851223098301004e-01,-3.7384360216422113e-01,1.7474286390644105e+00,1.7939877410040541e+00,4.3113598794976706e+00,1.9200039673339504e+01,4.3817849871187775e+00,2.0890982849122741e+00,1.4684027462399343e+00,0.0000000000000000e+00,0.0000000000000000e+00,3.1415926535897931e+00,0.0000000000000000e+00,2.6125108926386593e+00,2.1768831929229404e+00,7.7748036776326845e-05,8.4226187294382704e-01,2.5711970956515438e+00
max_c_e_gamma_mixing_angles_polarization_05_local_minimum_56,C_e_gamma,polarization_cluster_05_local_minimum_56,1.6137848201929790e+00,3.0886774289343526e+00,pp,1.7424266484317155e+00,7.4116287013727966e-01,5.7623958200788788e-05,-1.2676293708234794e+00,1.4684027462399343e+00,7.7748036776326845e-05,1.9200039673339504e+01,4.3817849871187775e+00,2.0890982849122741e+00,1.4684027462399343e+00,0.0000000000000000e+00,0.0000000000000000e+00,3.1415926535897931e+00,0.0000000000000000e+00,2.6125108926386593e+00,2.1768831929229404e+00,7.7748036776326845e-05,8.4226187294382704e-01,2.5711970956515438e+00
max_c_e_gamma_mixing_angles_polarization_05_local_minimum_56,C_e_gamma,polarization_cluster_05_local_minimum_56,1.6137848201929790e+00,3.0886774289343526e+00,qout,8.4226187294382704e-01,-5.8265063915426962e-01,3.7378597820602033e-01,-4.7979926824093122e-01,8.4226187294382704e-01,2.5711970956515438e+00,1.9200039673339504e+01,4.3817849871187775e+00,2.0890982849122741e+00,1.4684027462399343e+00,0.0000000000000000e+00,0.0000000000000000e+00,3.1415926535897931e+00,0.0000000000000000e+00,2.6125108926386593e+00,2.1768831929229404e+00,7.7748036776326845e-05,8.4226187294382704e-01,2.5711970956515438e+00
max_c_e_gamma_mixing_angles_polarization_05_local_minimum_61,C_e_gamma,polarization_cluster_05_local_minimum_61,2.3586678558455616e+00,3.1168395863130862e+00,k,2.1786795597970765e+00,0.0000000000000000e+00,0.0000000000000000e+00,-2.1761160198767628e+00,2.1761160198767628e+00,0.0000000000000000e+00,2.0687462648947925e+01,4.5483472436642227e+00,2.1761160198767628e+00,2.1648160152016356e+00,0.0000000000000000e+00,0.0000000000000000e+00,3.1415926535897931e+00,0.0000000000000000e+00,4.7522992440676440e-02,3.1116362700194693e+00,6.1358797853588971e+00,1.5380145370359120e+00,4.2873290352187308e-02
max_c_e_gamma_mixing_angles_polarization_05_local_minimum_61,C_e_gamma,polarization_cluster_05_local_minimum_61,2.3586678558455616e+00,3.1168395863130862e+00,p,2.3696676838671458e+00,0.0000000000000000e+00,0.0000000000000000e+00,2.1761160198767628e+00,2.1761160198767628e+00,0.0000000000000000e+00,2.0687462648947925e+01,4.5483472436642227e+00,2.1761160198767628e+00,2.1648160152016356e+00,0.0000000000000000e+00,0.0000000000000000e+00,3.1415926535897931e+00,0.0000000000000000e+00,4.7522992440676440e-02,3.1116362700194693e+00,6.1358797853588971e+00,1.5380145370359120e+00,4.2873290352187308e-02
max_c_e_gamma_mixing_angles_polarization_05_local_minimum_61,C_e_gamma,polarization_cluster_05_local_minimum_61,2.3586678558455616e+00,3.1168395863130862e+00,kp,6.5103781627039981e-01,-1.4775020668284791e-01,1.3119730558838995e-02,-6.2504743419685438e-01,6.4240683830484857e-01,3.0530282401288700e+00,2.0687462648947925e+01,4.5483472436642227e+00,2.1761160198767628e+00,2.1648160152016356e+00,0.0000000000000000e+00,0.0000000000000000e+00,3.1415926535897931e+00,0.0000000000000000e+00,4.7522992440676440e-02,3.1116362700194693e+00,6.1358797853588971e+00,1.5380145370359120e+00,4.2873290352187308e-02
max_c_e_gamma_mixing_angles_polarization_05_local_minimum_61,C_e_gamma,polarization_cluster_05_local_minimum_61,2.3586678558455616e+00,3.1168395863130862e+00,pp,2.3592948903588735e+00,1.0172607522363787e-01,-1.5094146395470222e-02,2.1623719273144655e+00,2.1648160152016360e+00,6.1358797853588971e+00,2.0687462648947925e+01,4.5483472436642227e+00,2.1761160198767628e+00,2.1648160152016356e+00,0.0000000000000000e+00,0.0000000000000000e+00,3.1415926535897931e+00,0.0000000000000000e+00,4.7522992440676440e-02,3.1116362700194693e+00,6.1358797853588971e+00,1.5380145370359120e+00,4.2873290352187308e-02
max_c_e_gamma_mixing_angles_polarization_05_local_minimum_61,C_e_gamma,polarization_cluster_05_local_minimum_61,2.3586678558455616e+00,3.1168395863130862e+00,qout,1.5380145370359120e+00,4.6024131459210041e-02,1.9744158366312263e-03,-1.5373244931176111e+00,1.5380145370359120e+00,4.2873290352187302e-02,2.0687462648947925e+01,4.5483472436642227e+00,2.1761160198767628e+00,2.1648160152016356e+00,0.0000000000000000e+00,0.0000000000000000e+00,3.1415926535897931e+00,0.0000000000000000e+00,4.7522992440676440e-02,3.1116362700194693e+00,6.1358797853588971e+00,1.5380145370359120e+00,4.2873290352187308e-02
max_c_e_gamma_mixing_angles_polarization_05_local_minimum_62,C_e_gamma,polarization_cluster_05_local_minimum_62,2.4098558630710696e+00,3.0017946319459452e+00,k,2.2823711857942288e+00,0.0000000000000000e+00,0.0000000000000000e+00,-2.2799242394058745e+00,2.2799242394058745e+00,0.0000000000000000e+00,2.2540756153562178e+01,4.7477106223486469e+00,2.2799242394058745e+00,2.1174653085215920e+00,0.0000000000000000e+00,0.0000000000000000e+00,3.1415926535897931e+00,0.0000000000000000e+00,2.4669595614935197e-01,3.1408877139497360e+00,1.1653144375674035e-03,1.8763474103798778e+00,3.2049667665149228e+00
max_c_e_gamma_mixing_angles_polarization_05_local_minimum_62,C_e_gamma,polarization_cluster_05_local_minimum_62,2.4098558630710696e+00,3.0017946319459452e+00,p,2.4653394365544181e+00,0.0000000000000000e+00,0.0000000000000000e+00,2.2799242394058745e+00,2.2799242394058745e+00,0.0000000000000000e+00,2.2540756153562178e+01,4.7477106223486469e+00,2.2799242394058745e+00,2.1174653085215920e+00,0.0000000000000000e+00,0.0000000000000000e+00,3.1415926535897931e+00,0.0000000000000000e+00,2.4669595614935197e-01,3.1408877139497360e+00,1.1653144375674035e-03,1.8763474103798778e+00,3.2049667665149228e+00
max_c_e_gamma_mixing_angles_polarization_05_local_minimum_62,C_e_gamma,polarization_cluster_05_local_minimum_62,2.4098558630710696e+00,3.0017946319459452e+00,kp,5.5543935035399661e-01,-5.1576734306336691e-01,-5.1880011292627557e-04,-1.7701118124053306e-01,5.4529733137836900e-01,3.1425985333627775e+00,2.2540756153562178e+01,4.7477106223486469e+00,2.2799242394058745e+00,2.1174653085215920e+00,0.0000000000000000e+00,0.0000000000000000e+00,3.1415926535897931e+00,0.0000000000000000e+00,2.4669595614935197e-01,3.1408877139497360e+00,1.1653144375674035e-03,1.8763474103798778e+00,3.2049667665149228e+00
max_c_e_gamma_mixing_angles_polarization_05_local_minimum_62,C_e_gamma,polarization_cluster_05_local_minimum_62,2.4098558630710696e+00,3.0017946319459452e+00,pp,2.3159238616138573e+00,5.1708739932199999e-01,6.0256968466885455e-04,2.0533581254044866e+00,2.1174653085215924e+00,1.1653144375674035e-03,2.2540756153562178e+01,4.7477106223486469e+00,2.2799242394058745e+00,2.1174653085215920e+00,0.0000000000000000e+00,0.0000000000000000e+00,3.1415926535897931e+00,0.0000000000000000e+00,2.4669595614935197e-01,3.1408877139497360e+00,1.1653144375674035e-03,1.8763474103798778e+00,3.2049667665149228e+00
max_c_e_gamma_mixing_angles_polarization_05_local_minimum_62,C_e_gamma,polarization_cluster_05_local_minimum_62,2.4098558630710696e+00,3.0017946319459452e+00,qout,1.8763474103798778e+00,-1.3200562586331204e-03,-8.3769571742578930e-05,-1.8763469441639535e+00,1.8763474103798778e+00,3.2049667665149224e+00,2.2540756153562178e+01,4.7477106223486469e+00,2.2799242394058745e+00,2.1174653085215920e+00,0.0000000000000000e+00,0.0000000000000000e+00,3.1415926535897931e+00,0.0000000000000000e+00,2.4669595614935197e-01,3.1408877139497360e+00,1.1653144375674035e-03,1.8763474103798778e+00,3.2049667665149228e+00
max_c_e_gamma_mixing_angles_polarization_05_local_minimum_69,C_e_gamma,polarization_cluster_05_local_minimum_69,7.6426905446843119e-01,3.1409929701183841e+00,k,2.3417496961192947e+00,0.0000000000000000e+00,0.0000000000000000e+00,-2.3393648597346912e+00,2.3393648597346912e+00,0.0000000000000000e+00,2.3640607287006016e+01,4.8621607631798867e+00,2.3393648597346912e+00,2.3321682705621822e+00,0.0000000000000000e+00,0.0000000000000000e+00,3.1415926535897931e+00,0.0000000000000000e+00,2.4189904134187604e-02,3.0867385687922893e+00,4.5689647053872884e+00,1.8701696621794655e+00,1.4914471680823997e+00
max_c_e_gamma_mixing_angles_polarization_05_local_minimum_69,C_e_gamma,polarization_cluster_05_local_minimum_69,7.6426905446843119e-01,3.1409929701183841e+00,p,2.5204110670605919e+00,0.0000000000000000e+00,0.0000000000000000e+00,2.3393648597346912e+00,2.3393648597346912e+00,0.0000000000000000e+00,2.3640607287006016e+01,4.8621607631798867e+00,2.3393648597346912e+00,2.3321682705621822e+00,0.0000000000000000e+00,0.0000000000000000e+00,3.1415926535897931e+00,0.0000000000000000e+00,2.4189904134187604e-02,3.0867385687922893e+00,4.5689647053872884e+00,1.8701696621794655e+00,1.4914471680823997e+00
max_c_e_gamma_mixing_angles_polarization_05_local_minimum_69,C_e_gamma,polarization_cluster_05_local_minimum_69,7.6426905446843119e-01,3.1409929701183841e+00,kp,4.7825825079265172e-01,-6.4759491279159018e-05,-4.6382147320353104e-02,-4.6412924315766757e-01,4.6644105966129096e-01,4.7109927653981174e+00,2.3640607287006016e+01,4.8621607631798867e+00,2.3393648597346912e+00,2.3321682705621822e+00,0.0000000000000000e+00,0.0000000000000000e+00,3.1415926535897931e+00,0.0000000000000000e+00,2.4189904134187604e-02,3.0867385687922893e+00,4.5689647053872884e+00,1.8701696621794655e+00,1.4914471680823997e+00
max_c_e_gamma_mixing_angles_polarization_05_local_minimum_69,C_e_gamma,polarization_cluster_05_local_minimum_69,7.6426905446843119e-01,3.1409929701183841e+00,pp,2.5137328502084304e+00,-8.0627718529023770e-03,-5.5830233370370214e-02,2.3314859679974180e+00,2.3321682705621822e+00,4.5689647053872884e+00,2.3640607287006016e+01,4.8621607631798867e+00,2.3393648597346912e+00,2.3321682705621822e+00,0.0000000000000000e+00,0.0000000000000000e+00,3.1415926535897931e+00,0.0000000000000000e+00,2.4189904134187604e-02,3.0867385687922893e+00,4.5689647053872884e+00,1.8701696621794655e+00,1.4914471680823997e+00
max_c_e_gamma_mixing_angles_polarization_05_local_minimum_69,C_e_gamma,polarization_cluster_05_local_minimum_69,7.6426905446843119e-01,3.1409929701183841e+00,qout,1.8701696621794655e+00,8.1275313441815360e-03,1.0221238069072332e-01,-1.8673567248397505e+00,1.8701696621794652e+00,1.4914471680823997e+00,2.3640607287006016e+01,4.8621607631798867e+00,2.3393648597346912e+00,2.3321682705621822e+00,0.0000000000000000e+00,0.0000000000000000e+00,3.1415926535897931e+00,0.0000000000000000e+00,2.4189904134187604e-02,3.0867385687922893e+00,4.5689647053872884e+00,1.8701696621794655e+00,1.4914471680823997e+00
max_c_e_gamma_mixing_angles_polarization_05_local_minimum_75,C_e_gamma,polarization_cluster_05_local_minimum_75,6.7601540279946815e-01,3.0520345879187909e+00,k,1.7987026844500098e+00,0.0000000000000000e+00,0.0000000000000000e+00,-1.7955967405668716e+00,1.7955967405668716e+00,0.0000000000000000e+00,1.4627096443059022e+01,3.8245387229127408e+00,1.7955967405668716e+00,1.7084057990241761e+00,0.0000000000000000e+00,0.0000000000000000e+00,3.1415926535897931e+00,0.0000000000000000e+00,2.0954320198332782e-01,3.1354605608428314e+00,6.2715196615346587e+00,1.4219135175919710e+00,6.2674887379107744e+00
max_c_e_gamma_mixing_angles_polarization_05_local_minimum_75,C_e_gamma,polarization_cluster_05_local_minimum_75,6.7601540279946815e-01,3.0520345879187909e+00,p,2.0258360384627312e+00,0.0000000000000000e+00,0.0000000000000000e+00,1.7955967405668716e+00,1.7955967405668716e+00,0.0000000000000000e+00,1.4627096443059022e+01,3.8245387229127408e+00,1.7955967405668716e+00,1.7084057990241761e+00,0.0000000000000000e+00,0.0000000000000000e+00,3.1415926535897931e+00,0.0000000000000000e+00,2.0954320198332782e-01,3.1354605608428314e+00,6.2715196615346587e+00,1.4219135175919710e+00,6.2674887379107744e+00
max_c_e_gamma_mixing_angles_polarization_05_local_minimum_75,C_e_gamma,polarization_cluster_05_local_minimum_75,6.7601540279946815e-01,3.0520345879187909e+00,kp,4.5365255950516842e-01,-3.6406480920541545e-01,4.2823926540053242e-03,-2.4914940947887620e-01,4.4117678138393840e-01,3.1298304753844439e+00,1.4627096443059022e+01,3.8245387229127408e+00,1.7955967405668716e+00,1.7084057990241761e+00,0.0000000000000000e+00,0.0000000000000000e+00,3.1415926535897931e+00,0.0000000000000000e+00,2.0954320198332782e-01,3.1354605608428314e+00,6.2715196615346587e+00,1.4219135175919710e+00,6.2674887379107744e+00
max_c_e_gamma_mixing_angles_polarization_05_local_minimum_75,C_e_gamma,polarization_cluster_05_local_minimum_75,6.7601540279946815e-01,3.0520345879187909e+00,pp,1.9489726458161063e+00,3.5534663239442105e-01,-4.1455359479197745e-03,1.6710361933594025e+00,1.7084057990241761e+00,6.2715196615346587e+00,1.4627096443059022e+01,3.8245387229127408e+00,1.7955967405668716e+00,1.7084057990241761e+00,0.0000000000000000e+00,0.0000000000000000e+00,3.1415926535897931e+00,0.0000000000000000e+00,2.0954320198332782e-01,3.1354605608428314e+00,6.2715196615346587e+00,1.4219135175919710e+00,6.2674887379107744e+00
max_c_e_gamma_mixing_angles_polarization_05_local_minimum_75,C_e_gamma,polarization_cluster_05_local_minimum_75,6.7601540279946815e-01,3.0520345879187909e+00,qout,1.4219135175919710e+00,8.7181768109944116e-03,-1.3685670608554995e-04,-1.4218867838805263e+00,1.4219135175919708e+00,6.2674887379107744e+00,1.4627096443059022e+01,3.8245387229127408e+00,1.7955967405668716e+00,1.7084057990241761e+00,0.0000000000000000e+00,0.0000000000000000e+00,3.1415926535897931e+00,0.0000000000000000e+00,2.0954320198332782e-01,3.1354605608428314e+00,6.2715196615346587e+00,1.4219135175919710e+00,6.2674887379107744e+00
max_c_e_gamma_mixing_angles_polarization_05_local_minimum_76,C_e_gamma,polarization_cluster_05_local_minimum_76,1.5746750230288944e+00,3.1415871084415823e+00,k,2.2072399559335887e+00,0.0000000000000000e+00,0.0000000000000000e+00,-2.2047096250428107e+00,2.2047096250428107e+00,0.0000000000000000e+00,2.1189381071667899e+01,4.6031924869233851e+00,2.2047096250428107e+00,1.2848745543076447e+00,0.0000000000000000e+00,0.0000000000000000e+00,3.1415926535897931e+00,0.0000000000000000e+00,3.1415926535897931e+00,2.3746241318684511e+00,3.0564004508846181e+00,9.4123968944509362e-01,3.1873243594393613e-04
max_c_e_gamma_mixing_angles_polarization_05_local_minimum_76,C_e_gamma,polarization_cluster_05_local_minimum_76,1.5746750230288944e+00,3.1415871084415823e+00,p,2.3959525309897960e+00,0.0000000000000000e+00,0.0000000000000000e+00,2.2047096250428107e+00,2.2047096250428107e+00,0.0000000000000000e+00,2.1189381071667899e+01,4.6031924869233851e+00,2.2047096250428107e+00,1.2848745543076447e+00,0.0000000000000000e+00,0.0000000000000000e+00,3.1415926535897931e+00,0.0000000000000000e+00,3.1415926535897931e+00,2.3746241318684511e+00,3.0564004508846181e+00,9.4123968944509362e-01,3.1873243594393613e-04
max_c_e_gamma_mixing_angles_polarization_05_local_minimum_76,C_e_gamma,polarization_cluster_05_local_minimum_76,1.5746750230288944e+00,3.1415871084415823e+00,kp,2.0711207446487876e+00,-6.5317862630320900e-01,-2.0818922171815562e-04,1.9625837779313142e+00,2.0684239039909711e+00,3.1419113860257371e+00,2.1189381071667899e+01,4.6031924869233851e+00,2.2047096250428107e+00,1.2848745543076447e+00,0.0000000000000000e+00,0.0000000000000000e+00,3.1415926535897931e+00,0.0000000000000000e+00,3.1415926535897931e+00,2.3746241318684511e+00,3.0564004508846181e+00,9.4123968944509362e-01,3.1873243594393613e-04
max_c_e_gamma_mixing_angles_polarization_05_local_minimum_76,C_e_gamma,polarization_cluster_05_local_minimum_76,1.5746750230288944e+00,3.1415871084415823e+00,pp,1.5908320528287292e+00,-1.5678108949180275e-16,1.3388933043470865e-17,-1.2848745543076447e+00,1.2848745543076447e+00,3.0564004508846181e+00,2.1189381071667899e+01,4.6031924869233851e+00,2.2047096250428107e+00,1.2848745543076447e+00,0.0000000000000000e+00,0.0000000000000000e+00,3.1415926535897931e+00,0.0000000000000000e+00,3.1415926535897931e+00,2.3746241318684511e+00,3.0564004508846181e+00,9.4123968944509362e-01,3.1873243594393613e-04
max_c_e_gamma_mixing_angles_polarization_05_local_minimum_76,C_e_gamma,polarization_cluster_05_local_minimum_76,1.5746750230288944e+00,3.1415871084415823e+00,qout,9.4123968944509362e-01,6.5317862630320911e-01,2.0818922171814223e-04,-6.7770922362366948e-01,9.4123968944509351e-01,3.1873243594393613e-04,2.1189381071667899e+01,4.6031924869233851e+00,2.2047096250428107e+00,1.2848745543076447e+00,0.0000000000000000e+00,0.0000000000000000e+00,3.1415926535897931e+00,0.0000000000000000e+00,3.1415926535897931e+00,2.3746241318684511e+00,3.0564004508846181e+00,9.4123968944509362e-01,3.1873243594393613e-04
max_c_e_gamma_mixing_angles_polarization_05_local_minimum_78,C_e_gamma,polarization_cluster_05_local_minimum_78,7.0766384709314722e-01,3.1182761456139318e+00,k,1.5259205963597897e+00,0.0000000000000000e+00,0.0000000000000000e+00,-1.5222581824650236e+00,1.5222581824650236e+00,0.0000000000000000e+00,1.0982384750947903e+01,3.3139681276300625e+00,1.5222581824650236e+00,1.4975732251791538e+00,0.0000000000000000e+00,0.0000000000000000e+00,3.1415926535897931e+00,0.0000000000000000e+00,1.0211046918804642e-01,3.1179179695898545e+00,6.2830674243144218e+00,1.1364025537900371e+00,0.0000000000000000e+00
max_c_e_gamma_mixing_angles_polarization_05_local_minimum_78,C_e_gamma,polarization_cluster_05_local_minimum_78,7.0766384709314722e-01,3.1182761456139318e+00,p,1.7880475312702728e+00,0.0000000000000000e+00,0.0000000000000000e+00,1.5222581824650236e+00,1.5222581824650236e+00,0.0000000000000000e+00,1.0982384750947903e+01,3.3139681276300625e+00,1.5222581824650236e+00,1.4975732251791538e+00,0.0000000000000000e+00,0.0000000000000000e+00,3.1415926535897931e+00,0.0000000000000000e+00,1.0211046918804642e-01,3.1179179695898545e+00,6.2830674243144218e+00,1.1364025537900371e+00,0.0000000000000000e+00
max_c_e_gamma_mixing_angles_polarization_05_local_minimum_78,C_e_gamma,polarization_cluster_05_local_minimum_78,7.0766384709314722e-01,3.1182761456139318e+00,kp,4.1048618547796140e-01,-1.7955376598662867e-01,1.7995091500345498e-05,-3.5368864973468406e-01,3.9665503419841824e-01,3.1414924324034472e+00,1.0982384750947903e+01,3.3139681276300625e+00,1.5222581824650236e+00,1.4975732251791538e+00,0.0000000000000000e+00,0.0000000000000000e+00,3.1415926535897931e+00,0.0000000000000000e+00,1.0211046918804642e-01,3.1179179695898545e+00,6.2830674243144218e+00,1.1364025537900371e+00,0.0000000000000000e+00
max_c_e_gamma_mixing_angles_polarization_05_local_minimum_78,C_e_gamma,polarization_cluster_05_local_minimum_78,7.0766384709314722e-01,3.1182761456139318e+00,pp,1.7670793883619074e+00,1.5265230779594977e-01,-1.7995091500345498e-05,1.4897727468893502e+00,1.4975732251791538e+00,6.2830674243144218e+00,1.0982384750947903e+01,3.3139681276300625e+00,1.5222581824650236e+00,1.4975732251791538e+00,0.0000000000000000e+00,0.0000000000000000e+00,3.1415926535897931e+00,0.0000000000000000e+00,1.0211046918804642e-01,3.1179179695898545e+00,6.2830674243144218e+00,1.1364025537900371e+00,0.0000000000000000e+00
max_c_e_gamma_mixing_angles_polarization_05_local_minimum_78,C_e_gamma,polarization_cluster_05_local_minimum_78,7.0766384709314722e-01,3.1182761456139318e+00,qout,1.1364025537900371e+00,2.6901458190678917e-02,0.0000000000000000e+00,-1.1360840971546662e+00,1.1364025537900369e+00,0.0000000000000000e+00,1.0982384750947903e+01,3.3139681276300625e+00,1.5222581824650236e+00,1.4975732251791538e+00,0.0000000000000000e+00,0.0000000000000000e+00,3.1415926535897931e+00,0.0000000000000000e+00,1.0211046918804642e-01,3.1179179695898545e+00,6.2830674243144218e+00,1.1364025537900371e+00,0.0000000000000000e+00
max_c_e_gamma_mixing_angles_polarization_05_local_minimum_82,C_e_gamma,polarization_cluster_05_local_minimum_82,7.1229121165196041e-01,3.1237948648535965e+00,k,1.5076404168574880e+00,0.0000000000000000e+00,0.0000000000000000e+00,-1.5039334873021881e+00,1.5039334873021881e+00,0.0000000000000000e+00,1.0759142914320956e+01,3.2801132471792736e+00,1.5039334873021881e+00,1.4869265717868110e+00,0.0000000000000000e+00,0.0000000000000000e+00,3.1415926535897931e+00,0.0000000000000000e+00,8.3573539377790412e-02,3.1113142486407970e+00,1.8591730330015129e-04,1.0560861728428295e+00,1.6158773116844042e-04
max_c_e_gamma_mixing_angles_polarization_05_local_minimum_82,C_e_gamma,polarization_cluster_05_local_minimum_82,7.1229121165196041e-01,3.1237948648535965e+00,p,1.7724728303217854e+00,0.0000000000000000e+00,0.0000000000000000e+00,1.5039334873021881e+00,1.5039334873021881e+00,0.0000000000000000e+00,1.0759142914320956e+01,3.2801132471792736e+00,1.5039334873021881e+00,1.4869265717868110e+00,0.0000000000000000e+00,0.0000000000000000e+00,3.1415926535897931e+00,0.0000000000000000e+00,8.3573539377790412e-02,3.1113142486407970e+00,1.8591730330015129e-04,1.0560861728428295e+00,1.6158773116844042e-04
max_c_e_gamma_mixing_angles_polarization_05_local_minimum_82,C_e_gamma,polarization_cluster_05_local_minimum_82,7.1229121165196041e-01,3.1237948648535965e+00,kp,4.6596148116728042e-01,-1.5609482471176070e-01,-2.8242870944551639e-05,-4.2613473751719866e-01,4.5382420563287151e-01,3.1417735876514348e+00,1.0759142914320956e+01,3.2801132471792736e+00,1.5039334873021881e+00,1.4869265717868110e+00,0.0000000000000000e+00,0.0000000000000000e+00,3.1415926535897931e+00,0.0000000000000000e+00,8.3573539377790412e-02,3.1113142486407970e+00,1.8591730330015129e-04,1.0560861728428295e+00,1.6158773116844042e-04
max_c_e_gamma_mixing_angles_polarization_05_local_minimum_82,C_e_gamma,polarization_cluster_05_local_minimum_82,7.1229121165196041e-01,3.1237948648535965e+00,pp,1.7580655931692872e+00,1.2412310603107997e-01,2.3076633416420285e-05,1.4817368470488763e+00,1.4869265717868112e+00,1.8591730330015129e-04,1.0759142914320956e+01,3.2801132471792736e+00,1.5039334873021881e+00,1.4869265717868110e+00,0.0000000000000000e+00,0.0000000000000000e+00,3.1415926535897931e+00,0.0000000000000000e+00,8.3573539377790412e-02,3.1113142486407970e+00,1.8591730330015129e-04,1.0560861728428295e+00,1.6158773116844042e-04
max_c_e_gamma_mixing_angles_polarization_05_local_minimum_82,C_e_gamma,polarization_cluster_05_local_minimum_82,7.1229121165196041e-01,3.1237948648535965e+00,qout,1.0560861728428295e+00,3.1971718680680730e-02,5.1662375281313540e-06,-1.0556021095316777e+00,1.0560861728428295e+00,1.6158773116844042e-04,1.0759142914320956e+01,3.2801132471792736e+00,1.5039334873021881e+00,1.4869265717868110e+00,0.0000000000000000e+00,0.0000000000000000e+00,3.1415926535897931e+00,0.0000000000000000e+00,8.3573539377790412e-02,3.1113142486407970e+00,1.8591730330015129e-04,1.0560861728428295e+00,1.6158773116844042e-04
max_c_e_gamma_mixing_angles_polarization_05_local_minimum_88,C_e_gamma,polarization_cluster_05_local_minimum_88,1.5669211968078163e+00,3.1415862062529820e+00,k,2.1998138855289300e+00,0.0000000000000000e+00,0.0000000000000000e+00,-2.1972750029644876e+00,2.1972750029644876e+00,0.0000000000000000e+00,2.1058250943938798e+01,4.5889269926573029e+00,2.1972750029644876e+00,1.2888947893154192e+00,0.0000000000000000e+00,0.0000000000000000e+00,3.1415926535897931e+00,0.0000000000000000e+00,3.1415926535897931e+00,2.3713279910735254e+00,3.3150275142579511e+00,9.3071924762855551e-01,3.1415645869153384e+00
max_c_e_gamma_mixing_angles_polarization_05_local_minimum_88,C_e_gamma,polarization_cluster_05_local_minimum_88,1.5669211968078163e+00,3.1415862062529820e+00,p,2.3891131071283733e+00,0.0000000000000000e+00,0.0000000000000000e+00,2.1972750029644876e+00,2.1972750029644876e+00,0.0000000000000000e+00,2.1058250943938798e+01,4.5889269926573029e+00,2.1972750029644876e+00,1.2888947893154192e+00,0.0000000000000000e+00,0.0000000000000000e+00,3.1415926535897931e+00,0.0000000000000000e+00,3.1415926535897931e+00,2.3713279910735254e+00,3.3150275142579511e+00,9.3071924762855551e-01,3.1415645869153384e+00
max_c_e_gamma_mixing_angles_polarization_05_local_minimum_88,C_e_gamma,polarization_cluster_05_local_minimum_88,1.5669211968078163e+00,3.1415862062529820e+00,kp,2.0641268882579573e+00,6.4808328301507956e-01,-1.8189542528786651e-05,1.9568965676452388e+00,2.0614208979527153e+00,6.2831572405051315e+00,2.1058250943938798e+01,4.5889269926573029e+00,2.1972750029644876e+00,1.2888947893154192e+00,0.0000000000000000e+00,0.0000000000000000e+00,3.1415926535897931e+00,0.0000000000000000e+00,3.1415926535897931e+00,2.3713279910735254e+00,3.3150275142579511e+00,9.3071924762855551e-01,3.1415645869153384e+00
max_c_e_gamma_mixing_angles_polarization_05_local_minimum_88,C_e_gamma,polarization_cluster_05_local_minimum_88,1.5669211968078163e+00,3.1415862062529820e+00,pp,1.5940808567712113e+00,-1.5547608495144663e-16,-2.7238631886361646e-17,-1.2888947893154192e+00,1.2888947893154192e+00,3.3150275142579506e+00,2.1058250943938798e+01,4.5889269926573029e+00,2.1972750029644876e+00,1.2888947893154192e+00,0.0000000000000000e+00,0.0000000000000000e+00,3.1415926535897931e+00,0.0000000000000000e+00,3.1415926535897931e+00,2.3713279910735254e+00,3.3150275142579511e+00,9.3071924762855551e-01,3.1415645869153384e+00
max_c_e_gamma_mixing_angles_polarization_05_local_minimum_88,C_e_gamma,polarization_cluster_05_local_minimum_88,1.5669211968078163e+00,3.1415862062529820e+00,qout,9.3071924762855551e-01,-6.4808328301507945e-01,1.8189542528813888e-05,-6.6800177832981955e-01,9.3071924762855551e-01,3.1415645869153384e+00,2.1058250943938798e+01,4.5889269926573029e+00,2.1972750029644876e+00,1.2888947893154192e+00,0.0000000000000000e+00,0.0000000000000000e+00,3.1415926535897931e+00,0.0000000000000000e+00,3.1415926535897931e+00,2.3713279910735254e+00,3.3150275142579511e+00,9.3071924762855551e-01,3.1415645869153384e+00
max_c_e_gamma_mixing_angles_polarization_05_local_minimum_90,C_e_gamma,polarization_cluster_05_local_minimum_90,2.0349023643466233e+00,2.9524690282881250e+00,k,1.8499796817647787e+00,0.0000000000000000e+00,0.0000000000000000e+00,-1.8469599699585295e+00,1.8469599699585295e+00,0.0000000000000000e+00,1.5377989417075041e+01,3.9214779633545107e+00,1.8469599699585295e+00,1.8434891448169024e+00,0.0000000000000000e+00,0.0000000000000000e+00,3.1415926535897931e+00,0.0000000000000000e+00,1.4728087220788471e+00,1.6689070184613282e+00,1.5370803019934857e-04,1.2655552081517749e+00,3.1400554284957636e+00
max_c_e_gamma_mixing_angles_polarization_05_local_minimum_90,C_e_gamma,polarization_cluster_05_local_minimum_90,2.0349023643466233e+00,2.9524690282881250e+00,p,2.0714982815897320e+00,0.0000000000000000e+00,0.0000000000000000e+00,1.8469599699585295e+00,1.8469599699585295e+00,0.0000000000000000e+00,1.5377989417075041e+01,3.9214779633545107e+00,1.8469599699585295e+00,1.8434891448169024e+00,0.0000000000000000e+00,0.0000000000000000e+00,3.1415926535897931e+00,0.0000000000000000e+00,1.4728087220788471e+00,1.6689070184613282e+00,1.5370803019934857e-04,1.2655552081517749e+00,3.1400554284957636e+00
max_c_e_gamma_mixing_angles_polarization_05_local_minimum_90,C_e_gamma,polarization_cluster_05_local_minimum_90,2.0349023643466233e+00,2.9524690282881250e+00,kp,5.8751848450123989e-01,-5.7517833458732825e-01,-2.2180866614644633e-03,-5.6384757073559943e-02,5.7793968311350163e-01,3.1454489804589185e+00,1.5377989417075041e+01,3.9214779633545107e+00,1.8469599699585295e+00,1.8434891448169024e+00,0.0000000000000000e+00,0.0000000000000000e+00,3.1415926535897931e+00,0.0000000000000000e+00,1.4728087220788471e+00,1.6689070184613282e+00,1.5370803019934857e-04,1.2655552081517749e+00,3.1400554284957636e+00
max_c_e_gamma_mixing_angles_polarization_05_local_minimum_90,C_e_gamma,polarization_cluster_05_local_minimum_90,2.0349023643466233e+00,2.9524690282881250e+00,pp,2.0684042707018748e+00,1.8346460065339760e+00,2.8199982599829619e-04,1.8035015454051095e-01,1.8434891448169022e+00,1.5370803019934857e-04,1.5377989417075041e+01,3.9214779633545107e+00,1.8469599699585295e+00,1.8434891448169024e+00,0.0000000000000000e+00,0.0000000000000000e+00,3.1415926535897931e+00,0.0000000000000000e+00,1.4728087220788471e+00,1.6689070184613282e+00,1.5370803019934857e-04,1.2655552081517749e+00,3.1400554284957636e+00
max_c_e_gamma_mixing_angles_polarization_05_local_minimum_90,C_e_gamma,polarization_cluster_05_local_minimum_90,2.0349023643466233e+00,2.9524690282881250e+00,qout,1.2655552081517749e+00,-1.2594676719466478e+00,1.9360868354661670e-03,-1.2396539746695101e-01,1.2655552081517749e+00,3.1400554284957636e+00,1.5377989417075041e+01,3.9214779633545107e+00,1.8469599699585295e+00,1.8434891448169024e+00,0.0000000000000000e+00,0.0000000000000000e+00,3.1415926535897931e+00,0.0000000000000000e+00,1.4728087220788471e+00,1.6689070184613282e+00,1.5370803019934857e-04,1.2655552081517749e+00,3.1400554284957636e+00
max_c_e_gamma_mixing_angles_polarization_05_local_minimum_102,C_e_gamma,polarization_cluster_05_local_minimum_102,2.6809292843143560e+00,3.1071303540174613e+00,k,1.0707348956899021e+00,0.0000000000000000e+00,0.0000000000000000e+00,-1.0655090447925661e+00,1.0655090447925661e+00,0.0000000000000000e+00,6.2015738091562786e+00,2.4902959280286905e+00,1.0655090447925661e+00,7.5716068850323281e-01,0.0000000000000000e+00,0.0000000000000000e+00,3.1415926535897931e+00,0.0000000000000000e+00,6.7787579329734904e-01,3.1391626157941639e+00,2.7823328175841360e-03,7.6579582856808770e-01,2.2904766918061246e-03
max_c_e_gamma_mixing_angles_polarization_05_local_minimum_102,C_e_gamma,polarization_cluster_05_local_minimum_102,2.6809292843143560e+00,3.1071303540174613e+00,p,1.4195610323387884e+00,0.0000000000000000e+00,0.0000000000000000e+00,1.0655090447925661e+00,1.0655090447925661e+00,0.0000000000000000e+00,6.2015738091562786e+00,2.4902959280286905e+00,1.0655090447925661e+00,7.5716068850323281e-01,0.0000000000000000e+00,0.0000000000000000e+00,3.1415926535897931e+00,0.0000000000000000e+00,6.7787579329734904e-01,3.1391626157941639e+00,2.7823328175841360e-03,7.6579582856808770e-01,2.2904766918061246e-03
max_c_e_gamma_mixing_angles_polarization_05_local_minimum_102,C_e_gamma,polarization_cluster_05_local_minimum_102,2.6809292843143560e+00,3.1071303540174613e+00,kp,5.1903906391612609e-01,-4.7670473253744622e-01,-1.3254393402728016e-03,1.7603607228232099e-01,5.0817109083224066e-01,3.1443730663574478e+00,6.2015738091562786e+00,2.4902959280286905e+00,1.0655090447925661e+00,7.5716068850323281e-01,0.0000000000000000e+00,0.0000000000000000e+00,3.1415926535897931e+00,0.0000000000000000e+00,6.7787579329734904e-01,3.1391626157941639e+00,2.7823328175841360e-03,7.6579582856808770e-01,2.2904766918061246e-03
max_c_e_gamma_mixing_angles_polarization_05_local_minimum_102,C_e_gamma,polarization_cluster_05_local_minimum_102,2.6809292843143560e+00,3.1071303540174613e+00,pp,1.2054610355439488e+00,4.7484382644319534e-01,1.3211769707844113e-03,5.8975749524265142e-01,7.5716068850323281e-01,2.7823328175841356e-03,6.2015738091562786e+00,2.4902959280286905e+00,1.0655090447925661e+00,7.5716068850323281e-01,0.0000000000000000e+00,0.0000000000000000e+00,3.1415926535897931e+00,0.0000000000000000e+00,6.7787579329734904e-01,3.1391626157941639e+00,2.7823328175841360e-03,7.6579582856808770e-01,2.2904766918061246e-03
max_c_e_gamma_mixing_angles_polarization_05_local_minimum_102,C_e_gamma,polarization_cluster_05_local_minimum_102,2.6809292843143560e+00,3.1071303540174613e+00,qout,7.6579582856808770e-01,1.8609060942508591e-03,4.2623694883903758e-06,-7.6579356752497241e-01,7.6579582856808759e-01,2.2904766918061246e-03,6.2015738091562786e+00,2.4902959280286905e+00,1.0655090447925661e+00,7.5716068850323281e-01,0.0000000000000000e+00,0.0000000000000000e+00,3.1415926535897931e+00,0.0000000000000000e+00,6.7787579329734904e-01,3.1391626157941639e+00,2.7823328175841360e-03,7.6579582856808770e-01,2.2904766918061246e-03
max_c_e_gamma_mixing_angles_polarization_05_local_minimum_107,C_e_gamma,polarization_cluster_05_local_minimum_107,2.5164262815541836e+00,2.9155184261286173e+00,k,2.4131319692313298e+00,0.0000000000000000e+00,0.0000000000000000e+00,-2.4108177468678500e+00,2.4108177468678500e+00,0.0000000000000000e+00,2.5000000000000000e+01,5.0000000000000000e+00,2.4108177468678500e+00,2.2436646059657051e+00,0.0000000000000000e+00,0.0000000000000000e+00,3.1415926535897931e+00,0.0000000000000000e+00,9.8117936053496813e-01,3.1403043549405223e+00,6.2830670003247446e+00,5.8588021875104956e-01,6.2821920325241916e+00
max_c_e_gamma_mixing_angles_polarization_05_local_minimum_107,C_e_gamma,polarization_cluster_05_local_minimum_107,2.5164262815541836e+00,2.9155184261286173e+00,p,2.5868680307686698e+00,0.0000000000000000e+00,0.0000000000000000e+00,2.4108177468678500e+00,2.4108177468678500e+00,0.0000000000000000e+00,2.5000000000000000e+01,5.0000000000000000e+00,2.4108177468678500e+00,2.2436646059657051e+00,0.0000000000000000e+00,0.0000000000000000e+00,3.1415926535897931e+00,0.0000000000000000e+00,9.8117936053496813e-01,3.1403043549405223e+00,6.2830670003247446e+00,5.8588021875104956e-01,6.2821920325241916e+00
max_c_e_gamma_mixing_angles_polarization_05_local_minimum_107,C_e_gamma,polarization_cluster_05_local_minimum_107,2.5164262815541836e+00,2.9155184261286173e+00,kp,1.9822738025603552e+00,-1.8655849658844610e+00,2.2137190632528865e-04,-6.6169360134743982e-01,1.9794559191868333e+00,3.1414739927357798e+00,2.5000000000000000e+01,5.0000000000000000e+00,2.4108177468678500e+00,2.2436646059657051e+00,0.0000000000000000e+00,0.0000000000000000e+00,3.1415926535897931e+00,0.0000000000000000e+00,9.8117936053496813e-01,3.1403043549405223e+00,6.2830670003247446e+00,5.8588021875104956e-01,6.2821920325241916e+00
max_c_e_gamma_mixing_angles_polarization_05_local_minimum_107,C_e_gamma,polarization_cluster_05_local_minimum_107,2.5164262815541836e+00,2.9155184261286173e+00,pp,2.4318459786884619e+00,1.8648301777711334e+00,-2.2062219417557294e-04,1.2475733339019288e+00,2.2436646059657055e+00,6.2830670003247446e+00,2.5000000000000000e+01,5.0000000000000000e+00,2.4108177468678500e+00,2.2436646059657051e+00,0.0000000000000000e+00,0.0000000000000000e+00,3.1415926535897931e+00,0.0000000000000000e+00,9.8117936053496813e-01,3.1403043549405223e+00,6.2830670003247446e+00,5.8588021875104956e-01,6.2821920325241916e+00
max_c_e_gamma_mixing_angles_polarization_05_local_minimum_107,C_e_gamma,polarization_cluster_05_local_minimum_107,2.5164262815541836e+00,2.9155184261286173e+00,qout,5.8588021875104956e-01,7.5478811332767271e-04,-7.4971214971571089e-07,-5.8587973255448900e-01,5.8588021875104956e-01,6.2821920325241916e+00,2.5000000000000000e+01,5.0000000000000000e+00,2.4108177468678500e+00,2.2436646059657051e+00,0.0000000000000000e+00,0.0000000000000000e+00,3.1415926535897931e+00,0.0000000000000000e+00,9.8117936053496813e-01,3.1403043549405223e+00,6.2830670003247446e+00,5.8588021875104956e-01,6.2821920325241916e+00
max_c_e_gamma_mixing_angles_polarization_05_local_minimum_108,C_e_gamma,polarization_cluster_05_local_minimum_108,2.4327757576129647e+00,3.0159137357844390e+00,k,1.8433251068251320e+00,0.0000000000000000e+00,0.0000000000000000e+00,-1.8402944756583348e+00,1.8402944756583348e+00,0.0000000000000000e+00,1.5279363179689051e+01,3.9088825998856822e+00,1.8402944756583348e+00,1.6720212863668191e+00,0.0000000000000000e+00,0.0000000000000000e+00,3.1415926535897931e+00,0.0000000000000000e+00,3.1567362381539166e-01,3.1415926535897931e+00,5.1208119085674258e-04,1.4418132553236451e+00,1.0321324851564498e-02
max_c_e_gamma_mixing_angles_polarization_05_local_minimum_108,C_e_gamma,polarization_cluster_05_local_minimum_108,2.4327757576129647e+00,3.0159137357844390e+00,p,2.0655574930605503e+00,0.0000000000000000e+00,0.0000000000000000e+00,1.8402944756583348e+00,1.8402944756583348e+00,0.0000000000000000e+00,1.5279363179689051e+01,3.9088825998856822e+00,1.8402944756583348e+00,1.6720212863668191e+00,0.0000000000000000e+00,0.0000000000000000e+00,3.1415926535897931e+00,0.0000000000000000e+00,3.1567362381539166e-01,3.1415926535897931e+00,5.1208119085674258e-04,1.4418132553236451e+00,1.0321324851564498e-02
max_c_e_gamma_mixing_angles_polarization_05_local_minimum_108,C_e_gamma,polarization_cluster_05_local_minimum_108,2.4327757576129647e+00,3.0159137357844390e+00,kp,5.4991020091693765e-01,-5.1909044375078051e-01,-2.6581647583302201e-04,-1.4758921812729664e-01,5.3966428152992274e-01,3.1421047347806499e+00,1.5279363179689051e+01,3.9088825998856822e+00,1.8402944756583348e+00,1.6720212863668191e+00,0.0000000000000000e+00,0.0000000000000000e+00,3.1415926535897931e+00,0.0000000000000000e+00,3.1567362381539166e-01,3.1415926535897931e+00,5.1208119085674258e-04,1.4418132553236451e+00,1.0321324851564498e-02
max_c_e_gamma_mixing_angles_polarization_05_local_minimum_108,C_e_gamma,polarization_cluster_05_local_minimum_108,2.4327757576129647e+00,3.0159137357844390e+00,pp,1.9171591436455535e+00,5.1909044375078028e-01,2.6581647583302017e-04,1.5894024734509418e+00,1.6720212863668191e+00,5.1208119085674247e-04,1.5279363179689051e+01,3.9088825998856822e+00,1.8402944756583348e+00,1.6720212863668191e+00,0.0000000000000000e+00,0.0000000000000000e+00,3.1415926535897931e+00,0.0000000000000000e+00,3.1567362381539166e-01,3.1415926535897931e+00,5.1208119085674258e-04,1.4418132553236451e+00,1.0321324851564498e-02
max_c_e_gamma_mixing_angles_polarization_05_local_minimum_108,C_e_gamma,polarization_cluster_05_local_minimum_108,2.4327757576129647e+00,3.0159137357844390e+00,qout,1.4418132553236451e+00,1.7656179385098440e-16,1.8224163450211081e-18,-1.4418132553236451e+00,1.4418132553236451e+00,1.0321324851564498e-02,1.5279363179689051e+01,3.9088825998856822e+00,1.8402944756583348e+00,1.6720212863668191e+00,0.0000000000000000e+00,0.0000000000000000e+00,3.1415926535897931e+00,0.0000000000000000e+00,3.1567362381539166e-01,3.1415926535897931e+00,5.1208119085674258e-04,1.4418132553236451e+00,1.0321324851564498e-02
max_c_e_gamma_mixing_angles_polarization_05_local_minimum_115,C_e_gamma,polarization_cluster_05_local_minimum_115,1.5189888183743447e+00,3.0829561186203942e+00,k,1.8190383373077597e+00,0.0000000000000000e+00,0.0000000000000000e+00,-1.8159671748911321e+00,1.8159671748911321e+00,0.0000000000000000e+00,1.4922393844666241e+01,3.8629514421833262e+00,1.8159671748911321e+00,1.6893705397925332e+00,0.0000000000000000e+00,0.0000000000000000e+00,3.1415926535897931e+00,0.0000000000000000e+00,2.6344894443974392e+00,8.0675192984777533e-01,6.2829100085363869e+00,1.2226497394972018e+00,3.4920449695267242e+00
max_c_e_gamma_mixing_angles_polarization_05_local_minimum_115,C_e_gamma,polarization_cluster_05_local_minimum_115,1.5189888183743447e+00,3.0829561186203942e+00,p,2.0439131048755668e+00,0.0000000000000000e+00,0.0000000000000000e+00,1.8159671748911321e+00,1.8159671748911321e+00,0.0000000000000000e+00,1.4922393844666241e+01,3.8629514421833262e+00,1.8159671748911321e+00,1.6893705397925332e+00,0.0000000000000000e+00,0.0000000000000000e+00,3.1415926535897931e+00,0.0000000000000000e+00,2.6344894443974392e+00,8.0675192984777533e-01,6.2829100085363869e+00,1.2226497394972018e+00,3.4920449695267242e+00
max_c_e_gamma_mixing_angles_polarization_05_local_minimum_115,C_e_gamma,polarization_cluster_05_local_minimum_115,1.5189888183743447e+00,3.0829561186203942e+00,kp,7.0799302632982242e-01,8.7097278963075286e-03,3.0331341024641040e-01,6.3088473497385145e-01,7.0006459203302218e-01,1.5420889407454865e+00,1.4922393844666241e+01,3.8629514421833262e+00,1.8159671748911321e+00,1.6893705397925332e+00,0.0000000000000000e+00,0.0000000000000000e+00,3.1415926535897931e+00,0.0000000000000000e+00,2.6344894443974392e+00,8.0675192984777533e-01,6.2829100085363869e+00,1.2226497394972018e+00,3.4920449695267242e+00
max_c_e_gamma_mixing_angles_polarization_05_local_minimum_115,C_e_gamma,polarization_cluster_05_local_minimum_115,1.5189888183743447e+00,3.0829561186203942e+00,pp,1.9323086763555439e+00,8.2043777762600256e-01,-2.2586541271615762e-04,-1.4767716894455405e+00,1.6893705397925332e+00,6.2829100085363869e+00,1.4922393844666241e+01,3.8629514421833262e+00,1.8159671748911321e+00,1.6893705397925332e+00,0.0000000000000000e+00,0.0000000000000000e+00,3.1415926535897931e+00,0.0000000000000000e+00,2.6344894443974392e+00,8.0675192984777533e-01,6.2829100085363869e+00,1.2226497394972018e+00,3.4920449695267242e+00
max_c_e_gamma_mixing_angles_polarization_05_local_minimum_115,C_e_gamma,polarization_cluster_05_local_minimum_115,1.5189888183743447e+00,3.0829561186203942e+00,qout,1.2226497394972018e+00,-8.2914750552231009e-01,-3.0308754483369427e-01,8.4588695447168905e-01,1.2226497394972018e+00,3.4920449695267242e+00,1.4922393844666241e+01,3.8629514421833262e+00,1.8159671748911321e+00,1.6893705397925332e+00,0.0000000000000000e+00,0.0000000000000000e+00,3.1415926535897931e+00,0.0000000000000000e+00,2.6344894443974392e+00,8.0675192984777533e-01,6.2829100085363869e+00,1.2226497394972018e+00,3.4920449695267242e+00
max_c_e_gamma_mixing_angles_polarization_05_local_minimum_116,C_e_gamma,polarization_cluster_05_local_minimum_116,2.3599097018515507e+00,3.0514281782837087e+00,k,1.4088301808147878e+00,0.0000000000000000e+00,0.0000000000000000e+00,-1.4048625505939465e+00,1.4048625505939465e+00,0.0000000000000000e+00,9.5979489944798591e+00,3.0980556796932914e+00,1.4048625505939465e+00,1.3995213321040640e+00,0.0000000000000000e+00,0.0000000000000000e+00,3.1415926535897931e+00,0.0000000000000000e+00,1.7226116163705638e-01,3.1137035850642332e+00,2.4543692606170263e-03,3.3008443312424252e-01,6.2081975337571764e+00
max_c_e_gamma_mixing_angles_polarization_05_local_minimum_116,C_e_gamma,polarization_cluster_05_local_minimum_116,2.3599097018515507e+00,3.0514281782837087e+00,p,1.6892254988785034e+00,0.0000000000000000e+00,0.0000000000000000e+00,1.4048625505939465e+00,1.4048625505939465e+00,0.0000000000000000e+00,9.5979489944798591e+00,3.0980556796932914e+00,1.4048625505939465e+00,1.3995213321040640e+00,0.0000000000000000e+00,0.0000000000000000e+00,3.1415926535897931e+00,0.0000000000000000e+00,1.7226116163705638e-01,3.1137035850642332e+00,2.4543692606170263e-03,3.3008443312424252e-01,6.2081975337571764e+00
max_c_e_gamma_mixing_angles_polarization_05_local_minimum_116,C_e_gamma,polarization_cluster_05_local_minimum_116,2.3599097018515507e+00,3.0514281782837087e+00,kp,1.0831852189052020e+00,-2.4907058914676436e-01,1.0079782335659223e-04,-1.0488519235827782e+00,1.0780197243749354e+00,3.1411879578037549e+00,9.5979489944798591e+00,3.0980556796932914e+00,1.4048625505939465e+00,1.3995213321040640e+00,0.0000000000000000e+00,0.0000000000000000e+00,3.1415926535897931e+00,0.0000000000000000e+00,1.7226116163705638e-01,3.1137035850642332e+00,2.4543692606170263e-03,3.3008443312424252e-01,6.2081975337571764e+00
max_c_e_gamma_mixing_angles_polarization_05_local_minimum_116,C_e_gamma,polarization_cluster_05_local_minimum_116,2.3599097018515507e+00,3.0514281782837087e+00,pp,1.6847860276647399e+00,2.3989190234138033e-01,5.8878449324332365e-04,1.3788079951676331e+00,1.3995213321040638e+00,2.4543692606170263e-03,9.5979489944798591e+00,3.0980556796932914e+00,1.4048625505939465e+00,1.3995213321040640e+00,0.0000000000000000e+00,0.0000000000000000e+00,3.1415926535897931e+00,0.0000000000000000e+00,1.7226116163705638e-01,3.1137035850642332e+00,2.4543692606170263e-03,3.3008443312424252e-01,6.2081975337571764e+00
max_c_e_gamma_mixing_angles_polarization_05_local_minimum_116,C_e_gamma,polarization_cluster_05_local_minimum_116,2.3599097018515507e+00,3.0514281782837087e+00,qout,3.3008443312424252e-01,9.1786868053840235e-03,-6.8958231659991588e-04,-3.2995607158485485e-01,3.3008443312424257e-01,6.2081975337571764e+00,9.5979489944798591e+00,3.0980556796932914e+00,1.4048625505939465e+00,1.3995213321040640e+00,0.0000000000000000e+00,0.0000000000000000e+00,3.1415926535897931e+00,0.0000000000000000e+00,1.7226116163705638e-01,3.1137035850642332e+00,2.4543692606170263e-03,3.3008443312424252e-01,6.2081975337571764e+00
max_c_e_gamma_mixing_angles_polarization_05_local_minimum_118,C_e_gamma,polarization_cluster_05_local_minimum_118,1.5668200566746378e+00,3.1415859023448465e+00,k,2.4131319692313298e+00,0.0000000000000000e+00,0.0000000000000000e+00,-2.4108177468678500e+00,2.4108177468678500e+00,0.0000000000000000e+00,2.5000000000000000e+01,5.0000000000000000e+00,2.4108177468678500e+00,1.1559537129085129e+00,0.0000000000000000e+00,0.0000000000000000e+00,3.1415926535897931e+00,0.0000000000000000e+00,3.1415926535897931e+00,2.4517209969966802e+00,2.6320517996502795e+00,1.2471351391411476e+00,3.1415564162438403e+00
max_c_e_gamma_mixing_angles_polarization_05_local_minimum_118,C_e_gamma,polarization_cluster_05_local_minimum_118,1.5668200566746378e+00,3.1415859023448465e+00,p,2.5868680307686698e+00,0.0000000000000000e+00,0.0000000000000000e+00,2.4108177468678500e+00,2.4108177468678500e+00,0.0000000000000000e+00,2.5000000000000000e+01,5.0000000000000000e+00,2.4108177468678500e+00,1.1559537129085129e+00,0.0000000000000000e+00,0.0000000000000000e+00,3.1415926535897931e+00,0.0000000000000000e+00,3.1415926535897931e+00,2.4517209969966802e+00,2.6320517996502795e+00,1.2471351391411476e+00,3.1415564162438403e+00
max_c_e_gamma_mixing_angles_polarization_05_local_minimum_118,C_e_gamma,polarization_cluster_05_local_minimum_118,1.5668200566746378e+00,3.1415859023448465e+00,kp,2.2642168210626537e+00,7.9372443340993981e-01,-2.8762466897435241e-05,2.1179035963543194e+00,2.2617502338829922e+00,6.2831490698336330e+00,2.5000000000000000e+01,5.0000000000000000e+00,2.4108177468678500e+00,1.1559537129085129e+00,0.0000000000000000e+00,0.0000000000000000e+00,3.1415926535897931e+00,0.0000000000000000e+00,3.1415926535897931e+00,2.4517209969966802e+00,2.6320517996502795e+00,1.2471351391411476e+00,3.1415564162438403e+00
max_c_e_gamma_mixing_angles_polarization_05_local_minimum_118,C_e_gamma,polarization_cluster_05_local_minimum_118,1.5668200566746378e+00,3.1415859023448465e+00,pp,1.4886480397954973e+00,-1.2358048605025987e-16,6.9051346182993378e-17,-1.1559537129085129e+00,1.1559537129085129e+00,2.6320517996502795e+00,2.5000000000000000e+01,5.0000000000000000e+00,2.4108177468678500e+00,1.1559537129085129e+00,0.0000000000000000e+00,0.0000000000000000e+00,3.1415926535897931e+00,0.0000000000000000e+00,3.1415926535897931e+00,2.4517209969966802e+00,2.6320517996502795e+00,1.2471351391411476e+00,3.1415564162438403e+00
max_c_e_gamma_mixing_angles_polarization_05_local_minimum_118,C_e_gamma,polarization_cluster_05_local_minimum_118,1.5668200566746378e+00,3.1415859023448465e+00,qout,1.2471351391411476e+00,-7.9372443340993970e-01,2.8762466897366191e-05,-9.6194988344580634e-01,1.2471351391411476e+00,3.1415564162438403e+00,2.5000000000000000e+01,5.0000000000000000e+00,2.4108177468678500e+00,1.1559537129085129e+00,0.0000000000000000e+00,0.0000000000000000e+00,3.1415926535897931e+00,0.0000000000000000e+00,3.1415926535897931e+00,2.4517209969966802e+00,2.6320517996502795e+00,1.2471351391411476e+00,3.1415564162438403e+00
max_c_e_gamma_mixing_angles_polarization_05_local_minimum_123,C_e_gamma,polarization_cluster_05_local_minimum_123,2.3545477467749243e+00,3.0113215436235672e+00,k,2.4129278278324997e+00,0.0000000000000000e+00,0.0000000000000000e+00,-2.4106134094904488e+00,2.4106134094904488e+00,0.0000000000000000e+00,2.4996054441112264e+01,4.9996054285425622e+00,2.4106134094904488e+00,2.2997560229472445e+00,0.0000000000000000e+00,0.0000000000000000e+00,3.1415926535897931e+00,0.0000000000000000e+00,1.9245139368098518e-01,3.1333104490868071e+00,6.2805034059491724e+00,2.0046008607111747e+00,4.1808331814225834e+00
max_c_e_gamma_mixing_angles_polarization_05_local_minimum_123,C_e_gamma,polarization_cluster_05_local_minimum_123,2.3545477467749243e+00,3.0113215436235672e+00,p,2.5866776007100625e+00,0.0000000000000000e+00,0.0000000000000000e+00,2.4106134094904488e+00,2.4106134094904488e+00,0.0000000000000000e+00,2.4996054441112264e+01,4.9996054285425622e+00,2.4106134094904488e+00,2.2997560229472445e+00,0.0000000000000000e+00,0.0000000000000000e+00,3.1415926535897931e+00,0.0000000000000000e+00,1.9245139368098518e-01,3.1333104490868071e+00,6.2805034059491724e+00,2.0046008607111747e+00,4.1808331814225834e+00
max_c_e_gamma_mixing_angles_polarization_05_local_minimum_123,C_e_gamma,polarization_cluster_05_local_minimum_123,2.3545477467749243e+00,3.0113215436235672e+00,kp,5.1131341048499523e-01,-4.3144733849904598e-01,1.5491198733656692e-02,-2.5276654899804729e-01,5.0027763434766725e-01,3.1057028809538045e+00,2.4996054441112264e+01,4.9996054285425622e+00,2.4106134094904488e+00,2.2997560229472445e+00,0.0000000000000000e+00,0.0000000000000000e+00,3.1415926535897931e+00,0.0000000000000000e+00,1.9245139368098518e-01,3.1333104490868071e+00,6.2805034059491724e+00,2.0046008607111747e+00,4.1808331814225834e+00
max_c_e_gamma_mixing_angles_polarization_05_local_minimum_123,C_e_gamma,polarization_cluster_05_local_minimum_123,2.3545477467749243e+00,3.0113215436235672e+00,pp,2.4836911573466871e+00,4.3986264309477063e-01,-1.1796709920286379e-03,2.2572986573929823e+00,2.2997560229472445e+00,6.2805034059491724e+00,2.4996054441112264e+01,4.9996054285425622e+00,2.4106134094904488e+00,2.2997560229472445e+00,0.0000000000000000e+00,0.0000000000000000e+00,3.1415926535897931e+00,0.0000000000000000e+00,1.9245139368098518e-01,3.1333104490868071e+00,6.2805034059491724e+00,2.0046008607111747e+00,4.1808331814225834e+00
max_c_e_gamma_mixing_angles_polarization_05_local_minimum_123,C_e_gamma,polarization_cluster_05_local_minimum_123,2.3545477467749243e+00,3.0113215436235672e+00,qout,2.0046008607111747e+00,-8.4153045957246486e-03,-1.4311527741628055e-02,-2.0045321083949350e+00,2.0046008607111747e+00,4.1808331814225834e+00,2.4996054441112264e+01,4.9996054285425622e+00,2.4106134094904488e+00,2.2997560229472445e+00,0.0000000000000000e+00,0.0000000000000000e+00,3.1415926535897931e+00,0.0000000000000000e+00,1.9245139368098518e-01,3.1333104490868071e+00,6.2805034059491724e+00,2.0046008607111747e+00,4.1808331814225834e+00
max_c_e_gamma_mixing_angles_polarization_05_local_minimum_126,C_e_gamma,polarization_cluster_05_local_minimum_126,1.8017700500632505e+00,3.0176143906139417e+00,k,2.4127045018912825e+00,0.0000000000000000e+00,0.0000000000000000e+00,-2.4103898691151939e+00,2.4103898691151939e+00,0.0000000000000000e+00,2.4991738472072637e+01,4.9991737789431401e+00,2.4103898691151939e+00,1.8241320613752978e+00,0.0000000000000000e+00,0.0000000000000000e+00,3.1415926535897931e+00,0.0000000000000000e+00,1.8918497626554682e+00,1.7089828556600934e+00,6.2823422351795655e+00,1.9280174484046457e+00,2.8436486709873483e+00
max_c_e_gamma_mixing_angles_polarization_05_local_minimum_126,C_e_gamma,polarization_cluster_05_local_minimum_126,1.8017700500632505e+00,3.0176143906139417e+00,p,2.5864692770518580e+00,0.0000000000000000e+00,0.0000000000000000e+00,2.4103898691151939e+00,2.4103898691151939e+00,0.0000000000000000e+00,2.4991738472072637e+01,4.9991737789431401e+00,2.4103898691151939e+00,1.8241320613752978e+00,0.0000000000000000e+00,0.0000000000000000e+00,3.1415926535897931e+00,0.0000000000000000e+00,1.8918497626554682e+00,1.7089828556600934e+00,6.2823422351795655e+00,1.9280174484046457e+00,2.8436486709873483e+00
max_c_e_gamma_mixing_angles_polarization_05_local_minimum_126,C_e_gamma,polarization_cluster_05_local_minimum_126,1.8017700500632505e+00,3.0176143906139417e+00,kp,1.0199854996859419e+00,9.4579037341316896e-02,-5.5912538317366023e-01,8.4121361070941958e-01,1.0144982638015116e+00,4.8799580760648764e+00,2.4991738472072637e+01,4.9991737789431401e+00,2.4103898691151939e+00,1.8241320613752978e+00,0.0000000000000000e+00,0.0000000000000000e+00,3.1415926535897931e+00,0.0000000000000000e+00,1.8918497626554682e+00,1.7089828556600934e+00,6.2823422351795655e+00,1.9280174484046457e+00,2.8436486709873483e+00
max_c_e_gamma_mixing_angles_polarization_05_local_minimum_126,C_e_gamma,polarization_cluster_05_local_minimum_126,1.8017700500632505e+00,3.0176143906139417e+00,pp,2.0511708308518068e+00,1.7309247110900317e+00,-1.4592945038055833e-03,-5.7563468652847438e-01,1.8241320613752978e+00,6.2823422351795655e+00,2.4991738472072637e+01,4.9991737789431401e+00,2.4103898691151939e+00,1.8241320613752978e+00,0.0000000000000000e+00,0.0000000000000000e+00,3.1415926535897931e+00,0.0000000000000000e+00,1.8918497626554682e+00,1.7089828556600934e+00,6.2823422351795655e+00,1.9280174484046457e+00,2.8436486709873483e+00
max_c_e_gamma_mixing_angles_polarization_05_local_minimum_126,C_e_gamma,polarization_cluster_05_local_minimum_126,1.8017700500632505e+00,3.0176143906139417e+00,qout,1.9280174484046457e+00,-1.8255037484313485e+00,5.6058467767746578e-01,-2.6557892418094520e-01,1.9280174484046455e+00,2.8436486709873483e+00,2.4991738472072637e+01,4.9991737789431401e+00,2.4103898691151939e+00,1.8241320613752978e+00,0.0000000000000000e+00,0.0000000000000000e+00,3.1415926535897931e+00,0.0000000000000000e+00,1.8918497626554682e+00,1.7089828556600934e+00,6.2823422351795655e+00,1.9280174484046457e+00,2.8436486709873483e+00
max_c_e_gamma_mixing_angles_polarization_05_local_minimum_127,C_e_gamma,polarization_cluster_05_local_minimum_127,2.4210758834052415e+00,3.0283449202285957e+00,k,1.5976973736377447e+00,0.0000000000000000e+00,0.0000000000000000e+00,-1.5941998636982906e+00,1.5941998636982906e+00,0.0000000000000000e+00,1.1884412812036441e+01,3.4473776718016325e+00,1.5941998636982906e+00,1.4478254242153765e+00,0.0000000000000000e+00,0.0000000000000000e+00,3.1415926535897931e+00,0.0000000000000000e+00,3.4660510453188942e-01,3.1411113500226207e+00,5.4233996815960840e-03,1.1917875530933080e+00,3.3864418069481816e+00
max_c_e_gamma_mixing_angles_polarization_05_local_minimum_127,C_e_gamma,polarization_cluster_05_local_minimum_127,2.4210758834052415e+00,3.0283449202285957e+00,p,1.8496802981638876e+00,0.0000000000000000e+00,0.0000000000000000e+00,1.5941998636982906e+00,1.5941998636982906e+00,0.0000000000000000e+00,1.1884412812036441e+01,3.4473776718016325e+00,1.5941998636982906e+00,1.4478254242153765e+00,0.0000000000000000e+00,0.0000000000000000e+00,3.1415926535897931e+00,0.0000000000000000e+00,3.4660510453188942e-01,3.1411113500226207e+00,5.4233996815960840e-03,1.1917875530933080e+00,3.3864418069481816e+00
max_c_e_gamma_mixing_angles_polarization_05_local_minimum_127,C_e_gamma,polarization_cluster_05_local_minimum_127,2.4210758834052415e+00,3.0283449202285957e+00,kp,5.3046912034144544e-01,-4.9127235552709286e-01,-2.5283614558106082e-03,-1.6993785748248791e-01,5.1984016324494198e-01,3.1467391657123880e+00,1.1884412812036441e+01,3.4473776718016325e+00,1.5941998636982906e+00,1.4478254242153765e+00,0.0000000000000000e+00,0.0000000000000000e+00,3.1415926535897931e+00,0.0000000000000000e+00,3.4660510453188942e-01,3.1411113500226207e+00,5.4233996815960840e-03,1.1917875530933080e+00,3.3864418069481816e+00
max_c_e_gamma_mixing_angles_polarization_05_local_minimum_127,C_e_gamma,polarization_cluster_05_local_minimum_127,2.4210758834052415e+00,3.0283449202285957e+00,pp,1.7251209983663276e+00,4.9182885851083430e-01,2.6674106271164576e-03,1.3617252725351436e+00,1.4478254242153765e+00,5.4233996815960831e-03,1.1884412812036441e+01,3.4473776718016325e+00,1.5941998636982906e+00,1.4478254242153765e+00,0.0000000000000000e+00,0.0000000000000000e+00,3.1415926535897931e+00,0.0000000000000000e+00,3.4660510453188942e-01,3.1411113500226207e+00,5.4233996815960840e-03,1.1917875530933080e+00,3.3864418069481816e+00
max_c_e_gamma_mixing_angles_polarization_05_local_minimum_127,C_e_gamma,polarization_cluster_05_local_minimum_127,2.4210758834052415e+00,3.0283449202285957e+00,qout,1.1917875530933080e+00,-5.5650298374141424e-04,-1.3904917130584936e-04,-1.1917874150526557e+00,1.1917875530933080e+00,3.3864418069481812e+00,1.1884412812036441e+01,3.4473776718016325e+00,1.5941998636982906e+00,1.4478254242153765e+00,0.0000000000000000e+00,0.0000000000000000e+00,3.1415926535897931e+00,0.0000000000000000e+00,3.4660510453188942e-01,3.1411113500226207e+00,5.4233996815960840e-03,1.1917875530933080e+00,3.3864418069481816e+00
max_c_e_gamma_mixing_angles_polarization_05_local_minimum_133,C_e_gamma,polarization_cluster_05_local_minimum_133,7.1595847930464707e-01,3.0483926633197314e+00,k,1.9384270304730347e+00,0.0000000000000000e+00,0.0000000000000000e+00,-1.9355453133820475e+00,1.9355453133820475e+00,0.0000000000000000e+00,1.6722232143098132e+01,4.0892825951624001e+00,1.9355453133820475e+00,1.9243329557328521e+00,0.0000000000000000e+00,0.0000000000000000e+00,3.1415926535897931e+00,0.0000000000000000e+00,1.2097150708108508e-01,3.1237439412588870e+00,1.5168813207203651e-03,9.6596863456910687e-01,2.1042270596296274e-03
max_c_e_gamma_mixing_angles_polarization_05_local_minimum_133,C_e_gamma,polarization_cluster_05_local_minimum_133,7.1595847930464707e-01,3.0483926633197314e+00,p,2.1508555646893655e+00,0.0000000000000000e+00,0.0000000000000000e+00,1.9355453133820475e+00,1.9355453133820475e+00,0.0000000000000000e+00,1.6722232143098132e+01,4.0892825951624001e+00,1.9355453133820475e+00,1.9243329557328521e+00,0.0000000000000000e+00,0.0000000000000000e+00,3.1415926535897931e+00,0.0000000000000000e+00,1.2097150708108508e-01,3.1237439412588870e+00,1.5168813207203651e-03,9.6596863456910687e-01,2.1042270596296274e-03
max_c_e_gamma_mixing_angles_polarization_05_local_minimum_133,C_e_gamma,polarization_cluster_05_local_minimum_133,7.1595847930464707e-01,3.0483926633197314e+00,kp,9.8254276204792756e-01,-2.4946217101704948e-01,-3.8853087296556918e-04,-9.4445490163093149e-01,9.7684522158808318e-01,3.1431501264411899e+00,1.6722232143098132e+01,4.0892825951624001e+00,1.9355453133820475e+00,1.9243329557328521e+00,0.0000000000000000e+00,0.0000000000000000e+00,3.1415926535897931e+00,0.0000000000000000e+00,1.2097150708108508e-01,3.1237439412588870e+00,1.5168813207203651e-03,9.6596863456910687e-01,2.1042270596296274e-03
max_c_e_gamma_mixing_angles_polarization_05_local_minimum_133,C_e_gamma,polarization_cluster_05_local_minimum_133,7.1595847930464707e-01,3.0483926633197314e+00,pp,2.1407711985449391e+00,2.3222182833698049e-01,3.5225322383781744e-04,1.9102696728161266e+00,1.9243329557328521e+00,1.5168813207203651e-03,1.6722232143098132e+01,4.0892825951624001e+00,1.9355453133820475e+00,1.9243329557328521e+00,0.0000000000000000e+00,0.0000000000000000e+00,3.1415926535897931e+00,0.0000000000000000e+00,1.2097150708108508e-01,3.1237439412588870e+00,1.5168813207203651e-03,9.6596863456910687e-01,2.1042270596296274e-03
max_c_e_gamma_mixing_angles_polarization_05_local_minimum_133,C_e_gamma,polarization_cluster_05_local_minimum_133,7.1595847930464707e-01,3.0483926633197314e+00,qout,9.6596863456910687e-01,1.7240342680068993e-02,3.6277649127751739e-05,-9.6581477118519510e-01,9.6596863456910687e-01,2.1042270596296274e-03,1.6722232143098132e+01,4.0892825951624001e+00,1.9355453133820475e+00,1.9243329557328521e+00,0.0000000000000000e+00,0.0000000000000000e+00,3.1415926535897931e+00,0.0000000000000000e+00,1.2097150708108508e-01,3.1237439412588870e+00,1.5168813207203651e-03,9.6596863456910687e-01,2.1042270596296274e-03
max_c_e_gamma_mixing_angles_polarization_05_local_minimum_135,C_e_gamma,polarization_cluster_05_local_minimum_135,2.3949423909868952e+00,3.1098594825434485e+00,k,1.5993582748080248e+00,0.0000000000000000e+00,0.0000000000000000e+00,-1.5958644049177870e+00,1.5958644049177870e+00,0.0000000000000000e+00,1.1905766669510784e+01,3.4504733978848154e+00,1.5958644049177870e+00,1.5913652217194292e+00,0.0000000000000000e+00,0.0000000000000000e+00,3.1415926535897931e+00,0.0000000000000000e+00,6.1413118339433907e-02,3.0428939129006447e+00,6.1777754681352732e+00,1.0310018869463200e+00,3.0336734121322455e+00
max_c_e_gamma_mixing_angles_polarization_05_local_minimum_135,C_e_gamma,polarization_cluster_05_local_minimum_135,2.3949423909868952e+00,3.1098594825434485e+00,p,1.8511151230767908e+00,0.0000000000000000e+00,0.0000000000000000e+00,1.5958644049177870e+00,1.5958644049177870e+00,0.0000000000000000e+00,1.1905766669510784e+01,3.4504733978848154e+00,1.5958644049177870e+00,1.5913652217194292e+00,0.0000000000000000e+00,0.0000000000000000e+00,3.1415926535897931e+00,0.0000000000000000e+00,6.1413118339433907e-02,3.0428939129006447e+00,6.1777754681352732e+00,1.0310018869463200e+00,3.0336734121322455e+00
max_c_e_gamma_mixing_angles_polarization_05_local_minimum_135,C_e_gamma,polarization_cluster_05_local_minimum_135,2.3949423909868952e+00,3.1098594825434485e+00,kp,5.7223377071740844e-01,3.8752541305956123e-03,-6.6637113491502947e-04,-5.6238095130533927e-01,5.6239469773119710e-01,6.1128952245277883e+00,1.1905766669510784e+01,3.4504733978848154e+00,1.5958644049177870e+00,1.5913652217194292e+00,0.0000000000000000e+00,0.0000000000000000e+00,3.1415926535897931e+00,0.0000000000000000e+00,6.1413118339433907e-02,3.0428939129006447e+00,6.1777754681352732e+00,1.0310018869463200e+00,3.0336734121322455e+00
max_c_e_gamma_mixing_angles_polarization_05_local_minimum_135,C_e_gamma,polarization_cluster_05_local_minimum_135,2.3949423909868952e+00,3.1098594825434485e+00,pp,1.8472377402213631e+00,9.7127168341738429e-02,-1.0276248004261447e-02,1.5883651912564056e+00,1.5913652217194290e+00,6.1777754681352732e+00,1.1905766669510784e+01,3.4504733978848154e+00,1.5958644049177870e+00,1.5913652217194292e+00,0.0000000000000000e+00,0.0000000000000000e+00,3.1415926535897931e+00,0.0000000000000000e+00,6.1413118339433907e-02,3.0428939129006447e+00,6.1777754681352732e+00,1.0310018869463200e+00,3.0336734121322455e+00
max_c_e_gamma_mixing_angles_polarization_05_local_minimum_135,C_e_gamma,polarization_cluster_05_local_minimum_135,2.3949423909868952e+00,3.1098594825434485e+00,qout,1.0310018869463200e+00,-1.0100242247233404e-01,1.0942619139176477e-02,-1.0259842399510664e+00,1.0310018869463198e+00,3.0336734121322455e+00,1.1905766669510784e+01,3.4504733978848154e+00,1.5958644049177870e+00,1.5913652217194292e+00,0.0000000000000000e+00,0.0000000000000000e+00,3.1415926535897931e+00,0.0000000000000000e+00,6.1413118339433907e-02,3.0428939129006447e+00,6.1777754681352732e+00,1.0310018869463200e+00,3.0336734121322455e+00
max_c_e_gamma_mixing_angles_polarization_05_local_minimum_137,C_e_gamma,polarization_cluster_05_local_minimum_137,1.7216924427914888e+00,3.0415641768249477e+00,k,2.2498704856580631e+00,0.0000000000000000e+00,0.0000000000000000e+00,-2.2473881529281829e+00,2.2473881529281829e+00,0.0000000000000000e+00,2.1950652063916838e+01,4.6851522989030823e+00,2.2473881529281829e+00,1.6493038046478827e+00,0.0000000000000000e+00,0.0000000000000000e+00,3.1415926535897931e+00,0.0000000000000000e+00,2.1378461719932824e+00,1.6901887523959778e+00,6.2825604709202478e+00,1.5571855368788148e+00,3.5359965288783441e+00
max_c_e_gamma_mixing_angles_polarization_05_local_minimum_137,C_e_gamma,polarization_cluster_05_local_minimum_137,1.7216924427914888e+00,3.0415641768249477e+00,p,2.4352818132450191e+00,0.0000000000000000e+00,0.0000000000000000e+00,2.2473881529281829e+00,2.2473881529281829e+00,0.0000000000000000e+00,2.1950652063916838e+01,4.6851522989030823e+00,2.2473881529281829e+00,1.6493038046478827e+00,0.0000000000000000e+00,0.0000000000000000e+00,3.1415926535897931e+00,0.0000000000000000e+00,2.1378461719932824e+00,1.6901887523959778e+00,6.2825604709202478e+00,1.5571855368788148e+00,3.5359965288783441e+00
max_c_e_gamma_mixing_angles_polarization_05_local_minimum_137,C_e_gamma,polarization_cluster_05_local_minimum_137,1.7216924427914888e+00,3.0415641768249477e+00,kp,1.2305877698281613e+00,3.6229754665611846e-02,5.9497047772239675e-01,1.0713916662234224e+00,1.2260434604602517e+00,1.5099780586895677e+00,2.1950652063916838e+01,4.6851522989030823e+00,2.2473881529281829e+00,1.6493038046478827e+00,0.0000000000000000e+00,0.0000000000000000e+00,3.1415926535897931e+00,0.0000000000000000e+00,2.1378461719932824e+00,1.6901887523959778e+00,6.2825604709202478e+00,1.5571855368788148e+00,3.5359965288783441e+00
max_c_e_gamma_mixing_angles_polarization_05_local_minimum_137,C_e_gamma,polarization_cluster_05_local_minimum_137,1.7216924427914888e+00,3.0415641768249477e+00,pp,1.8973789921958084e+00,1.3911698520223825e+00,-8.6925347956711644e-04,-8.8591688506788957e-01,1.6493038046478830e+00,6.2825604709202478e+00,2.1950652063916838e+01,4.6851522989030823e+00,2.2473881529281829e+00,1.6493038046478827e+00,0.0000000000000000e+00,0.0000000000000000e+00,3.1415926535897931e+00,0.0000000000000000e+00,2.1378461719932824e+00,1.6901887523959778e+00,6.2825604709202478e+00,1.5571855368788148e+00,3.5359965288783441e+00
max_c_e_gamma_mixing_angles_polarization_05_local_minimum_137,C_e_gamma,polarization_cluster_05_local_minimum_137,1.7216924427914888e+00,3.0415641768249477e+00,qout,1.5571855368788148e+00,-1.4273996066879944e+00,-5.9410122424282963e-01,-1.8547478115553273e-01,1.5571855368788148e+00,3.5359965288783437e+00,2.1950652063916838e+01,4.6851522989030823e+00,2.2473881529281829e+00,1.6493038046478827e+00,0.0000000000000000e+00,0.0000000000000000e+00,3.1415926535897931e+00,0.0000000000000000e+00,2.1378461719932824e+00,1.6901887523959778e+00,6.2825604709202478e+00,1.5571855368788148e+00,3.5359965288783441e+00
max_c_e_gamma_mixing_angles_polarization_05_local_minimum_138,C_e_gamma,polarization_cluster_05_local_minimum_138,2.4271641531159611e+00,2.9797688853838822e+00,k,2.2712012338142591e+00,0.0000000000000000e+00,0.0000000000000000e+00,-2.2687422401335313e+00,2.2687422401335313e+00,0.0000000000000000e+00,2.2336998031798732e+01,4.7262033421974907e+00,2.2687422401335313e+00,2.0800979573136225e+00,0.0000000000000000e+00,0.0000000000000000e+00,3.1415926535897931e+00,0.0000000000000000e+00,2.9656279270286157e-01,3.1415926535897931e+00,6.2827491649449261e+00,1.7986088138411385e+00,4.0661659658269347e+00
max_c_e_gamma_mixing_angles_polarization_05_local_minimum_138,C_e_gamma,polarization_cluster_05_local_minimum_138,2.4271641531159611e+00,2.9797688853838822e+00,p,2.4550021083832316e+00,0.0000000000000000e+00,0.0000000000000000e+00,2.2687422401335313e+00,2.2687422401335313e+00,0.0000000000000000e+00,2.2336998031798732e+01,4.7262033421974907e+00,2.2687422401335313e+00,2.0800979573136225e+00,0.0000000000000000e+00,0.0000000000000000e+00,3.1415926535897931e+00,0.0000000000000000e+00,2.9656279270286157e-01,3.1415926535897931e+00,6.2827491649449261e+00,1.7986088138411385e+00,4.0661659658269347e+00
max_c_e_gamma_mixing_angles_polarization_05_local_minimum_138,C_e_gamma,polarization_cluster_05_local_minimum_138,2.4271641531159611e+00,2.9797688853838822e+00,kp,6.4578570375688060e-01,-6.0787690671134831e-01,2.6512080930214492e-04,-1.9068581190395295e-01,6.3708357604279087e-01,3.1411565113551325e+00,2.2336998031798732e+01,4.7262033421974907e+00,2.2687422401335313e+00,2.0800979573136225e+00,0.0000000000000000e+00,0.0000000000000000e+00,3.1415926535897931e+00,0.0000000000000000e+00,2.9656279270286157e-01,3.1415926535897931e+00,6.2827491649449261e+00,1.7986088138411385e+00,4.0661659658269347e+00
max_c_e_gamma_mixing_angles_polarization_05_local_minimum_138,C_e_gamma,polarization_cluster_05_local_minimum_138,2.4271641531159611e+00,2.9797688853838822e+00,pp,2.2818088245995334e+00,6.0787690671134842e-01,-2.6512080930196906e-04,1.9892946257450914e+00,2.0800979573136225e+00,6.2827491649449261e+00,2.2336998031798732e+01,4.7262033421974907e+00,2.2687422401335313e+00,2.0800979573136225e+00,0.0000000000000000e+00,0.0000000000000000e+00,3.1415926535897931e+00,0.0000000000000000e+00,2.9656279270286157e-01,3.1415926535897931e+00,6.2827491649449261e+00,1.7986088138411385e+00,4.0661659658269347e+00
max_c_e_gamma_mixing_angles_polarization_05_local_minimum_138,C_e_gamma,polarization_cluster_05_local_minimum_138,2.4271641531159611e+00,2.9797688853838822e+00,qout,1.7986088138411385e+00,-1.3263877619595859e-16,-1.7585246376429346e-16,-1.7986088138411385e+00,1.7986088138411385e+00,4.0661659658269347e+00,2.2336998031798732e+01,4.7262033421974907e+00,2.2687422401335313e+00,2.0800979573136225e+00,0.0000000000000000e+00,0.0000000000000000e+00,3.1415926535897931e+00,0.0000000000000000e+00,2.9656279270286157e-01,3.1415926535897931e+00,6.2827491649449261e+00,1.7986088138411385e+00,4.0661659658269347e+00
max_c_e_gamma_mixing_angles_polarization_05_local_minimum_140,C_e_gamma,polarization_cluster_05_local_minimum_140,2.3769421602744907e+00,2.9749660504253921e+00,k,2.4129417969603670e+00,0.0000000000000000e+00,0.0000000000000000e+00,-2.4106273920299310e+00,2.4106273920299310e+00,0.0000000000000000e+00,2.4996324419935092e+01,4.9996324284826272e+00,2.4106273920299310e+00,2.2704387797421308e+00,0.0000000000000000e+00,0.0000000000000000e+00,3.1415926535897931e+00,0.0000000000000000e+00,2.5641884574025808e-01,3.1395524980439151e+00,1.9461869084409285e-03,1.8819100996701363e+00,3.2028285541755088e+00
max_c_e_gamma_mixing_angles_polarization_05_local_minimum_140,C_e_gamma,polarization_cluster_05_local_minimum_140,2.3769421602744907e+00,2.9749660504253921e+00,p,2.5866906315222598e+00,0.0000000000000000e+00,0.0000000000000000e+00,2.4106273920299310e+00,2.4106273920299310e+00,0.0000000000000000e+00,2.4996324419935092e+01,4.9996324284826272e+00,2.4106273920299310e+00,2.2704387797421308e+00,0.0000000000000000e+00,0.0000000000000000e+00,3.1415926535897931e+00,0.0000000000000000e+00,2.5641884574025808e-01,3.1395524980439151e+00,1.9461869084409285e-03,1.8819100996701363e+00,3.2028285541755088e+00
max_c_e_gamma_mixing_angles_polarization_05_local_minimum_140,C_e_gamma,polarization_cluster_05_local_minimum_140,2.3769421602744907e+00,2.9749660504253921e+00,kp,6.6115231097104321e-01,-5.7199113223186249e-01,-8.8569983560022789e-04,-3.1429929394283596e-01,6.5265510492836254e-01,3.1431411026440030e+00,2.4996324419935092e+01,4.9996324284826272e+00,2.4106273920299310e+00,2.2704387797421308e+00,0.0000000000000000e+00,0.0000000000000000e+00,3.1415926535897931e+00,0.0000000000000000e+00,2.5641884574025808e-01,3.1395524980439151e+00,1.9461869084409285e-03,1.8819100996701363e+00,3.2028285541755088e+00
max_c_e_gamma_mixing_angles_polarization_05_local_minimum_140,C_e_gamma,polarization_cluster_05_local_minimum_140,2.3769421602744907e+00,2.9749660504253921e+00,pp,2.4565700178413268e+00,5.7582332261006119e-01,1.1206612269274133e-03,2.1962054771386170e+00,2.2704387797421308e+00,1.9461869084409287e-03,2.4996324419935092e+01,4.9996324284826272e+00,2.4106273920299310e+00,2.2704387797421308e+00,0.0000000000000000e+00,0.0000000000000000e+00,3.1415926535897931e+00,0.0000000000000000e+00,2.5641884574025808e-01,3.1395524980439151e+00,1.9461869084409285e-03,1.8819100996701363e+00,3.2028285541755088e+00
max_c_e_gamma_mixing_angles_polarization_05_local_minimum_140,C_e_gamma,polarization_cluster_05_local_minimum_140,2.3769421602744907e+00,2.9749660504253921e+00,qout,1.8819100996701363e+00,-3.8321903781986786e-03,-2.3496139132718539e-04,-1.8819061831957811e+00,1.8819100996701363e+00,3.2028285541755084e+00,2.4996324419935092e+01,4.9996324284826272e+00,2.4106273920299310e+00,2.2704387797421308e+00,0.0000000000000000e+00,0.0000000000000000e+00,3.1415926535897931e+00,0.0000000000000000e+00,2.5641884574025808e-01,3.1395524980439151e+00,1.9461869084409285e-03,1.8819100996701363e+00,3.2028285541755088e+00
max_c_e_gamma_mixing_angles_polarization_05_local_minimum_142,C_e_gamma,polarization_cluster_05_local_minimum_142,2.3671416651906148e+00,2.9225613377683839e+00,k,2.0710939086994835e+00,0.0000000000000000e+00,0.0000000000000000e+00,-2.0683970330521184e+00,2.0683970330521184e+00,0.0000000000000000e+00,1.8855059150524013e+01,4.3422412589035178e+00,2.0683970330521184e+00,1.9406179136733253e+00,0.0000000000000000e+00,0.0000000000000000e+00,3.1415926535897931e+00,0.0000000000000000e+00,4.6730637182000651e-01,3.1414950051426072e+00,8.5658178980072453e-04,1.1063977942249383e+00,2.7879968939623732e+00
max_c_e_gamma_mixing_angles_polarization_05_local_minimum_142,C_e_gamma,polarization_cluster_05_local_minimum_142,2.3671416651906148e+00,2.9225613377683839e+00,p,2.2711473502040342e+00,0.0000000000000000e+00,0.0000000000000000e+00,2.0683970330521184e+00,2.0683970330521184e+00,0.0000000000000000e+00,1.8855059150524013e+01,4.3422412589035178e+00,2.0683970330521184e+00,1.9406179136733253e+00,0.0000000000000000e+00,0.0000000000000000e+00,3.1415926535897931e+00,0.0000000000000000e+00,4.6730637182000651e-01,3.1414950051426072e+00,8.5658178980072453e-04,1.1063977942249383e+00,2.7879968939623732e+00
max_c_e_gamma_mixing_angles_polarization_05_local_minimum_142,C_e_gamma,polarization_cluster_05_local_minimum_142,2.3671416651906148e+00,2.9225613377683839e+00,kp,1.0804219544238933e+00,-8.7411388298335302e-01,-7.8624772406512362e-04,-6.2615669658491058e-01,1.0752431851854940e+00,3.1424921330824880e+00,1.8855059150524013e+01,4.3422412589035178e+00,2.0683970330521184e+00,1.9406179136733253e+00,0.0000000000000000e+00,0.0000000000000000e+00,3.1415926535897931e+00,0.0000000000000000e+00,4.6730637182000651e-01,3.1414950051426072e+00,8.5658178980072453e-04,1.1063977942249383e+00,2.7879968939623732e+00
max_c_e_gamma_mixing_angles_polarization_05_local_minimum_142,C_e_gamma,polarization_cluster_05_local_minimum_142,2.3671416651906148e+00,2.9225613377683839e+00,pp,2.1554215102549685e+00,8.7421523709298155e-01,7.4883703560883568e-04,1.7325544855349762e+00,1.9406179136733253e+00,8.5658178980072463e-04,1.8855059150524013e+01,4.3422412589035178e+00,2.0683970330521184e+00,1.9406179136733253e+00,0.0000000000000000e+00,0.0000000000000000e+00,3.1415926535897931e+00,0.0000000000000000e+00,4.6730637182000651e-01,3.1414950051426072e+00,8.5658178980072453e-04,1.1063977942249383e+00,2.7879968939623732e+00
max_c_e_gamma_mixing_angles_polarization_05_local_minimum_142,C_e_gamma,polarization_cluster_05_local_minimum_142,2.3671416651906148e+00,2.9225613377683839e+00,qout,1.1063977942249383e+00,-1.0135410962857563e-04,3.7410688456287993e-05,-1.1063977889500656e+00,1.1063977942249383e+00,2.7879968939623732e+00,1.8855059150524013e+01,4.3422412589035178e+00,2.0683970330521184e+00,1.9406179136733253e+00,0.0000000000000000e+00,0.0000000000000000e+00,3.1415926535897931e+00,0.0000000000000000e+00,4.6730637182000651e-01,3.1414950051426072e+00,8.5658178980072453e-04,1.1063977942249383e+00,2.7879968939623732e+00
max_c_e_gamma_mixing_angles_polarization_05_local_minimum_143,C_e_gamma,polarization_cluster_05_local_minimum_143,7.9125798853487428e-01,3.0950253125614764e+00,k,2.4111209880380930e+00,0.0000000000000000e+00,0.0000000000000000e+00,-2.4088048336559962e+00,2.4088048336559962e+00,0.0000000000000000e+00,2.4961147089318587e+01,4.9961131982090432e+00,2.4088048336559962e+00,2.4037659000880147e+00,0.0000000000000000e+00,0.0000000000000000e+00,3.1415926535897931e+00,0.0000000000000000e+00,4.8168074171049249e-02,3.0666882000083637e+00,6.0222067981973613e+00,1.8155964568079643e+00,2.8322546141760663e+00
max_c_e_gamma_mixing_angles_polarization_05_local_minimum_143,C_e_gamma,polarization_cluster_05_local_minimum_143,7.9125798853487428e-01,3.0950253125614764e+00,p,2.5849922101709497e+00,0.0000000000000000e+00,0.0000000000000000e+00,2.4088048336559962e+00,2.4088048336559962e+00,0.0000000000000000e+00,2.4961147089318587e+01,4.9961131982090432e+00,2.4088048336559962e+00,2.4037659000880147e+00,0.0000000000000000e+00,0.0000000000000000e+00,3.1415926535897931e+00,0.0000000000000000e+00,4.8168074171049249e-02,3.0666882000083637e+00,6.0222067981973613e+00,1.8155964568079643e+00,2.8322546141760663e+00
max_c_e_gamma_mixing_angles_polarization_05_local_minimum_143,C_e_gamma,polarization_cluster_05_local_minimum_143,7.9125798853487428e-01,3.0950253125614764e+00,kp,6.0021937434761163e-01,1.7599323478629511e-02,-1.1498451252558838e-02,-5.9047239940646379e-01,5.9084651562731538e-01,5.7044613393666710e+00,2.4961147089318587e+01,4.9961131982090432e+00,2.4088048336559962e+00,2.4037659000880147e+00,0.0000000000000000e+00,0.0000000000000000e+00,3.1415926535897931e+00,0.0000000000000000e+00,4.8168074171049249e-02,3.0666882000083637e+00,6.0222067981973613e+00,1.8155964568079643e+00,2.8322546141760663e+00
max_c_e_gamma_mixing_angles_polarization_05_local_minimum_143,C_e_gamma,polarization_cluster_05_local_minimum_143,7.9125798853487428e-01,3.0950253125614764e+00,pp,2.5802973670540270e+00,1.1182081336578721e-01,-2.9863936592461070e-02,2.4009778744118737e+00,2.4037659000880147e+00,6.0222067981973613e+00,2.4961147089318587e+01,4.9961131982090432e+00,2.4088048336559962e+00,2.4037659000880147e+00,0.0000000000000000e+00,0.0000000000000000e+00,3.1415926535897931e+00,0.0000000000000000e+00,4.8168074171049249e-02,3.0666882000083637e+00,6.0222067981973613e+00,1.8155964568079643e+00,2.8322546141760663e+00
max_c_e_gamma_mixing_angles_polarization_05_local_minimum_143,C_e_gamma,polarization_cluster_05_local_minimum_143,7.9125798853487428e-01,3.0950253125614764e+00,qout,1.8155964568079643e+00,-1.2942013684441672e-01,4.1362387845019909e-02,-1.8105054750054099e+00,1.8155964568079643e+00,2.8322546141760663e+00,2.4961147089318587e+01,4.9961131982090432e+00,2.4088048336559962e+00,2.4037659000880147e+00,0.0000000000000000e+00,0.0000000000000000e+00,3.1415926535897931e+00,0.0000000000000000e+00,4.8168074171049249e-02,3.0666882000083637e+00,6.0222067981973613e+00,1.8155964568079643e+00,2.8322546141760663e+00
max_c_e_gamma_mixing_angles_polarization_05_local_minimum_147,C_e_gamma,polarization_cluster_05_local_minimum_147,8.0890243887836022e-01,3.1393703097096854e+00,k,1.3379157788722897e+00,0.0000000000000000e+00,0.0000000000000000e+00,-1.3337372076395511e+00,1.3337372076395511e+00,0.0000000000000000e+00,8.8117993418295235e+00,2.9684675072888238e+00,1.3337372076395511e+00,1.3263205451385205e+00,0.0000000000000000e+00,0.0000000000000000e+00,3.1415926535897931e+00,0.0000000000000000e+00,4.7263681680969130e-02,3.0805419330494370e+00,3.7994247039574205e+00,7.0811043399733553e-01,3.9032662553122770e+00
max_c_e_gamma_mixing_angles_polarization_05_local_minimum_147,C_e_gamma,polarization_cluster_05_local_minimum_147,8.0890243887836022e-01,3.1393703097096854e+00,p,1.6305517284165341e+00,0.0000000000000000e+00,0.0000000000000000e+00,1.3337372076395511e+00,1.3337372076395511e+00,0.0000000000000000e+00,8.8117993418295235e+00,2.9684675072888238e+00,1.3337372076395511e+00,1.3263205451385205e+00,0.0000000000000000e+00,0.0000000000000000e+00,3.1415926535897931e+00,0.0000000000000000e+00,4.7263681680969130e-02,3.0805419330494370e+00,3.7994247039574205e+00,7.0811043399733553e-01,3.9032662553122770e+00
max_c_e_gamma_mixing_angles_polarization_05_local_minimum_147,C_e_gamma,polarization_cluster_05_local_minimum_147,8.0890243887836022e-01,3.1393703097096854e+00,kp,6.3586632586968161e-01,8.0852634368778681e-02,6.8129003380847056e-02,-6.1804820400650806e-01,6.2702654813150382e-01,7.0020087922516794e-01,8.8117993418295235e+00,2.9684675072888238e+00,1.3337372076395511e+00,1.3263205451385205e+00,0.0000000000000000e+00,0.0000000000000000e+00,3.1415926535897931e+00,0.0000000000000000e+00,4.7263681680969130e-02,3.0805419330494370e+00,3.7994247039574205e+00,7.0811043399733553e-01,3.9032662553122770e+00
max_c_e_gamma_mixing_angles_polarization_05_local_minimum_147,C_e_gamma,polarization_cluster_05_local_minimum_147,8.0890243887836022e-01,3.1393703097096854e+00,pp,1.6244907474210317e+00,-4.9586819540161517e-02,-3.8312609136616993e-02,1.3248394165956787e+00,1.3263205451385205e+00,3.7994247039574205e+00,8.8117993418295235e+00,2.9684675072888238e+00,1.3337372076395511e+00,1.3263205451385205e+00,0.0000000000000000e+00,0.0000000000000000e+00,3.1415926535897931e+00,0.0000000000000000e+00,4.7263681680969130e-02,3.0805419330494370e+00,3.7994247039574205e+00,7.0811043399733553e-01,3.9032662553122770e+00
max_c_e_gamma_mixing_angles_polarization_05_local_minimum_147,C_e_gamma,polarization_cluster_05_local_minimum_147,8.0890243887836022e-01,3.1393703097096854e+00,qout,7.0811043399733553e-01,-3.1265814828617157e-02,-2.9816394244230066e-02,-7.0679121258917066e-01,7.0811043399733553e-01,3.9032662553122766e+00,8.8117993418295235e+00,2.9684675072888238e+00,1.3337372076395511e+00,1.3263205451385205e+00,0.0000000000000000e+00,0.0000000000000000e+00,3.1415926535897931e+00,0.0000000000000000e+00,4.7263681680969130e-02,3.0805419330494370e+00,3.7994247039574205e+00,7.0811043399733553e-01,3.9032662553122770e+00
max_c_e_gamma_mixing_angles_polarization_05_local_minimum_148,C_e_gamma,polarization_cluster_05_local_minimum_148,7.1063808994839828e-01,3.0324136777839135e+00,k,2.2973113103742642e+00,0.0000000000000000e+00,0.0000000000000000e+00,-2.2948802941461279e+00,2.2948802941461279e+00,0.0000000000000000e+00,2.2814842442458271e+01,4.7764885054251174e+00,2.2948802941461279e+00,2.2404562021319410e+00,0.0000000000000000e+00,0.0000000000000000e+00,3.1415926535897931e+00,0.0000000000000000e+00,1.5020315986208613e-01,3.1349546623125670e+00,3.5333570896737138e-02,1.7840421389170202e+00,4.6126658617878180e-02
max_c_e_gamma_mixing_angles_polarization_05_local_minimum_148,C_e_gamma,polarization_cluster_05_local_minimum_148,7.1063808994839828e-01,3.0324136777839135e+00,p,2.4791771950508537e+00,0.0000000000000000e+00,0.0000000000000000e+00,2.2948802941461279e+00,2.2948802941461279e+00,0.0000000000000000e+00,2.2814842442458271e+01,4.7764885054251174e+00,2.2948802941461279e+00,2.2404562021319410e+00,0.0000000000000000e+00,0.0000000000000000e+00,3.1415926535897931e+00,0.0000000000000000e+00,1.5020315986208613e-01,3.1349546623125670e+00,3.5333570896737138e-02,1.7840421389170202e+00,4.6126658617878180e-02
max_c_e_gamma_mixing_angles_polarization_05_local_minimum_148,C_e_gamma,polarization_cluster_05_local_minimum_148,7.1063808994839828e-01,3.0324136777839135e+00,kp,5.6356020333074586e-01,-3.4688015905967728e-01,-1.2389510910122964e-02,-4.3122739446263569e-01,5.5356698823619588e-01,3.1772944548380062e+00,2.2814842442458271e+01,4.7764885054251174e+00,2.2948802941461279e+00,2.2404562021319410e+00,0.0000000000000000e+00,0.0000000000000000e+00,3.1415926535897931e+00,0.0000000000000000e+00,1.5020315986208613e-01,3.1349546623125670e+00,3.5333570896737138e-02,1.7840421389170202e+00,4.6126658617878180e-02
max_c_e_gamma_mixing_angles_polarization_05_local_minimum_148,C_e_gamma,polarization_cluster_05_local_minimum_148,7.1063808994839828e-01,3.0324136777839135e+00,pp,2.4288861631767511e+00,3.3505038595718128e-01,1.1843455674887494e-02,2.2152302284636471e+00,2.2404562021319410e+00,3.5333570896737138e-02,2.2814842442458271e+01,4.7764885054251174e+00,2.2948802941461279e+00,2.2404562021319410e+00,0.0000000000000000e+00,0.0000000000000000e+00,3.1415926535897931e+00,0.0000000000000000e+00,1.5020315986208613e-01,3.1349546623125670e+00,3.5333570896737138e-02,1.7840421389170202e+00,4.6126658617878180e-02
max_c_e_gamma_mixing_angles_polarization_05_local_minimum_148,C_e_gamma,polarization_cluster_05_local_minimum_148,7.1063808994839828e-01,3.0324136777839135e+00,qout,1.7840421389170202e+00,1.1829773102495975e-02,5.4605523523547036e-04,-1.7840028340010115e+00,1.7840421389170202e+00,4.6126658617878173e-02,2.2814842442458271e+01,4.7764885054251174e+00,2.2948802941461279e+00,2.2404562021319410e+00,0.0000000000000000e+00,0.0000000000000000e+00,3.1415926535897931e+00,0.0000000000000000e+00,1.5020315986208613e-01,3.1349546623125670e+00,3.5333570896737138e-02,1.7840421389170202e+00,4.6126658617878180e-02
max_c_e_gamma_mixing_angles_polarization_05_local_minimum_153,C_e_gamma,polarization_cluster_05_local_minimum_153,8.9427198342532388e-01,2.9378291563029482e+00,k,1.9010481937699397e+00,0.0000000000000000e+00,0.0000000000000000e+00,-1.8981097288414732e+00,1.8981097288414732e+00,0.0000000000000000e+00,1.6146562811673320e+01,4.0182785881112482e+00,1.8981097288414732e+00,1.8861560074749211e+00,0.0000000000000000e+00,0.0000000000000000e+00,3.1415926535897931e+00,0.0000000000000000e+00,3.3544505838321015e-01,3.1310826940323997e+00,0.0000000000000000e+00,3.1332015113042649e-01,1.2593889140047951e-05
max_c_e_gamma_mixing_angles_polarization_05_local_minimum_153,C_e_gamma,polarization_cluster_05_local_minimum_153,8.9427198342532388e-01,2.9378291563029482e+00,p,2.1172303943413082e+00,0.0000000000000000e+00,0.0000000000000000e+00,1.8981097288414732e+00,1.8981097288414732e+00,0.0000000000000000e+00,1.6146562811673320e+01,4.0182785881112482e+00,1.8981097288414732e+00,1.8861560074749211e+00,0.0000000000000000e+00,0.0000000000000000e+00,3.1415926535897931e+00,0.0000000000000000e+00,3.3544505838321015e-01,3.1310826940323997e+00,0.0000000000000000e+00,3.1332015113042649e-01,1.2593889140047951e-05
max_c_e_gamma_mixing_angles_polarization_05_local_minimum_153,C_e_gamma,polarization_cluster_05_local_minimum_153,8.9427198342532388e-01,2.9378291563029482e+00,kp,1.5984379684037531e+00,-6.2419558968585342e-01,-4.1470688239242856e-08,-1.4677261707614764e+00,1.5949420824974863e+00,3.1415927200284046e+00,1.6146562811673320e+01,4.0182785881112482e+00,1.8981097288414732e+00,1.8861560074749211e+00,0.0000000000000000e+00,0.0000000000000000e+00,3.1415926535897931e+00,0.0000000000000000e+00,3.3544505838321015e-01,3.1310826940323997e+00,0.0000000000000000e+00,3.1332015113042649e-01,1.2593889140047951e-05
max_c_e_gamma_mixing_angles_polarization_05_local_minimum_153,C_e_gamma,polarization_cluster_05_local_minimum_153,8.9427198342532388e-01,2.9378291563029482e+00,pp,2.1065204685769694e+00,6.2090266819227158e-01,0.0000000000000000e+00,1.7810290174967538e+00,1.8861560074749211e+00,0.0000000000000000e+00,1.6146562811673320e+01,4.0182785881112482e+00,1.8981097288414732e+00,1.8861560074749211e+00,0.0000000000000000e+00,0.0000000000000000e+00,3.1415926535897931e+00,0.0000000000000000e+00,3.3544505838321015e-01,3.1310826940323997e+00,0.0000000000000000e+00,3.1332015113042649e-01,1.2593889140047951e-05
max_c_e_gamma_mixing_angles_polarization_05_local_minimum_153,C_e_gamma,polarization_cluster_05_local_minimum_153,8.9427198342532388e-01,2.9378291563029482e+00,qout,3.1332015113042649e-01,3.2929214935818033e-03,4.1470688239242856e-08,-3.1330284673527736e-01,3.1332015113042649e-01,1.2593889140047951e-05,1.6146562811673320e+01,4.0182785881112482e+00,1.8981097288414732e+00,1.8861560074749211e+00,0.0000000000000000e+00,0.0000000000000000e+00,3.1415926535897931e+00,0.0000000000000000e+00,3.3544505838321015e-01,3.1310826940323997e+00,0.0000000000000000e+00,3.1332015113042649e-01,1.2593889140047951e-05
max_c_e_gamma_mixing_angles_polarization_05_local_minimum_154,C_e_gamma,polarization_cluster_05_local_minimum_154,2.3577207500289288e+00,3.0227406384889393e+00,k,2.4129131802509942e+00,0.0000000000000000e+00,0.0000000000000000e+00,-2.4105987478457851e+00,2.4105987478457851e+00,0.0000000000000000e+00,2.4995771351609051e+01,4.9995771172779264e+00,2.4105987478457851e+00,2.3581537407375102e+00,0.0000000000000000e+00,0.0000000000000000e+00,3.1415926535897931e+00,0.0000000000000000e+00,1.5052050890725047e-01,3.1305260518584324e+00,6.2354032194949882e+00,1.8332670819059367e+00,7.5238072055892380e-01
max_c_e_gamma_mixing_angles_polarization_05_local_minimum_154,C_e_gamma,polarization_cluster_05_local_minimum_154,2.3577207500289288e+00,3.0227406384889393e+00,p,2.5866639370269318e+00,0.0000000000000000e+00,0.0000000000000000e+00,2.4105987478457851e+00,2.4105987478457851e+00,0.0000000000000000e+00,2.4995771351609051e+01,4.9995771172779264e+00,2.4105987478457851e+00,2.3581537407375102e+00,0.0000000000000000e+00,0.0000000000000000e+00,3.1415926535897931e+00,0.0000000000000000e+00,1.5052050890725047e-01,3.1305260518584324e+00,6.2354032194949882e+00,1.8332670819059367e+00,7.5238072055892380e-01
max_c_e_gamma_mixing_angles_polarization_05_local_minimum_154,C_e_gamma,polarization_cluster_05_local_minimum_154,2.3577207500289288e+00,3.0227406384889393e+00,kp,6.2845009736243940e-01,-3.6801936991663498e-01,3.0257459934926074e-03,-4.9833565073041530e-01,6.1950450568301807e-01,3.1333711357375429e+00,2.4995771351609051e+01,4.9995771172779264e+00,2.4105987478457851e+00,2.3581537407375102e+00,0.0000000000000000e+00,0.0000000000000000e+00,3.1415926535897931e+00,0.0000000000000000e+00,1.5052050890725047e-01,3.1305260518584324e+00,6.2354032194949882e+00,1.8332670819059367e+00,7.5238072055892380e-01
max_c_e_gamma_mixing_angles_polarization_05_local_minimum_154,C_e_gamma,polarization_cluster_05_local_minimum_154,2.3577207500289288e+00,3.0227406384889393e+00,pp,2.5378599380096434e+00,3.5320810693397209e-01,-1.6889876609522462e-02,2.3314904739712206e+00,2.3581537407375102e+00,6.2354032194949882e+00,2.4995771351609051e+01,4.9995771172779264e+00,2.4105987478457851e+00,2.3581537407375102e+00,0.0000000000000000e+00,0.0000000000000000e+00,3.1415926535897931e+00,0.0000000000000000e+00,1.5052050890725047e-01,3.1305260518584324e+00,6.2354032194949882e+00,1.8332670819059367e+00,7.5238072055892380e-01
max_c_e_gamma_mixing_angles_polarization_05_local_minimum_154,C_e_gamma,polarization_cluster_05_local_minimum_154,2.3577207500289288e+00,3.0227406384889393e+00,qout,1.8332670819059367e+00,1.4811262982662870e-02,1.3864130616029854e-02,-1.8331548232408053e+00,1.8332670819059367e+00,7.5238072055892380e-01,2.4995771351609051e+01,4.9995771172779264e+00,2.4105987478457851e+00,2.3581537407375102e+00,0.0000000000000000e+00,0.0000000000000000e+00,3.1415926535897931e+00,0.0000000000000000e+00,1.5052050890725047e-01,3.1305260518584324e+00,6.2354032194949882e+00,1.8332670819059367e+00,7.5238072055892380e-01
max_c_e_gamma_mixing_angles_polarization_05_local_minimum_156,C_e_gamma,polarization_cluster_05_local_minimum_156,1.4906521276862366e+00,3.0685245216415340e+00,k,1.8404946107874156e+00,0.0000000000000000e+00,0.0000000000000000e+00,-1.8374593111207174e+00,1.8374593111207174e+00,0.0000000000000000e+00,1.5237519408888925e+01,3.9035265349282469e+00,1.8374593111207174e+00,1.7266510679471565e+00,0.0000000000000000e+00,0.0000000000000000e+00,3.1415926535897931e+00,0.0000000000000000e+00,2.5100227835340876e+00,8.3035908449692231e-01,6.2827886137850664e+00,1.4282026926708251e+00,3.3840598334576586e+00
max_c_e_gamma_mixing_angles_polarization_05_local_minimum_156,C_e_gamma,polarization_cluster_05_local_minimum_156,1.4906521276862366e+00,3.0685245216415340e+00,p,2.0630319241408315e+00,0.0000000000000000e+00,0.0000000000000000e+00,1.8374593111207174e+00,1.8374593111207174e+00,0.0000000000000000e+00,1.5237519408888925e+01,3.9035265349282469e+00,1.8374593111207174e+00,1.7266510679471565e+00,0.0000000000000000e+00,0.0000000000000000e+00,3.1415926535897931e+00,0.0000000000000000e+00,2.5100227835340876e+00,8.3035908449692231e-01,6.2827886137850664e+00,1.4282026926708251e+00,3.3840598334576586e+00
max_c_e_gamma_mixing_angles_polarization_05_local_minimum_156,C_e_gamma,polarization_cluster_05_local_minimum_156,1.4906521276862366e+00,3.0685245216415340e+00,kp,5.1033836891566819e-01,3.9865996541121884e-03,2.5353089368843384e-01,4.3010202445809009e-01,4.9928104157298586e-01,1.5550733074927070e+00,1.5237519408888925e+01,3.9035265349282469e+00,1.8374593111207174e+00,1.7266510679471565e+00,0.0000000000000000e+00,0.0000000000000000e+00,3.1415926535897931e+00,0.0000000000000000e+00,2.5100227835340876e+00,8.3035908449692231e-01,6.2827886137850664e+00,1.4282026926708251e+00,3.3840598334576586e+00
max_c_e_gamma_mixing_angles_polarization_05_local_minimum_156,C_e_gamma,polarization_cluster_05_local_minimum_156,1.4906521276862366e+00,3.0685245216415340e+00,pp,1.9649854733414840e+00,1.0194363446194636e+00,-4.0440368525735039e-04,-1.3935828953347631e+00,1.7266510679471565e+00,6.2827886137850664e+00,1.5237519408888925e+01,3.9035265349282469e+00,1.8374593111207174e+00,1.7266510679471565e+00,0.0000000000000000e+00,0.0000000000000000e+00,3.1415926535897931e+00,0.0000000000000000e+00,2.5100227835340876e+00,8.3035908449692231e-01,6.2827886137850664e+00,1.4282026926708251e+00,3.3840598334576586e+00
max_c_e_gamma_mixing_angles_polarization_05_local_minimum_156,C_e_gamma,polarization_cluster_05_local_minimum_156,1.4906521276862366e+00,3.0685245216415340e+00,qout,1.4282026926708251e+00,-1.0234229442735758e+00,-2.5312649000317650e-01,9.6348087087667300e-01,1.4282026926708249e+00,3.3840598334576582e+00,1.5237519408888925e+01,3.9035265349282469e+00,1.8374593111207174e+00,1.7266510679471565e+00,0.0000000000000000e+00,0.0000000000000000e+00,3.1415926535897931e+00,0.0000000000000000e+00,2.5100227835340876e+00,8.3035908449692231e-01,6.2827886137850664e+00,1.4282026926708251e+00,3.3840598334576586e+00
max_c_e_gamma_mixing_angles_polarization_05_local_minimum_160,C_e_gamma,polarization_cluster_05_local_minimum_160,2.3612687240990229e+00,2.9578885831847996e+00,k,2.4129746398131360e+00,0.0000000000000000e+00,0.0000000000000000e+00,-2.4106602664141694e+00,2.4106602664141694e+00,0.0000000000000000e+00,2.4996959173975252e+01,4.9996959081503398e+00,2.4106602664141694e+00,2.2728932634645567e+00,0.0000000000000000e+00,0.0000000000000000e+00,3.1415926535897931e+00,0.0000000000000000e+00,2.8428207360047997e-01,3.1386157556322614e+00,3.0549541319980097e-03,1.7893464785857749e+00,3.2904835229735032e+00
max_c_e_gamma_mixing_angles_polarization_05_local_minimum_160,C_e_gamma,polarization_cluster_05_local_minimum_160,2.3612687240990229e+00,2.9578885831847996e+00,p,2.5867212683372043e+00,0.0000000000000000e+00,0.0000000000000000e+00,2.4106602664141694e+00,2.4106602664141694e+00,0.0000000000000000e+00,2.4996959173975252e+01,4.9996959081503398e+00,2.4106602664141694e+00,2.2728932634645567e+00,0.0000000000000000e+00,0.0000000000000000e+00,3.1415926535897931e+00,0.0000000000000000e+00,2.8428207360047997e-01,3.1386157556322614e+00,3.0549541319980097e-03,1.7893464785857749e+00,3.2904835229735032e+00
max_c_e_gamma_mixing_angles_polarization_05_local_minimum_160,C_e_gamma,polarization_cluster_05_local_minimum_160,2.3612687240990229e+00,2.9578885831847996e+00,kp,7.5151072255232398e-01,-6.3220402998978664e-01,-1.1572840813727941e-03,-3.9232817762180283e-01,7.4404615031449295e-01,3.1434232062813576e+00,2.4996959173975252e+01,4.9996959081503398e+00,2.4106602664141694e+00,2.2728932634645567e+00,0.0000000000000000e+00,0.0000000000000000e+00,3.1415926535897931e+00,0.0000000000000000e+00,2.8428207360047997e-01,3.1386157556322614e+00,3.0549541319980097e-03,1.7893464785857749e+00,3.2904835229735032e+00
max_c_e_gamma_mixing_angles_polarization_05_local_minimum_160,C_e_gamma,polarization_cluster_05_local_minimum_160,2.3612687240990229e+00,2.9578885831847996e+00,pp,2.4588387070124309e+00,6.3747179060848014e-01,1.9474531391163350e-03,2.1816667276894632e+00,2.2728932634645567e+00,3.0549541319980097e-03,2.4996959173975252e+01,4.9996959081503398e+00,2.4106602664141694e+00,2.2728932634645567e+00,0.0000000000000000e+00,0.0000000000000000e+00,3.1415926535897931e+00,0.0000000000000000e+00,2.8428207360047997e-01,3.1386157556322614e+00,3.0549541319980097e-03,1.7893464785857749e+00,3.2904835229735032e+00
max_c_e_gamma_mixing_angles_polarization_05_local_minimum_160,C_e_gamma,polarization_cluster_05_local_minimum_160,2.3612687240990229e+00,2.9578885831847996e+00,qout,1.7893464785857749e+00,-5.2677606186934981e-03,-7.9016905774354092e-04,-1.7893385500676604e+00,1.7893464785857749e+00,3.2904835229735028e+00,2.4996959173975252e+01,4.9996959081503398e+00,2.4106602664141694e+00,2.2728932634645567e+00,0.0000000000000000e+00,0.0000000000000000e+00,3.1415926535897931e+00,0.0000000000000000e+00,2.8428207360047997e-01,3.1386157556322614e+00,3.0549541319980097e-03,1.7893464785857749e+00,3.2904835229735032e+00
max_c_e_gamma_mixing_angles_polarization_05_local_minimum_164,C_e_gamma,polarization_cluster_05_local_minimum_164,2.3596268811406578e+00,3.0754551759828872e+00,k,1.7746978462744705e+00,0.0000000000000000e+00,0.0000000000000000e+00,-1.7715498167587456e+00,1.7715498167587456e+00,0.0000000000000000e+00,1.4282737003275379e+01,3.7792508521233916e+00,1.7715498167587456e+00,1.7117623932514685e+00,0.0000000000000000e+00,0.0000000000000000e+00,3.1415926535897931e+00,0.0000000000000000e+00,1.6273723133894641e-01,3.1234287590515302e+00,6.1884606840556877e+00,1.4088916710843535e+00,9.0380098712582702e-01
max_c_e_gamma_mixing_angles_polarization_05_local_minimum_164,C_e_gamma,polarization_cluster_05_local_minimum_164,2.3596268811406578e+00,3.0754551759828872e+00,p,2.0045530058489209e+00,0.0000000000000000e+00,0.0000000000000000e+00,1.7715498167587456e+00,1.7715498167587456e+00,0.0000000000000000e+00,1.4282737003275379e+01,3.7792508521233916e+00,1.7715498167587456e+00,1.7117623932514685e+00,0.0000000000000000e+00,0.0000000000000000e+00,3.1415926535897931e+00,0.0000000000000000e+00,1.6273723133894641e-01,3.1234287590515302e+00,6.1884606840556877e+00,1.4088916710843535e+00,9.0380098712582702e-01
max_c_e_gamma_mixing_angles_polarization_05_local_minimum_164,C_e_gamma,polarization_cluster_05_local_minimum_164,2.3596268811406578e+00,3.0754551759828872e+00,kp,4.1844358579770491e-01,-2.9192662631790439e-01,6.1263116703125856e-03,-2.8048646194407856e-01,4.0488435655374760e-01,3.1206099407915420e+00,1.4282737003275379e+01,3.7792508521233916e+00,1.7715498167587456e+00,1.7117623932514685e+00,0.0000000000000000e+00,0.0000000000000000e+00,3.1415926535897931e+00,0.0000000000000000e+00,1.6273723133894641e-01,3.1234287590515302e+00,6.1884606840556877e+00,1.4088916710843535e+00,9.0380098712582702e-01
max_c_e_gamma_mixing_angles_polarization_05_local_minimum_164,C_e_gamma,polarization_cluster_05_local_minimum_164,2.3596268811406578e+00,3.0754551759828872e+00,pp,1.9519155952422724e+00,2.7609621081545288e-01,-2.6231613092771538e-02,1.6891457236715532e+00,1.7117623932514685e+00,6.1884606840556877e+00,1.4282737003275379e+01,3.7792508521233916e+00,1.7715498167587456e+00,1.7117623932514685e+00,0.0000000000000000e+00,0.0000000000000000e+00,3.1415926535897931e+00,0.0000000000000000e+00,1.6273723133894641e-01,3.1234287590515302e+00,6.1884606840556877e+00,1.4088916710843535e+00,9.0380098712582702e-01
max_c_e_gamma_mixing_angles_polarization_05_local_minimum_164,C_e_gamma,polarization_cluster_05_local_minimum_164,2.3596268811406578e+00,3.0754551759828872e+00,qout,1.4088916710843535e+00,1.5830415502451529e-02,2.0105301422458952e-02,-1.4086592617274747e+00,1.4088916710843535e+00,9.0380098712582702e-01,1.4282737003275379e+01,3.7792508521233916e+00,1.7715498167587456e+00,1.7117623932514685e+00,0.0000000000000000e+00,0.0000000000000000e+00,3.1415926535897931e+00,0.0000000000000000e+00,1.6273723133894641e-01,3.1234287590515302e+00,6.1884606840556877e+00,1.4088916710843535e+00,9.0380098712582702e-01
max_c_e_gamma_mixing_angles_polarization_05_local_minimum_166,C_e_gamma,polarization_cluster_05_local_minimum_166,2.3027464809994695e+00,2.9398652819180211e+00,k,1.7690157197255798e+00,0.0000000000000000e+00,0.0000000000000000e+00,-1.7658575605985076e+00,1.7658575605985076e+00,0.0000000000000000e+00,1.4201892934205782e+01,3.7685398942038262e+00,1.7658575605985076e+00,1.7589376035879876e+00,0.0000000000000000e+00,0.0000000000000000e+00,3.1415926535897931e+00,0.0000000000000000e+00,3.6097267569391372e-01,2.7678295539132036e+00,2.5288194520673882e-03,1.4096609875639479e+00,3.1440833700258222e+00
max_c_e_gamma_mixing_angles_polarization_05_local_minimum_166,C_e_gamma,polarization_cluster_05_local_minimum_166,2.3027464809994695e+00,2.9398652819180211e+00,p,1.9995241744782462e+00,0.0000000000000000e+00,0.0000000000000000e+00,1.7658575605985076e+00,1.7658575605985076e+00,0.0000000000000000e+00,1.4201892934205782e+01,3.7685398942038262e+00,1.7658575605985076e+00,1.7589376035879876e+00,0.0000000000000000e+00,0.0000000000000000e+00,3.1415926535897931e+00,0.0000000000000000e+00,3.6097267569391372e-01,2.7678295539132036e+00,2.5288194520673882e-03,1.4096609875639479e+00,3.1440833700258222e+00
max_c_e_gamma_mixing_angles_polarization_05_local_minimum_166,C_e_gamma,polarization_cluster_05_local_minimum_166,2.3027464809994695e+00,2.9398652819180211e+00,kp,3.6546337210749524e-01,-1.0653165773973838e-01,-2.8901148319689617e-04,-3.3324271396456417e-01,3.4985680504869776e-01,3.1443055633510655e+00,1.4201892934205782e+01,3.7685398942038262e+00,1.7658575605985076e+00,1.7589376035879876e+00,0.0000000000000000e+00,0.0000000000000000e+00,3.1415926535897931e+00,0.0000000000000000e+00,3.6097267569391372e-01,2.7678295539132036e+00,2.5288194520673882e-03,1.4096609875639479e+00,3.1440833700258222e+00
max_c_e_gamma_mixing_angles_polarization_05_local_minimum_166,C_e_gamma,polarization_cluster_05_local_minimum_166,2.3027464809994695e+00,2.9398652819180211e+00,pp,1.9934155345325901e+00,6.2122731923598118e-01,1.5709750777984646e-03,1.6455806401352788e+00,1.7589376035879876e+00,2.5288194520673882e-03,1.4201892934205782e+01,3.7685398942038262e+00,1.7658575605985076e+00,1.7589376035879876e+00,0.0000000000000000e+00,0.0000000000000000e+00,3.1415926535897931e+00,0.0000000000000000e+00,3.6097267569391372e-01,2.7678295539132036e+00,2.5288194520673882e-03,1.4096609875639479e+00,3.1440833700258222e+00
max_c_e_gamma_mixing_angles_polarization_05_local_minimum_166,C_e_gamma,polarization_cluster_05_local_minimum_166,2.3027464809994695e+00,2.9398652819180211e+00,qout,1.4096609875639479e+00,-5.1469566149624280e-01,-1.2819635946015684e-03,-1.3123379261707147e+00,1.4096609875639479e+00,3.1440833700258217e+00,1.4201892934205782e+01,3.7685398942038262e+00,1.7658575605985076e+00,1.7589376035879876e+00,0.0000000000000000e+00,0.0000000000000000e+00,3.1415926535897931e+00,0.0000000000000000e+00,3.6097267569391372e-01,2.7678295539132036e+00,2.5288194520673882e-03,1.4096609875639479e+00,3.1440833700258222e+00
max_c_e_gamma_mixing_angles_polarization_05_local_minimum_167,C_e_gamma,polarization_cluster_05_local_minimum_167,7.7574947528854887e-01,3.1192968831710646e+00,k,2.1216334051201629e+00,0.0000000000000000e+00,0.0000000000000000e+00,-2.1190008526209891e+00,2.1190008526209891e+00,0.0000000000000000e+00,1.9704377501474124e+01,4.4389613088507680e+00,2.1190008526209891e+00,2.1129777952783813e+00,0.0000000000000000e+00,0.0000000000000000e+00,3.1415926535897931e+00,0.0000000000000000e+00,4.7330916281385298e-02,3.0647990083532450e+00,9.1102188608287415e-01,1.6195047002230636e+00,3.9933173285396544e+00
max_c_e_gamma_mixing_angles_polarization_05_local_minimum_167,C_e_gamma,polarization_cluster_05_local_minimum_167,7.7574947528854887e-01,3.1192968831710646e+00,p,2.3173279037306047e+00,0.0000000000000000e+00,0.0000000000000000e+00,2.1190008526209891e+00,2.1190008526209891e+00,0.0000000000000000e+00,1.9704377501474124e+01,4.4389613088507680e+00,2.1190008526209891e+00,2.1129777952783813e+00,0.0000000000000000e+00,0.0000000000000000e+00,3.1415926535897931e+00,0.0000000000000000e+00,4.7330916281385298e-02,3.0647990083532450e+00,9.1102188608287415e-01,1.6195047002230636e+00,3.9933173285396544e+00
max_c_e_gamma_mixing_angles_polarization_05_local_minimum_167,C_e_gamma,polarization_cluster_05_local_minimum_167,7.7574947528854887e-01,3.1192968831710646e+00,kp,5.0763499714008475e-01,2.0562202191715249e-02,1.4493669636438791e-02,-4.9587975093727277e-01,4.9651746999286428e-01,6.1398662917633173e-01,1.9704377501474124e+01,4.4389613088507680e+00,2.1190008526209891e+00,2.1129777952783813e+00,0.0000000000000000e+00,0.0000000000000000e+00,3.1415926535897931e+00,0.0000000000000000e+00,4.7330916281385298e-02,3.0647990083532450e+00,9.1102188608287415e-01,1.6195047002230636e+00,3.9933173285396544e+00
max_c_e_gamma_mixing_angles_polarization_05_local_minimum_167,C_e_gamma,polarization_cluster_05_local_minimum_167,7.7574947528854887e-01,3.1192968831710646e+00,pp,2.3118216114872467e+00,6.1276603640823692e-02,7.8990799664914832e-02,2.1106114741358799e+00,2.1129777952783813e+00,9.1102188608287415e-01,1.9704377501474124e+01,4.4389613088507680e+00,2.1190008526209891e+00,2.1129777952783813e+00,0.0000000000000000e+00,0.0000000000000000e+00,3.1415926535897931e+00,0.0000000000000000e+00,4.7330916281385298e-02,3.0647990083532450e+00,9.1102188608287415e-01,1.6195047002230636e+00,3.9933173285396544e+00
max_c_e_gamma_mixing_angles_polarization_05_local_minimum_167,C_e_gamma,polarization_cluster_05_local_minimum_167,7.7574947528854887e-01,3.1192968831710646e+00,qout,1.6195047002230636e+00,-8.1838805832538941e-02,-9.3484469301353623e-02,-1.6147317231986071e+00,1.6195047002230636e+00,3.9933173285396544e+00,1.9704377501474124e+01,4.4389613088507680e+00,2.1190008526209891e+00,2.1129777952783813e+00,0.0000000000000000e+00,0.0000000000000000e+00,3.1415926535897931e+00,0.0000000000000000e+00,4.7330916281385298e-02,3.0647990083532450e+00,9.1102188608287415e-01,1.6195047002230636e+00,3.9933173285396544e+00
max_c_e_gamma_mixing_angles_polarization_05_local_minimum_169,C_e_gamma,polarization_cluster_05_local_minimum_169,7.0877365267496606e-01,3.0385897103323889e+00,k,2.3664061344788854e+00,0.0000000000000000e+00,0.0000000000000000e+00,-2.3640461715004641e+00,2.3640461715004641e+00,0.0000000000000000e+00,2.4105568390937734e+01,4.9097421919014987e+00,2.3640461715004641e+00,2.2941802835117566e+00,0.0000000000000000e+00,0.0000000000000000e+00,3.1415926535897931e+00,0.0000000000000000e+00,1.4685354057550404e-01,3.1362436117999959e+00,3.3784073761379742e-02,1.9454379744440391e+00,4.6900082573966585e-02
max_c_e_gamma_mixing_angles_polarization_05_local_minimum_169,C_e_gamma,polarization_cluster_05_local_minimum_169,7.0877365267496606e-01,3.0385897103323889e+00,p,2.5433360574226134e+00,0.0000000000000000e+00,0.0000000000000000e+00,2.3640461715004641e+00,2.3640461715004641e+00,0.0000000000000000e+00,2.4105568390937734e+01,4.9097421919014987e+00,2.3640461715004641e+00,2.2941802835117566e+00,0.0000000000000000e+00,0.0000000000000000e+00,3.1415926535897931e+00,0.0000000000000000e+00,1.4685354057550404e-01,3.1362436117999959e+00,3.3784073761379742e-02,1.9454379744440391e+00,4.6900082573966585e-02
max_c_e_gamma_mixing_angles_polarization_05_local_minimum_169,C_e_gamma,polarization_cluster_05_local_minimum_169,7.0877365267496606e-01,3.0385897103323889e+00,kp,4.8577498154823934e-01,-3.4590202081120863e-01,-1.1826988953239338e-02,-3.2407646430420622e-01,4.7414516804971585e-01,3.1757710700057018e+00,2.4105568390937734e+01,4.9097421919014987e+00,2.3640461715004641e+00,2.2941802835117566e+00,0.0000000000000000e+00,0.0000000000000000e+00,3.1415926535897931e+00,0.0000000000000000e+00,1.4685354057550404e-01,3.1362436117999959e+00,3.3784073761379742e-02,1.9454379744440391e+00,4.6900082573966585e-02
max_c_e_gamma_mixing_angles_polarization_05_local_minimum_169,C_e_gamma,polarization_cluster_05_local_minimum_169,7.0877365267496606e-01,3.0385897103323889e+00,pp,2.4785292359086837e+00,3.3550728412138486e-01,1.1339117181216805e-02,2.2694866071376421e+00,2.2941802835117562e+00,3.3784073761379742e-02,2.4105568390937734e+01,4.9097421919014987e+00,2.3640461715004641e+00,2.2941802835117566e+00,0.0000000000000000e+00,0.0000000000000000e+00,3.1415926535897931e+00,0.0000000000000000e+00,1.4685354057550404e-01,3.1362436117999959e+00,3.3784073761379742e-02,1.9454379744440391e+00,4.6900082573966585e-02
max_c_e_gamma_mixing_angles_polarization_05_local_minimum_169,C_e_gamma,polarization_cluster_05_local_minimum_169,7.0877365267496606e-01,3.0385897103323889e+00,qout,1.9454379744440391e+00,1.0394736689823766e-02,4.8787177202253294e-04,-1.9454101428334358e+00,1.9454379744440391e+00,4.6900082573966585e-02,2.4105568390937734e+01,4.9097421919014987e+00,2.3640461715004641e+00,2.2941802835117566e+00,0.0000000000000000e+00,0.0000000000000000e+00,3.1415926535897931e+00,0.0000000000000000e+00,1.4685354057550404e-01,3.1362436117999959e+00,3.3784073761379742e-02,1.9454379744440391e+00,4.6900082573966585e-02
max_c_e_gamma_mixing_angles_polarization_05_local_minimum_172,C_e_gamma,polarization_cluster_05_local_minimum_172,8.6687330329191570e-01,3.1159943458988213e+00,k,1.4549748260307336e+00,0.0000000000000000e+00,0.0000000000000000e+00,-1.4511333681195069e+00,1.4511333681195069e+00,0.0000000000000000e+00,1.0130680446564511e+01,3.1828729862444263e+00,1.4511333681195069e+00,1.4378170763941092e+00,0.0000000000000000e+00,0.0000000000000000e+00,3.1415926535897931e+00,0.0000000000000000e+00,8.7413920177116453e-02,3.0909965493760536e+00,1.7849508818171505e-03,8.4641136293475749e-01,1.6218485598308507e-03
max_c_e_gamma_mixing_angles_polarization_05_local_minimum_172,C_e_gamma,polarization_cluster_05_local_minimum_172,8.6687330329191570e-01,3.1159943458988213e+00,p,1.7278981602136927e+00,0.0000000000000000e+00,0.0000000000000000e+00,1.4511333681195069e+00,1.4511333681195069e+00,0.0000000000000000e+00,1.0130680446564511e+01,3.1828729862444263e+00,1.4511333681195069e+00,1.4378170763941092e+00,0.0000000000000000e+00,0.0000000000000000e+00,3.1415926535897931e+00,0.0000000000000000e+00,8.7413920177116453e-02,3.0909965493760536e+00,1.7849508818171505e-03,8.4641136293475749e-01,1.6218485598308507e-03
max_c_e_gamma_mixing_angles_polarization_05_local_minimum_172,C_e_gamma,polarization_cluster_05_local_minimum_172,8.6687330329191570e-01,3.1159943458988213e+00,kp,6.1973160808517413e-01,-1.6833181589472584e-01,-2.9348243491051826e-04,-5.8699905227536897e-01,6.1065831178043983e-01,3.1433361275491523e+00,1.0130680446564511e+01,3.1828729862444263e+00,1.4511333681195069e+00,1.4378170763941092e+00,0.0000000000000000e+00,0.0000000000000000e+00,3.1415926535897931e+00,0.0000000000000000e+00,8.7413920177116453e-02,3.0909965493760536e+00,1.7849508818171505e-03,8.4641136293475749e-01,1.6218485598308507e-03
max_c_e_gamma_mixing_angles_polarization_05_local_minimum_172,C_e_gamma,polarization_cluster_05_local_minimum_172,8.6687330329191570e-01,3.1159943458988213e+00,pp,1.7167300152238567e+00,1.2552502413453479e-01,2.2405624047054301e-04,1.4323272542562782e+00,1.4378170763941092e+00,1.7849508818171501e-03,1.0130680446564511e+01,3.1828729862444263e+00,1.4511333681195069e+00,1.4378170763941092e+00,0.0000000000000000e+00,0.0000000000000000e+00,3.1415926535897931e+00,0.0000000000000000e+00,8.7413920177116453e-02,3.0909965493760536e+00,1.7849508818171505e-03,8.4641136293475749e-01,1.6218485598308507e-03
max_c_e_gamma_mixing_angles_polarization_05_local_minimum_172,C_e_gamma,polarization_cluster_05_local_minimum_172,8.6687330329191570e-01,3.1159943458988213e+00,qout,8.4641136293475749e-01,4.2806791760191074e-02,6.9426194439975225e-05,-8.4532820198090919e-01,8.4641136293475738e-01,1.6218485598308507e-03,1.0130680446564511e+01,3.1828729862444263e+00,1.4511333681195069e+00,1.4378170763941092e+00,0.0000000000000000e+00,0.0000000000000000e+00,3.1415926535897931e+00,0.0000000000000000e+00,8.7413920177116453e-02,3.0909965493760536e+00,1.7849508818171505e-03,8.4641136293475749e-01,1.6218485598308507e-03
max_c_e_gamma_mixing_angles_polarization_05_local_minimum_175,C_e_gamma,polarization_cluster_05_local_minimum_175,2.2765089352693697e+00,2.8901364936337615e+00,k,1.9661677468456265e+00,0.0000000000000000e+00,0.0000000000000000e+00,-1.9633267472386526e+00,1.9633267472386526e+00,0.0000000000000000e+00,1.7156639759443280e+01,4.1420574307273048e+00,1.9633267472386526e+00,1.9567156996613788e+00,0.0000000000000000e+00,0.0000000000000000e+00,3.1415926535897931e+00,0.0000000000000000e+00,5.9865804767649144e-01,2.5380516564392352e+00,6.2828363333961441e+00,1.5999066294753026e+00,3.1412717905738314e+00
max_c_e_gamma_mixing_angles_polarization_05_local_minimum_175,C_e_gamma,polarization_cluster_05_local_minimum_175,2.2765089352693697e+00,2.8901364936337615e+00,p,2.1758896838816781e+00,0.0000000000000000e+00,0.0000000000000000e+00,1.9633267472386526e+00,1.9633267472386526e+00,0.0000000000000000e+00,1.7156639759443280e+01,4.1420574307273048e+00,1.9633267472386526e+00,1.9567156996613788e+00,0.0000000000000000e+00,0.0000000000000000e+00,3.1415926535897931e+00,0.0000000000000000e+00,5.9865804767649144e-01,2.5380516564392352e+00,6.2828363333961441e+00,1.5999066294753026e+00,3.1412717905738314e+00
max_c_e_gamma_mixing_angles_polarization_05_local_minimum_175,C_e_gamma,polarization_cluster_05_local_minimum_175,2.2765089352693697e+00,2.8901364936337615e+00,kp,3.7222445934580695e-01,-1.9463128776294647e-01,9.3447071689079289e-05,-2.9917554865556983e-01,3.5691365317395646e-01,3.1411125300414025e+00,1.7156639759443280e+01,4.1420574307273048e+00,1.9633267472386526e+00,1.9567156996613788e+00,0.0000000000000000e+00,0.0000000000000000e+00,3.1415926535897931e+00,0.0000000000000000e+00,5.9865804767649144e-01,2.5380516564392352e+00,6.2828363333961441e+00,1.5999066294753026e+00,3.1412717905738314e+00
max_c_e_gamma_mixing_angles_polarization_05_local_minimum_175,C_e_gamma,polarization_cluster_05_local_minimum_175,2.2765089352693697e+00,2.8901364936337615e+00,pp,2.1699263419068675e+00,1.1026765489854344e+00,-3.8480522283348972e-04,1.6164283496474048e+00,1.9567156996613788e+00,6.2828363333961441e+00,1.7156639759443280e+01,4.1420574307273048e+00,1.9633267472386526e+00,1.9567156996613788e+00,0.0000000000000000e+00,0.0000000000000000e+00,3.1415926535897931e+00,0.0000000000000000e+00,5.9865804767649144e-01,2.5380516564392352e+00,6.2828363333961441e+00,1.5999066294753026e+00,3.1412717905738314e+00
max_c_e_gamma_mixing_angles_polarization_05_local_minimum_175,C_e_gamma,polarization_cluster_05_local_minimum_175,2.2765089352693697e+00,2.8901364936337615e+00,qout,1.5999066294753026e+00,-9.0804526122248796e-01,2.9135815114441043e-04,-1.3172528009918349e+00,1.5999066294753026e+00,3.1412717905738314e+00,1.7156639759443280e+01,4.1420574307273048e+00,1.9633267472386526e+00,1.9567156996613788e+00,0.0000000000000000e+00,0.0000000000000000e+00,3.1415926535897931e+00,0.0000000000000000e+00,5.9865804767649144e-01,2.5380516564392352e+00,6.2828363333961441e+00,1.5999066294753026e+00,3.1412717905738314e+00
max_c_e_gamma_mixing_angles_polarization_05_local_minimum_180,C_e_gamma,polarization_cluster_05_local_minimum_180,7.8974352597866981e-01,3.0884362332730864e+00,k,1.9307013732941936e+00,0.0000000000000000e+00,0.0000000000000000e+00,-1.9278081078070985e+00,1.9278081078070985e+00,0.0000000000000000e+00,1.6602340032614723e+01,4.0745969165814095e+00,1.9278081078070985e+00,1.9257862763802713e+00,0.0000000000000000e+00,0.0000000000000000e+00,3.1415926535897931e+00,0.0000000000000000e+00,6.0372071244444964e-02,3.0485333963795913e+00,2.0834499537863910e-01,9.5407652446606905e-01,3.3688020329929147e+00
max_c_e_gamma_mixing_angles_polarization_05_local_minimum_180,C_e_gamma,polarization_cluster_05_local_minimum_180,7.8974352597866981e-01,3.0884362332730864e+00,p,2.1438955432872158e+00,0.0000000000000000e+00,0.0000000000000000e+00,1.9278081078070985e+00,1.9278081078070985e+00,0.0000000000000000e+00,1.6602340032614723e+01,4.0745969165814095e+00,1.9278081078070985e+00,1.9257862763802713e+00,0.0000000000000000e+00,0.0000000000000000e+00,3.1415926535897931e+00,0.0000000000000000e+00,6.0372071244444964e-02,3.0485333963795913e+00,2.0834499537863910e-01,9.5407652446606905e-01,3.3688020329929147e+00
max_c_e_gamma_mixing_angles_polarization_05_local_minimum_180,C_e_gamma,polarization_cluster_05_local_minimum_180,7.8974352597866981e-01,3.0884362332730864e+00,kp,9.7844271324888510e-01,-2.7301413358730181e-02,-4.0625337410089800e-03,-9.7232946033983758e-01,9.7272115778189017e-01,3.2893117907756242e+00,1.6602340032614723e+01,4.0745969165814095e+00,1.9278081078070985e+00,1.9257862763802713e+00,0.0000000000000000e+00,0.0000000000000000e+00,3.1415926535897931e+00,0.0000000000000000e+00,6.0372071244444964e-02,3.0485333963795913e+00,2.0834499537863910e-01,9.5407652446606905e-01,3.3688020329929147e+00
max_c_e_gamma_mixing_angles_polarization_05_local_minimum_180,C_e_gamma,polarization_cluster_05_local_minimum_180,7.8974352597866981e-01,3.0884362332730864e+00,pp,2.1420776788656828e+00,1.1368036831447537e-01,2.4033492010536155e-02,1.9222778018320494e+00,1.9257862763802713e+00,2.0834499537863910e-01,1.6602340032614723e+01,4.0745969165814095e+00,1.9278081078070985e+00,1.9257862763802713e+00,0.0000000000000000e+00,0.0000000000000000e+00,3.1415926535897931e+00,0.0000000000000000e+00,6.0372071244444964e-02,3.0485333963795913e+00,2.0834499537863910e-01,9.5407652446606905e-01,3.3688020329929147e+00
max_c_e_gamma_mixing_angles_polarization_05_local_minimum_180,C_e_gamma,polarization_cluster_05_local_minimum_180,7.8974352597866981e-01,3.0884362332730864e+00,qout,9.5407652446606905e-01,-8.6378954955745185e-02,-1.9970958269527175e-02,-9.4994834149221186e-01,9.5407652446606905e-01,3.3688020329929143e+00,1.6602340032614723e+01,4.0745969165814095e+00,1.9278081078070985e+00,1.9257862763802713e+00,0.0000000000000000e+00,0.0000000000000000e+00,3.1415926535897931e+00,0.0000000000000000e+00,6.0372071244444964e-02,3.0485333963795913e+00,2.0834499537863910e-01,9.5407652446606905e-01,3.3688020329929147e+00
max_c_e_gamma_mixing_angles_polarization_05_local_minimum_183,C_e_gamma,polarization_cluster_05_local_minimum_183,7.3268360660658027e-01,3.1173337140963717e+00,k,1.3262269696604521e+00,0.0000000000000000e+00,0.0000000000000000e+00,-1.3220114533321738e+00,1.3220114533321738e+00,0.0000000000000000e+00,8.6859964174807160e+00,2.9472014551911299e+00,1.3220114533321738e+00,1.3128554791201221e+00,0.0000000000000000e+00,0.0000000000000000e+00,3.1415926535897931e+00,0.0000000000000000e+00,4.2165763949821598e-02,3.0491646347321208e+00,3.1395854367948766e+00,9.7749597748366435e-01,6.2810146741981105e+00
max_c_e_gamma_mixing_angles_polarization_05_local_minimum_183,C_e_gamma,polarization_cluster_05_local_minimum_183,7.3268360660658027e-01,3.1173337140963717e+00,p,1.6209744855306780e+00,0.0000000000000000e+00,0.0000000000000000e+00,1.3220114533321738e+00,1.3220114533321738e+00,0.0000000000000000e+00,8.6859964174807160e+00,2.9472014551911299e+00,1.3220114533321738e+00,1.3128554791201221e+00,0.0000000000000000e+00,0.0000000000000000e+00,3.1415926535897931e+00,0.0000000000000000e+00,4.2165763949821598e-02,3.0491646347321208e+00,3.1395854367948766e+00,9.7749597748366435e-01,6.2810146741981105e+00
max_c_e_gamma_mixing_angles_polarization_05_local_minimum_183,C_e_gamma,polarization_cluster_05_local_minimum_183,7.3268360660658027e-01,3.1173337140963717e+00,kp,3.5618959335477884e-01,-3.4878179075754343e-02,8.4751505998482821e-05,-3.3836495022753987e-01,3.4015780764366366e-01,3.1391627291660344e+00,8.6859964174807160e+00,2.9472014551911299e+00,1.3220114533321738e+00,1.3128554791201221e+00,0.0000000000000000e+00,0.0000000000000000e+00,3.1415926535897931e+00,0.0000000000000000e+00,4.2165763949821598e-02,3.0491646347321208e+00,3.1395854367948766e+00,9.7749597748366435e-01,6.2810146741981105e+00
max_c_e_gamma_mixing_angles_polarization_05_local_minimum_183,C_e_gamma,polarization_cluster_05_local_minimum_183,7.3268360660658027e-01,3.1173337140963717e+00,pp,1.6135158843518478e+00,-5.5341040366053834e-02,1.1108161485056436e-04,1.3116885552477018e+00,1.3128554791201221e+00,3.1395854367948766e+00,8.6859964174807160e+00,2.9472014551911299e+00,1.3220114533321738e+00,1.3128554791201221e+00,0.0000000000000000e+00,0.0000000000000000e+00,3.1415926535897931e+00,0.0000000000000000e+00,4.2165763949821598e-02,3.0491646347321208e+00,3.1395854367948766e+00,9.7749597748366435e-01,6.2810146741981105e+00
max_c_e_gamma_mixing_angles_polarization_05_local_minimum_183,C_e_gamma,polarization_cluster_05_local_minimum_183,7.3268360660658027e-01,3.1173337140963717e+00,qout,9.7749597748366435e-01,9.0219219441808177e-02,-1.9583312084904718e-04,-9.7332360502016191e-01,9.7749597748366435e-01,6.2810146741981105e+00,8.6859964174807160e+00,2.9472014551911299e+00,1.3220114533321738e+00,1.3128554791201221e+00,0.0000000000000000e+00,0.0000000000000000e+00,3.1415926535897931e+00,0.0000000000000000e+00,4.2165763949821598e-02,3.0491646347321208e+00,3.1395854367948766e+00,9.7749597748366435e-01,6.2810146741981105e+00
max_c_e_gamma_mixing_angles_polarization_05_local_minimum_184,C_e_gamma,polarization_cluster_05_local_minimum_184,2.3576954876198490e+00,3.0112859849897688e+00,k,2.4127815890451756e+00,0.0000000000000000e+00,0.0000000000000000e+00,-2.4104670302914464e+00,2.4104670302914464e+00,0.0000000000000000e+00,2.4993228203765842e+01,4.9993227745131481e+00,2.4104670302914464e+00,2.3074137319434076e+00,0.0000000000000000e+00,0.0000000000000000e+00,3.1415926535897931e+00,0.0000000000000000e+00,1.8917321743242760e-01,3.1336185386050199e+00,6.2527422067776701e+00,1.9817967115303206e+00,1.7740592711846559e+00
max_c_e_gamma_mixing_angles_polarization_05_local_minimum_184,C_e_gamma,polarization_cluster_05_local_minimum_184,2.3576954876198490e+00,3.0112859849897688e+00,p,2.5865411854679725e+00,0.0000000000000000e+00,0.0000000000000000e+00,2.4104670302914464e+00,2.4104670302914464e+00,0.0000000000000000e+00,2.4993228203765842e+01,4.9993227745131481e+00,2.4104670302914464e+00,2.3074137319434076e+00,0.0000000000000000e+00,0.0000000000000000e+00,3.1415926535897931e+00,0.0000000000000000e+00,1.8917321743242760e-01,3.1336185386050199e+00,6.2527422067776701e+00,1.9817967115303206e+00,1.7740592711846559e+00
max_c_e_gamma_mixing_angles_polarization_05_local_minimum_184,C_e_gamma,polarization_cluster_05_local_minimum_184,2.3576954876198490e+00,3.0112859849897688e+00,kp,5.2674262591771726e-01,-4.3051093728988937e-01,-2.2702910097282154e-03,-2.8451587002820311e-01,5.1603691887828451e-01,3.1468660851524821e+00,2.4993228203765842e+01,4.9993227745131481e+00,2.4104670302914464e+00,2.3074137319434076e+00,0.0000000000000000e+00,0.0000000000000000e+00,3.1415926535897931e+00,0.0000000000000000e+00,1.8917321743242760e-01,3.1336185386050199e+00,6.2527422067776701e+00,1.9817967115303206e+00,1.7740592711846559e+00
max_c_e_gamma_mixing_angles_polarization_05_local_minimum_184,C_e_gamma,polarization_cluster_05_local_minimum_184,2.3576954876198490e+00,3.0112859849897688e+00,pp,2.4907834370657365e+00,4.3370100968128977e-01,-1.3207283726789107e-02,2.2662495741243931e+00,2.3074137319434076e+00,6.2527422067776701e+00,2.4993228203765842e+01,4.9993227745131481e+00,2.4104670302914464e+00,2.3074137319434076e+00,0.0000000000000000e+00,0.0000000000000000e+00,3.1415926535897931e+00,0.0000000000000000e+00,1.8917321743242760e-01,3.1336185386050199e+00,6.2527422067776701e+00,1.9817967115303206e+00,1.7740592711846559e+00
max_c_e_gamma_mixing_angles_polarization_05_local_minimum_184,C_e_gamma,polarization_cluster_05_local_minimum_184,2.3576954876198490e+00,3.0112859849897688e+00,qout,1.9817967115303206e+00,-3.1900723914004264e-03,1.5477574736517322e-02,-1.9817337040961900e+00,1.9817967115303206e+00,1.7740592711846559e+00,2.4993228203765842e+01,4.9993227745131481e+00,2.4104670302914464e+00,2.3074137319434076e+00,0.0000000000000000e+00,0.0000000000000000e+00,3.1415926535897931e+00,0.0000000000000000e+00,1.8917321743242760e-01,3.1336185386050199e+00,6.2527422067776701e+00,1.9817967115303206e+00,1.7740592711846559e+00
max_c_e_gamma_mixing_angles_polarization_05_local_minimum_185,C_e_gamma,polarization_cluster_05_local_minimum_185,2.3714239468980614e+00,3.1327171888919896e+00,k,1.3688646015773667e+00,0.0000000000000000e+00,0.0000000000000000e+00,-1.3647807901411362e+00,1.3647807901411362e+00,0.0000000000000000e+00,9.1500517274754198e+00,3.0249052427266907e+00,1.3647807901411362e+00,1.3589766698649046e+00,0.0000000000000000e+00,0.0000000000000000e+00,3.1415926535897931e+00,0.0000000000000000e+00,3.2326274157741579e-02,3.0487062533032425e+00,2.3379583288367534e+00,8.4221831157023319e-01,5.5448827534311445e+00
max_c_e_gamma_mixing_angles_polarization_05_local_minimum_185,C_e_gamma,polarization_cluster_05_local_minimum_185,2.3714239468980614e+00,3.1327171888919896e+00,p,1.6560406411493240e+00,0.0000000000000000e+00,0.0000000000000000e+00,1.3647807901411362e+00,1.3647807901411362e+00,0.0000000000000000e+00,9.1500517274754198e+00,3.0249052427266907e+00,1.3647807901411362e+00,1.3589766698649046e+00,0.0000000000000000e+00,0.0000000000000000e+00,3.1415926535897931e+00,0.0000000000000000e+00,3.2326274157741579e-02,3.0487062533032425e+00,2.3379583288367534e+00,8.4221831157023319e-01,5.5448827534311445e+00
max_c_e_gamma_mixing_angles_polarization_05_local_minimum_185,C_e_gamma,polarization_cluster_05_local_minimum_185,2.3714239468980614e+00,3.1327171888919896e+00,kp,5.3142632506260135e-01,-2.7290413154333532e-02,2.0956707697424366e-02,-5.1967903210404121e-01,5.2081690319750817e-01,2.4867244174762542e+00,9.1500517274754198e+00,3.0249052427266907e+00,1.3647807901411362e+00,1.3589766698649046e+00,0.0000000000000000e+00,0.0000000000000000e+00,3.1415926535897931e+00,0.0000000000000000e+00,3.2326274157741579e-02,3.0487062533032425e+00,2.3379583288367534e+00,8.4221831157023319e-01,5.5448827534311445e+00
max_c_e_gamma_mixing_angles_polarization_05_local_minimum_185,C_e_gamma,polarization_cluster_05_local_minimum_185,2.3714239468980614e+00,3.1327171888919896e+00,pp,1.6512606060937522e+00,-3.0486736213111307e-02,3.1619440030126129e-02,1.3582666745394143e+00,1.3589766698649046e+00,2.3379583288367534e+00,9.1500517274754198e+00,3.0249052427266907e+00,1.3647807901411362e+00,1.3589766698649046e+00,0.0000000000000000e+00,0.0000000000000000e+00,3.1415926535897931e+00,0.0000000000000000e+00,3.2326274157741579e-02,3.0487062533032425e+00,2.3379583288367534e+00,8.4221831157023319e-01,5.5448827534311445e+00
max_c_e_gamma_mixing_angles_polarization_05_local_minimum_185,C_e_gamma,polarization_cluster_05_local_minimum_185,2.3714239468980614e+00,3.1327171888919896e+00,qout,8.4221831157023319e-01,5.7777149367444838e-02,-5.2576147727550496e-02,-8.3858764243537309e-01,8.4221831157023319e-01,5.5448827534311445e+00,9.1500517274754198e+00,3.0249052427266907e+00,1.3647807901411362e+00,1.3589766698649046e+00,0.0000000000000000e+00,0.0000000000000000e+00,3.1415926535897931e+00,0.0000000000000000e+00,3.2326274157741579e-02,3.0487062533032425e+00,2.3379583288367534e+00,8.4221831157023319e-01,5.5448827534311445e+00
max_c_e_gamma_mixing_angles_polarization_05_local_minimum_188,C_e_gamma,polarization_cluster_05_local_minimum_188,1.3658856596948497e+00,3.0240879833993577e+00,k,2.2134205002874427e+00,0.0000000000000000e+00,0.0000000000000000e+00,-2.2108972429263676e+00,2.2108972429263676e+00,0.0000000000000000e+00,2.1298852463806377e+01,4.6150679804100800e+00,2.2108972429263676e+00,1.7993454271503349e+00,0.0000000000000000e+00,0.0000000000000000e+00,3.1415926535897931e+00,0.0000000000000000e+00,2.0146933816579171e+00,1.4700587944957333e+00,4.7757248240424253e-05,1.7856314145753971e+00,2.8436629978249259e+00
max_c_e_gamma_mixing_angles_polarization_05_local_minimum_188,C_e_gamma,polarization_cluster_05_local_minimum_188,1.3658856596948497e+00,3.0240879833993577e+00,p,2.4016474801226373e+00,0.0000000000000000e+00,0.0000000000000000e+00,2.2108972429263676e+00,2.2108972429263676e+00,0.0000000000000000e+00,2.1298852463806377e+01,4.6150679804100800e+00,2.2108972429263676e+00,1.7993454271503349e+00,0.0000000000000000e+00,0.0000000000000000e+00,3.1415926535897931e+00,0.0000000000000000e+00,2.0146933816579171e+00,1.4700587944957333e+00,4.7757248240424253e-05,1.7856314145753971e+00,2.8436629978249259e+00
max_c_e_gamma_mixing_angles_polarization_05_local_minimum_188,C_e_gamma,polarization_cluster_05_local_minimum_188,1.3658856596948497e+00,3.0240879833993577e+00,kp,8.0027714227855462e-01,7.3352153775485762e-02,-5.2157754464039841e-01,5.9317462741053040e-01,7.9327158788162255e-01,4.8521078408242868e+00,2.1298852463806377e+01,4.6150679804100800e+00,2.2108972429263676e+00,1.7993454271503349e+00,0.0000000000000000e+00,0.0000000000000000e+00,3.1415926535897931e+00,0.0000000000000000e+00,2.0146933816579171e+00,1.4700587944957333e+00,4.7757248240424253e-05,1.7856314145753971e+00,2.8436629978249259e+00
max_c_e_gamma_mixing_angles_polarization_05_local_minimum_188,C_e_gamma,polarization_cluster_05_local_minimum_188,1.3658856596948497e+00,3.0240879833993577e+00,pp,2.0291594235561732e+00,1.6249616611911948e+00,7.7603697493678397e-05,-7.7275064532049376e-01,1.7993454271503349e+00,4.7757248240424253e-05,2.1298852463806377e+01,4.6150679804100800e+00,2.2108972429263676e+00,1.7993454271503349e+00,0.0000000000000000e+00,0.0000000000000000e+00,3.1415926535897931e+00,0.0000000000000000e+00,2.0146933816579171e+00,1.4700587944957333e+00,4.7757248240424253e-05,1.7856314145753971e+00,2.8436629978249259e+00
max_c_e_gamma_mixing_angles_polarization_05_local_minimum_188,C_e_gamma,polarization_cluster_05_local_minimum_188,1.3658856596948497e+00,3.0240879833993577e+00,qout,1.7856314145753971e+00,-1.6983138149666805e+00,5.2149994094290475e-01,1.7957601790996336e-01,1.7856314145753969e+00,2.8436629978249259e+00,2.1298852463806377e+01,4.6150679804100800e+00,2.2108972429263676e+00,1.7993454271503349e+00,0.0000000000000000e+00,0.0000000000000000e+00,3.1415926535897931e+00,0.0000000000000000e+00,2.0146933816579171e+00,1.4700587944957333e+00,4.7757248240424253e-05,1.7856314145753971e+00,2.8436629978249259e+00
max_c_e_gamma_mixing_angles_polarization_05_local_minimum_189,C_e_gamma,polarization_cluster_05_local_minimum_189,2.4157620173911640e+00,3.1093617689711608e+00,k,1.5389559873333949e+00,0.0000000000000000e+00,0.0000000000000000e+00,-1.5353246688033140e+00,1.5353246688033140e+00,0.0000000000000000e+00,1.1143183719547990e+01,3.3381407578992213e+00,1.5353246688033140e+00,1.5222513453912196e+00,0.0000000000000000e+00,0.0000000000000000e+00,3.1415926535897931e+00,0.0000000000000000e+00,3.7827653909665089e-02,3.0994608695175687e+00,3.4964632766922970e+00,1.1371942299834457e+00,3.5353520040408166e+00
max_c_e_gamma_mixing_angles_polarization_05_local_minimum_189,C_e_gamma,polarization_cluster_05_local_minimum_189,2.4157620173911640e+00,3.1093617689711608e+00,p,1.7991847705658264e+00,0.0000000000000000e+00,0.0000000000000000e+00,1.5353246688033140e+00,1.5353246688033140e+00,0.0000000000000000e+00,1.1143183719547990e+01,3.3381407578992213e+00,1.5353246688033140e+00,1.5222513453912196e+00,0.0000000000000000e+00,0.0000000000000000e+00,3.1415926535897931e+00,0.0000000000000000e+00,3.7827653909665089e-02,3.0994608695175687e+00,3.4964632766922970e+00,1.1371942299834457e+00,3.5353520040408166e+00
max_c_e_gamma_mixing_angles_polarization_05_local_minimum_189,C_e_gamma,polarization_cluster_05_local_minimum_189,2.4157620173911640e+00,3.1093617689711608e+00,kp,4.1290481740011270e-01,9.8214777711417109e-02,3.8380229031817689e-02,-3.8497728683324106e-01,3.9915748260419898e-01,3.7253166706879776e-01,1.1143183719547990e+01,3.3381407578992213e+00,1.5353246688033140e+00,1.5222513453912196e+00,0.0000000000000000e+00,0.0000000000000000e+00,3.1415926535897931e+00,0.0000000000000000e+00,3.7827653909665089e-02,3.0994608695175687e+00,3.4964632766922970e+00,1.1371942299834457e+00,3.5353520040408166e+00
max_c_e_gamma_mixing_angles_polarization_05_local_minimum_189,C_e_gamma,polarization_cluster_05_local_minimum_189,2.4157620173911640e+00,3.1093617689711608e+00,pp,1.7880417105161106e+00,-5.3982395275705912e-02,-2.0003607495013707e-02,1.5211623566315533e+00,1.5222513453912196e+00,3.4964632766922965e+00,1.1143183719547990e+01,3.3381407578992213e+00,1.5353246688033140e+00,1.5222513453912196e+00,0.0000000000000000e+00,0.0000000000000000e+00,3.1415926535897931e+00,0.0000000000000000e+00,3.7827653909665089e-02,3.0994608695175687e+00,3.4964632766922970e+00,1.1371942299834457e+00,3.5353520040408166e+00
max_c_e_gamma_mixing_angles_polarization_05_local_minimum_189,C_e_gamma,polarization_cluster_05_local_minimum_189,2.4157620173911640e+00,3.1093617689711608e+00,qout,1.1371942299834457e+00,-4.4232382435711197e-02,-1.8376621536803986e-02,-1.1361850697983122e+00,1.1371942299834457e+00,3.5353520040408166e+00,1.1143183719547990e+01,3.3381407578992213e+00,1.5353246688033140e+00,1.5222513453912196e+00,0.0000000000000000e+00,0.0000000000000000e+00,3.1415926535897931e+00,0.0000000000000000e+00,3.7827653909665089e-02,3.0994608695175687e+00,3.4964632766922970e+00,1.1371942299834457e+00,3.5353520040408166e+00
max_c_e_gamma_mixing_angles_polarization_05_local_minimum_191,C_e_gamma,polarization_cluster_05_local_minimum_191,6.0130556795490353e-01,3.1145945917230056e+00,k,1.0608561907688034e+00,0.0000000000000000e+00,0.0000000000000000e+00,-1.0555814346506842e+00,1.0555814346506842e+00,0.0000000000000000e+00,6.1156344805546432e+00,2.4729808896460650e+00,1.0555814346506842e+00,9.5579978409262945e-01,0.0000000000000000e+00,0.0000000000000000e+00,3.1415926535897931e+00,0.0000000000000000e+00,3.3988552874847994e-01,3.1303252521156999e+00,6.2379869454843604e+00,7.6332647124485442e-01,6.2270416103429715e+00
max_c_e_gamma_mixing_angles_polarization_05_local_minimum_191,C_e_gamma,polarization_cluster_05_local_minimum_191,6.0130556795490353e-01,3.1145945917230056e+00,p,1.4121246988772616e+00,0.0000000000000000e+00,0.0000000000000000e+00,1.0555814346506842e+00,1.0555814346506842e+00,0.0000000000000000e+00,6.1156344805546432e+00,2.4729808896460650e+00,1.0555814346506842e+00,9.5579978409262945e-01,0.0000000000000000e+00,0.0000000000000000e+00,3.1415926535897931e+00,0.0000000000000000e+00,3.3988552874847994e-01,3.1303252521156999e+00,6.2379869454843604e+00,7.6332647124485442e-01,6.2270416103429715e+00
max_c_e_gamma_mixing_angles_polarization_05_local_minimum_191,C_e_gamma,polarization_cluster_05_local_minimum_191,6.0130556795490353e-01,3.1145945917230056e+00,kp,3.7047660075605882e-01,-3.2690529079861697e-01,1.4879883412871589e-02,-1.3784316926114348e-01,3.5509043833151183e-01,3.0961066355717115e+00,6.1156344805546432e+00,2.4729808896460650e+00,1.0555814346506842e+00,9.5579978409262945e-01,0.0000000000000000e+00,0.0000000000000000e+00,3.1415926535897931e+00,0.0000000000000000e+00,3.3988552874847994e-01,3.1303252521156999e+00,6.2379869454843604e+00,7.6332647124485442e-01,6.2270416103429715e+00
max_c_e_gamma_mixing_angles_polarization_05_local_minimum_191,C_e_gamma,polarization_cluster_05_local_minimum_191,6.0130556795490353e-01,3.1145945917230056e+00,pp,1.3391778176446609e+00,3.1831831833154361e-01,-1.4397271845006819e-02,9.0112118721596823e-01,9.5579978409262945e-01,6.2379869454843604e+00,6.1156344805546432e+00,2.4729808896460650e+00,1.0555814346506842e+00,9.5579978409262945e-01,0.0000000000000000e+00,0.0000000000000000e+00,3.1415926535897931e+00,0.0000000000000000e+00,3.3988552874847994e-01,3.1303252521156999e+00,6.2379869454843604e+00,7.6332647124485442e-01,6.2270416103429715e+00
max_c_e_gamma_mixing_angles_polarization_05_local_minimum_191,C_e_gamma,polarization_cluster_05_local_minimum_191,6.0130556795490353e-01,3.1145945917230056e+00,qout,7.6332647124485442e-01,8.5869724670733765e-03,-4.8261156786477000e-04,-7.6327801795482475e-01,7.6332647124485442e-01,6.2270416103429715e+00,6.1156344805546432e+00,2.4729808896460650e+00,1.0555814346506842e+00,9.5579978409262945e-01,0.0000000000000000e+00,0.0000000000000000e+00,3.1415926535897931e+00,0.0000000000000000e+00,3.3988552874847994e-01,3.1303252521156999e+00,6.2379869454843604e+00,7.6332647124485442e-01,6.2270416103429715e+00
max_c_e_gamma_mixing_angles_polarization_05_local_minimum_193,C_e_gamma,polarization_cluster_05_local_minimum_193,2.2996706547803054e+00,3.0397808852912842e+00,k,1.6728916242897678e+00,0.0000000000000000e+00,0.0000000000000000e+00,-1.6695516446955327e+00,1.6695516446955327e+00,0.0000000000000000e+00,1.2873006953478189e+01,3.5878972885909359e+00,1.6695516446955327e+00,1.6639230476325735e+00,0.0000000000000000e+00,0.0000000000000000e+00,3.1415926535897931e+00,0.0000000000000000e+00,8.3949467746696326e-03,3.0778673911354999e+00,3.1023175693282261e+00,9.6703513970207267e-01,3.1037269914200012e+00
max_c_e_gamma_mixing_angles_polarization_05_local_minimum_193,C_e_gamma,polarization_cluster_05_local_minimum_193,2.2996706547803054e+00,3.0397808852912842e+00,p,1.9150056643011681e+00,0.0000000000000000e+00,0.0000000000000000e+00,1.6695516446955327e+00,1.6695516446955327e+00,0.0000000000000000e+00,1.2873006953478189e+01,3.5878972885909359e+00,1.6695516446955327e+00,1.6639230476325735e+00,0.0000000000000000e+00,0.0000000000000000e+00,3.1415926535897931e+00,0.0000000000000000e+00,8.3949467746696326e-03,3.0778673911354999e+00,3.1023175693282261e+00,9.6703513970207267e-01,3.1037269914200012e+00
max_c_e_gamma_mixing_angles_polarization_05_local_minimum_193,C_e_gamma,polarization_cluster_05_local_minimum_193,2.2996706547803054e+00,3.0397808852912842e+00,kp,7.1076165194032814e-01,7.5496333574630398e-02,-2.8797871922783208e-03,-6.9879213218106606e-01,7.0286444892002131e-01,6.2450590623972895e+00,1.2873006953478189e+01,3.5878972885909359e+00,1.6695516446955327e+00,1.6639230476325735e+00,0.0000000000000000e+00,0.0000000000000000e+00,3.1415926535897931e+00,0.0000000000000000e+00,8.3949467746696326e-03,3.0778673911354999e+00,3.1023175693282261e+00,9.6703513970207267e-01,3.1037269914200012e+00
max_c_e_gamma_mixing_angles_polarization_05_local_minimum_193,C_e_gamma,polarization_cluster_05_local_minimum_193,2.2996706547803054e+00,3.0397808852912842e+00,pp,1.9101004969484907e+00,-1.3957609395555419e-02,5.4846832413026102e-04,1.6638644153792490e+00,1.6639230476325735e+00,3.1023175693282261e+00,1.2873006953478189e+01,3.5878972885909359e+00,1.6695516446955327e+00,1.6639230476325735e+00,0.0000000000000000e+00,0.0000000000000000e+00,3.1415926535897931e+00,0.0000000000000000e+00,8.3949467746696326e-03,3.0778673911354999e+00,3.1023175693282261e+00,9.6703513970207267e-01,3.1037269914200012e+00
max_c_e_gamma_mixing_angles_polarization_05_local_minimum_193,C_e_gamma,polarization_cluster_05_local_minimum_193,2.2996706547803054e+00,3.0397808852912842e+00,qout,9.6703513970207267e-01,-6.1538724179074973e-02,2.3313188681480597e-03,-9.6507228319818295e-01,9.6703513970207255e-01,3.1037269914200012e+00,1.2873006953478189e+01,3.5878972885909359e+00,1.6695516446955327e+00,1.6639230476325735e+00,0.0000000000000000e+00,0.0000000000000000e+00,3.1415926535897931e+00,0.0000000000000000e+00,8.3949467746696326e-03,3.0778673911354999e+00,3.1023175693282261e+00,9.6703513970207267e-01,3.1037269914200012e+00
max_c_e_gamma_mixing_angles_polarization_05_local_minimum_196,C_e_gamma,polarization_cluster_05_local_minimum_196,2.3275022395994247e+00,3.0243669798634261e+00,k,2.2760656619318480e+00,0.0000000000000000e+00,0.0000000000000000e+00,-2.2736119293124681e+00,2.2736119293124681e+00,0.0000000000000000e+00,2.2425610933301787e+01,4.7355687022048141e+00,2.2736119293124681e+00,2.2673419228180496e+00,0.0000000000000000e+00,0.0000000000000000e+00,3.1415926535897931e+00,0.0000000000000000e+00,1.3154018549892904e-01,2.9914175057630881e+00,6.1450189947857821e+00,1.8402355986042982e+00,3.0052051776744082e+00
max_c_e_gamma_mixing_angles_polarization_05_local_minimum_196,C_e_gamma,polarization_cluster_05_local_minimum_196,2.3275022395994247e+00,3.0243669798634261e+00,p,2.4595030402729661e+00,0.0000000000000000e+00,0.0000000000000000e+00,2.2736119293124681e+00,2.2736119293124681e+00,0.0000000000000000e+00,2.2425610933301787e+01,4.7355687022048141e+00,2.2736119293124681e+00,2.2673419228180496e+00,0.0000000000000000e+00,0.0000000000000000e+00,3.1415926535897931e+00,0.0000000000000000e+00,1.3154018549892904e-01,2.9914175057630881e+00,6.1450189947857821e+00,1.8402355986042982e+00,3.0052051776744082e+00
max_c_e_gamma_mixing_angles_polarization_05_local_minimum_196,C_e_gamma,polarization_cluster_05_local_minimum_196,2.3275022395994247e+00,3.0243669798634261e+00,kp,4.4162501277850180e-01,-2.1789859576529735e-02,3.5243907291253457e-03,-4.2823094270257545e-01,4.2879943982975643e-01,2.9812368651080838e+00,2.2425610933301787e+01,4.7355687022048141e+00,2.2736119293124681e+00,2.2673419228180496e+00,0.0000000000000000e+00,0.0000000000000000e+00,3.1415926535897931e+00,0.0000000000000000e+00,1.3154018549892904e-01,2.9914175057630881e+00,6.1450189947857821e+00,1.8402355986042982e+00,3.0052051776744082e+00
max_c_e_gamma_mixing_angles_polarization_05_local_minimum_196,C_e_gamma,polarization_cluster_05_local_minimum_196,2.3275022395994247e+00,3.0243669798634261e+00,pp,2.4537080908225923e+00,2.9455319843856970e-01,-4.0958291836943106e-02,2.2477544853892870e+00,2.2673419228180496e+00,6.1450189947857821e+00,2.2425610933301787e+01,4.7355687022048141e+00,2.2736119293124681e+00,2.2673419228180496e+00,0.0000000000000000e+00,0.0000000000000000e+00,3.1415926535897931e+00,0.0000000000000000e+00,1.3154018549892904e-01,2.9914175057630881e+00,6.1450189947857821e+00,1.8402355986042982e+00,3.0052051776744082e+00
max_c_e_gamma_mixing_angles_polarization_05_local_minimum_196,C_e_gamma,polarization_cluster_05_local_minimum_196,2.3275022395994247e+00,3.0243669798634261e+00,qout,1.8402355986042982e+00,-2.7276333886203996e-01,3.7433901107817760e-02,-1.8195235426867116e+00,1.8402355986042980e+00,3.0052051776744082e+00,2.2425610933301787e+01,4.7355687022048141e+00,2.2736119293124681e+00,2.2673419228180496e+00,0.0000000000000000e+00,0.0000000000000000e+00,3.1415926535897931e+00,0.0000000000000000e+00,1.3154018549892904e-01,2.9914175057630881e+00,6.1450189947857821e+00,1.8402355986042982e+00,3.0052051776744082e+00
max_c_e_gamma_mixing_angles_polarization_05_local_minimum_210,C_e_gamma,polarization_cluster_05_local_minimum_210,2.3735449177591499e+00,2.9367248051056762e+00,k,2.3017901105483718e+00,0.0000000000000000e+00,0.0000000000000000e+00,-2.2993638295635135e+00,2.2993638295635135e+00,0.0000000000000000e+00,2.2897355457379469e+01,4.7851181236600082e+00,2.2993638295635135e+00,2.1567819916204076e+00,0.0000000000000000e+00,0.0000000000000000e+00,3.1415926535897931e+00,0.0000000000000000e+00,3.5614711167206692e-01,3.1405379378374829e+00,4.7009555856456185e-03,1.5297616349867200e+00,3.5593766631199979e+00
max_c_e_gamma_mixing_angles_polarization_05_local_minimum_210,C_e_gamma,polarization_cluster_05_local_minimum_210,2.3735449177591499e+00,2.9367248051056762e+00,p,2.4833280131116364e+00,0.0000000000000000e+00,0.0000000000000000e+00,2.2993638295635135e+00,2.2993638295635135e+00,0.0000000000000000e+00,2.2897355457379469e+01,4.7851181236600082e+00,2.2993638295635135e+00,2.1567819916204076e+00,0.0000000000000000e+00,0.0000000000000000e+00,3.1415926535897931e+00,0.0000000000000000e+00,3.5614711167206692e-01,3.1405379378374829e+00,4.7009555856456185e-03,1.5297616349867200e+00,3.5593766631199979e+00
max_c_e_gamma_mixing_angles_polarization_05_local_minimum_210,C_e_gamma,polarization_cluster_05_local_minimum_210,2.3735449177591499e+00,2.9367248051056762e+00,kp,9.0343120087586914e-01,-7.5051295027874632e-01,-2.8804462619109288e-03,-4.9167698430569273e-01,8.9723143190746280e-01,3.1454306048442797e+00,2.2897355457379469e+01,4.7851181236600082e+00,2.2993638295635135e+00,2.1567819916204076e+00,0.0000000000000000e+00,0.0000000000000000e+00,3.1415926535897931e+00,0.0000000000000000e+00,3.5614711167206692e-01,3.1405379378374829e+00,4.7009555856456185e-03,1.5297616349867200e+00,3.5593766631199979e+00
max_c_e_gamma_mixing_angles_polarization_05_local_minimum_210,C_e_gamma,polarization_cluster_05_local_minimum_210,2.3735449177591499e+00,2.9367248051056762e+00,pp,2.3519252877968069e+00,7.5198764015615593e-01,3.5350865379731745e-03,2.0214377684197049e+00,2.1567819916204076e+00,4.7009555856456177e-03,2.2897355457379469e+01,4.7851181236600082e+00,2.2993638295635135e+00,2.1567819916204076e+00,0.0000000000000000e+00,0.0000000000000000e+00,3.1415926535897931e+00,0.0000000000000000e+00,3.5614711167206692e-01,3.1405379378374829e+00,4.7009555856456185e-03,1.5297616349867200e+00,3.5593766631199979e+00
max_c_e_gamma_mixing_angles_polarization_05_local_minimum_210,C_e_gamma,polarization_cluster_05_local_minimum_210,2.3735449177591499e+00,2.9367248051056762e+00,qout,1.5297616349867200e+00,-1.4746898774095640e-03,-6.5464027606224550e-04,-1.5297607841140122e+00,1.5297616349867200e+00,3.5593766631199975e+00,2.2897355457379469e+01,4.7851181236600082e+00,2.2993638295635135e+00,2.1567819916204076e+00,0.0000000000000000e+00,0.0000000000000000e+00,3.1415926535897931e+00,0.0000000000000000e+00,3.5614711167206692e-01,3.1405379378374829e+00,4.7009555856456185e-03,1.5297616349867200e+00,3.5593766631199979e+00
max_c_e_gamma_mixing_angles_polarization_05_local_minimum_211,C_e_gamma,polarization_cluster_05_local_minimum_211,8.5559626195122240e-01,3.1371239303698895e+00,k,1.3611243265723481e+00,0.0000000000000000e+00,0.0000000000000000e+00,-1.3570172217307077e+00,1.3570172217307077e+00,0.0000000000000000e+00,9.0647522220849517e+00,3.0107726951872262e+00,1.3570172217307077e+00,1.3544712077563470e+00,0.0000000000000000e+00,0.0000000000000000e+00,3.1415926535897931e+00,0.0000000000000000e+00,3.9626456049499700e-02,3.0789164406955885e+00,2.5317476581977120e-03,3.9825442098229580e-01,2.4832189824256301e-03
max_c_e_gamma_mixing_angles_polarization_05_local_minimum_211,C_e_gamma,polarization_cluster_05_local_minimum_211,8.5559626195122240e-01,3.1371239303698895e+00,p,1.6496483686148782e+00,0.0000000000000000e+00,0.0000000000000000e+00,1.3570172217307077e+00,1.3570172217307077e+00,0.0000000000000000e+00,9.0647522220849517e+00,3.0107726951872262e+00,1.3570172217307077e+00,1.3544712077563470e+00,0.0000000000000000e+00,0.0000000000000000e+00,3.1415926535897931e+00,0.0000000000000000e+00,3.9626456049499700e-02,3.0789164406955885e+00,2.5317476581977120e-03,3.9825442098229580e-01,2.4832189824256301e-03
max_c_e_gamma_mixing_angles_polarization_05_local_minimum_211,C_e_gamma,polarization_cluster_05_local_minimum_211,8.5559626195122240e-01,3.1371239303698895e+00,kp,9.6496364608551188e-01,-7.8603338929777000e-02,-1.9779370539073341e-04,-9.5593546954806885e-01,9.5916168916056388e-01,3.1441090007400136e+00,9.0647522220849517e+00,3.0107726951872262e+00,1.3570172217307077e+00,1.3544712077563470e+00,0.0000000000000000e+00,0.0000000000000000e+00,3.1415926535897931e+00,0.0000000000000000e+00,3.9626456049499700e-02,3.0789164406955885e+00,2.5317476581977120e-03,3.9825442098229580e-01,2.4832189824256301e-03
max_c_e_gamma_mixing_angles_polarization_05_local_minimum_211,C_e_gamma,polarization_cluster_05_local_minimum_211,8.5559626195122240e-01,3.1371239303698895e+00,pp,1.6475546281203963e+00,5.3658676220145828e-02,1.3585051811824844e-04,1.3534079136209731e+00,1.3544712077563470e+00,2.5317476581977116e-03,9.0647522220849517e+00,3.0107726951872262e+00,1.3570172217307077e+00,1.3544712077563470e+00,0.0000000000000000e+00,0.0000000000000000e+00,3.1415926535897931e+00,0.0000000000000000e+00,3.9626456049499700e-02,3.0789164406955885e+00,2.5317476581977120e-03,3.9825442098229580e-01,2.4832189824256301e-03
max_c_e_gamma_mixing_angles_polarization_05_local_minimum_211,C_e_gamma,polarization_cluster_05_local_minimum_211,8.5559626195122240e-01,3.1371239303698895e+00,qout,3.9825442098229580e-01,2.4944662709631180e-02,6.1943187272484968e-05,-3.9747244407290422e-01,3.9825442098229580e-01,2.4832189824256293e-03,9.0647522220849517e+00,3.0107726951872262e+00,1.3570172217307077e+00,1.3544712077563470e+00,0.0000000000000000e+00,0.0000000000000000e+00,3.1415926535897931e+00,0.0000000000000000e+00,3.9626456049499700e-02,3.0789164406955885e+00,2.5317476581977120e-03,3.9825442098229580e-01,2.4832189824256301e-03
max_c_e_gamma_mixing_angles_polarization_05_local_minimum_214,C_e_gamma,polarization_cluster_05_local_minimum_214,2.2870312116293410e+00,2.9015542881483838e+00,k,1.8971406583705297e+00,0.0000000000000000e+00,0.0000000000000000e+00,-1.8941961316952549e+00,1.8941961316952549e+00,0.0000000000000000e+00,1.6087023613548244e+01,4.0108632005527500e+00,1.8941961316952549e+00,1.8876989637728772e+00,0.0000000000000000e+00,0.0000000000000000e+00,3.1415926535897931e+00,0.0000000000000000e+00,4.8861932860627283e-01,2.6446005216141240e+00,6.2831029078573408e+00,1.5229949660187718e+00,3.1415263636388620e+00
max_c_e_gamma_mixing_angles_polarization_05_local_minimum_214,C_e_gamma,polarization_cluster_05_local_minimum_214,2.2870312116293410e+00,2.9015542881483838e+00,p,2.1137225421822201e+00,0.0000000000000000e+00,0.0000000000000000e+00,1.8941961316952549e+00,1.8941961316952549e+00,0.0000000000000000e+00,1.6087023613548244e+01,4.0108632005527500e+00,1.8941961316952549e+00,1.8876989637728772e+00,0.0000000000000000e+00,0.0000000000000000e+00,3.1415926535897931e+00,0.0000000000000000e+00,4.8861932860627283e-01,2.6446005216141240e+00,6.2831029078573408e+00,1.5229949660187718e+00,3.1415263636388620e+00
max_c_e_gamma_mixing_angles_polarization_05_local_minimum_214,C_e_gamma,polarization_cluster_05_local_minimum_214,2.2870312116293410e+00,2.9015542881483838e+00,kp,3.7996610733947250e-01,-1.5996032951094974e-01,2.4878268925498428e-05,-3.2805981585258603e-01,3.6498020550902832e-01,3.1414371258486278e+00,1.6087023613548244e+01,4.0108632005527500e+00,1.8941961316952549e+00,1.8876989637728772e+00,0.0000000000000000e+00,0.0000000000000000e+00,3.1415926535897931e+00,0.0000000000000000e+00,4.8861932860627283e-01,2.6446005216141240e+00,6.2831029078573408e+00,1.5229949660187718e+00,3.1415263636388620e+00
max_c_e_gamma_mixing_angles_polarization_05_local_minimum_214,C_e_gamma,polarization_cluster_05_local_minimum_214,2.2870312116293410e+00,2.9015542881483838e+00,pp,2.1079021271940483e+00,8.8609953535539387e-01,-7.3014001320718711e-05,1.6668038234720679e+00,1.8876989637728772e+00,6.2831029078573408e+00,1.6087023613548244e+01,4.0108632005527500e+00,1.8941961316952549e+00,1.8876989637728772e+00,0.0000000000000000e+00,0.0000000000000000e+00,3.1415926535897931e+00,0.0000000000000000e+00,4.8861932860627283e-01,2.6446005216141240e+00,6.2831029078573408e+00,1.5229949660187718e+00,3.1415263636388620e+00
max_c_e_gamma_mixing_angles_polarization_05_local_minimum_214,C_e_gamma,polarization_cluster_05_local_minimum_214,2.2870312116293410e+00,2.9015542881483838e+00,qout,1.5229949660187718e+00,-7.2613920584444414e-01,4.8135732395220282e-05,-1.3387440076194819e+00,1.5229949660187718e+00,3.1415263636388620e+00,1.6087023613548244e+01,4.0108632005527500e+00,1.8941961316952549e+00,1.8876989637728772e+00,0.0000000000000000e+00,0.0000000000000000e+00,3.1415926535897931e+00,0.0000000000000000e+00,4.8861932860627283e-01,2.6446005216141240e+00,6.2831029078573408e+00,1.5229949660187718e+00,3.1415263636388620e+00
max_c_e_gamma_mixing_angles_polarization_05_local_minimum_220,C_e_gamma,polarization_cluster_05_local_minimum_220,2.3624135958190196e+00,3.0617648941970357e+00,k,1.1049772059097682e+00,0.0000000000000000e+00,0.0000000000000000e+00,-1.0999140572184989e+00,1.0999140572184989e+00,0.0000000000000000e+00,6.5052598346299488e+00,2.5505410866382743e+00,1.0999140572184989e+00,1.0968906931592264e+00,0.0000000000000000e+00,0.0000000000000000e+00,3.1415926535897931e+00,0.0000000000000000e+00,2.0541228761891994e-01,3.1041926421476802e+00,6.2421909844914234e+00,1.3779734461399115e-01,2.3391616848128765e-04
max_c_e_gamma_mixing_angles_polarization_05_local_minimum_220,C_e_gamma,polarization_cluster_05_local_minimum_220,2.3624135958190196e+00,3.0617648941970357e+00,p,1.4455638807285063e+00,0.0000000000000000e+00,0.0000000000000000e+00,1.0999140572184989e+00,1.0999140572184989e+00,0.0000000000000000e+00,6.5052598346299488e+00,2.5505410866382743e+00,1.0999140572184989e+00,1.0968906931592264e+00,0.0000000000000000e+00,0.0000000000000000e+00,3.1415926535897931e+00,0.0000000000000000e+00,2.0541228761891994e-01,3.1041926421476802e+00,6.2421909844914234e+00,1.3779734461399115e-01,2.3391616848128765e-04
max_c_e_gamma_mixing_angles_polarization_05_local_minimum_220,C_e_gamma,polarization_cluster_05_local_minimum_220,2.3624135958190196e+00,3.0617648941970357e+00,kp,9.6947897326671140e-01,-2.2869812026313222e-01,9.1680362908427866e-03,-9.3612974751989242e-01,9.6370420113901023e-01,3.1015261682687734e+00,6.5052598346299488e+00,2.5505410866382743e+00,1.0999140572184989e+00,1.0968906931592264e+00,0.0000000000000000e+00,0.0000000000000000e+00,3.1415926535897931e+00,0.0000000000000000e+00,2.0541228761891994e-01,3.1041926421476802e+00,6.2421909844914234e+00,1.3779734461399115e-01,2.3391616848128765e-04
max_c_e_gamma_mixing_angles_polarization_05_local_minimum_220,C_e_gamma,polarization_cluster_05_local_minimum_220,2.3624135958190196e+00,3.0617648941970357e+00,pp,1.4432647687584312e+00,2.2354569950232908e-01,-9.1692415253875389e-03,1.0738307306010531e+00,1.0968906931592264e+00,6.2421909844914234e+00,6.5052598346299488e+00,2.5505410866382743e+00,1.0999140572184989e+00,1.0968906931592264e+00,0.0000000000000000e+00,0.0000000000000000e+00,3.1415926535897931e+00,0.0000000000000000e+00,2.0541228761891994e-01,3.1041926421476802e+00,6.2421909844914234e+00,1.3779734461399115e-01,2.3391616848128765e-04
max_c_e_gamma_mixing_angles_polarization_05_local_minimum_220,C_e_gamma,polarization_cluster_05_local_minimum_220,2.3624135958190196e+00,3.0617648941970357e+00,qout,1.3779734461399115e-01,5.1524207608031310e-03,1.2052345447526915e-06,-1.3770098308116063e-01,1.3779734461399112e-01,2.3391616848128765e-04,6.5052598346299488e+00,2.5505410866382743e+00,1.0999140572184989e+00,1.0968906931592264e+00,0.0000000000000000e+00,0.0000000000000000e+00,3.1415926535897931e+00,0.0000000000000000e+00,2.0541228761891994e-01,3.1041926421476802e+00,6.2421909844914234e+00,1.3779734461399115e-01,2.3391616848128765e-04
max_c_e_gamma_mixing_angles_polarization_05_local_minimum_222,C_e_gamma,polarization_cluster_05_local_minimum_222,2.3006924777515887e+00,2.8781537281340288e+00,k,2.4131203041935048e+00,0.0000000000000000e+00,0.0000000000000000e+00,-2.4108060706323218e+00,2.4108060706323218e+00,0.0000000000000000e+00,2.4999774534115790e+01,4.9999774533607440e+00,2.4108060706323218e+00,2.4045652770734298e+00,0.0000000000000000e+00,0.0000000000000000e+00,3.1415926535897931e+00,0.0000000000000000e+00,5.8344181317369426e-01,2.5580173854187396e+00,6.2819524276539296e+00,2.0233125573964630e+00,3.1404149386990672e+00
max_c_e_gamma_mixing_angles_polarization_05_local_minimum_222,C_e_gamma,polarization_cluster_05_local_minimum_222,2.3006924777515887e+00,2.8781537281340288e+00,p,2.5868571491672387e+00,0.0000000000000000e+00,0.0000000000000000e+00,2.4108060706323218e+00,2.4108060706323218e+00,0.0000000000000000e+00,2.4999774534115790e+01,4.9999774533607440e+00,2.4108060706323218e+00,2.4045652770734298e+00,0.0000000000000000e+00,0.0000000000000000e+00,3.1415926535897931e+00,0.0000000000000000e+00,5.8344181317369426e-01,2.5580173854187396e+00,6.2819524276539296e+00,2.0233125573964630e+00,3.1404149386990672e+00
max_c_e_gamma_mixing_angles_polarization_05_local_minimum_222,C_e_gamma,polarization_cluster_05_local_minimum_222,2.3006924777515887e+00,2.8781537281340288e+00,kp,3.9562282507298463e-01,-2.0980640784093274e-01,3.2016746031650204e-04,-3.1833142497578204e-01,3.8125283920966463e-01,3.1400666410381031e+00,2.4999774534115790e+01,4.9999774533607440e+00,2.4108060706323218e+00,2.4045652770734298e+00,0.0000000000000000e+00,0.0000000000000000e+00,3.1415926535897931e+00,0.0000000000000000e+00,5.8344181317369426e-01,2.5580173854187396e+00,6.2819524276539296e+00,2.0233125573964630e+00,3.1404149386990672e+00
max_c_e_gamma_mixing_angles_polarization_05_local_minimum_222,C_e_gamma,polarization_cluster_05_local_minimum_222,2.3006924777515887e+00,2.8781537281340288e+00,pp,2.5810420708905970e+00,1.3246731226669184e+00,-1.6331631985890690e-03,2.0067816579212252e+00,2.4045652770734294e+00,6.2819524276539296e+00,2.4999774534115790e+01,4.9999774533607440e+00,2.4108060706323218e+00,2.4045652770734298e+00,0.0000000000000000e+00,0.0000000000000000e+00,3.1415926535897931e+00,0.0000000000000000e+00,5.8344181317369426e-01,2.5580173854187396e+00,6.2819524276539296e+00,2.0233125573964630e+00,3.1404149386990672e+00
max_c_e_gamma_mixing_angles_polarization_05_local_minimum_222,C_e_gamma,polarization_cluster_05_local_minimum_222,2.3006924777515887e+00,2.8781537281340288e+00,qout,2.0233125573964630e+00,-1.1148667148259856e+00,1.3129957382725670e-03,-1.6884502329454432e+00,2.0233125573964630e+00,3.1404149386990672e+00,2.4999774534115790e+01,4.9999774533607440e+00,2.4108060706323218e+00,2.4045652770734298e+00,0.0000000000000000e+00,0.0000000000000000e+00,3.1415926535897931e+00,0.0000000000000000e+00,5.8344181317369426e-01,2.5580173854187396e+00,6.2819524276539296e+00,2.0233125573964630e+00,3.1404149386990672e+00
max_c_e_gamma_mixing_angles_polarization_05_local_minimum_226,C_e_gamma,polarization_cluster_05_local_minimum_226,7.6446854607851589e-01,3.1316479155840273e+00,k,9.5199432328092515e-01,0.0000000000000000e+00,0.0000000000000000e+00,-9.4611283642375743e-01,9.4611283642375743e-01,0.0000000000000000e+00,5.2179151864103401e+00,2.2842756371354005e+00,9.4611283642375743e-01,9.4502914706575381e-01,0.0000000000000000e+00,0.0000000000000000e+00,3.1415926535897931e+00,0.0000000000000000e+00,1.7326087871786858e-02,3.0393039741956942e+00,3.6428681876949778e+00,1.2131109663050935e-01,3.6299720772569311e+00
max_c_e_gamma_mixing_angles_polarization_05_local_minimum_226,C_e_gamma,polarization_cluster_05_local_minimum_226,7.6446854607851589e-01,3.1316479155840273e+00,p,1.3322813138544756e+00,0.0000000000000000e+00,0.0000000000000000e+00,9.4611283642375743e-01,9.4611283642375743e-01,0.0000000000000000e+00,5.2179151864103401e+00,2.2842756371354005e+00,9.4611283642375743e-01,9.4502914706575381e-01,0.0000000000000000e+00,0.0000000000000000e+00,3.1415926535897931e+00,0.0000000000000000e+00,1.7326087871786858e-02,3.0393039741956942e+00,3.6428681876949778e+00,1.2131109663050935e-01,3.6299720772569311e+00
max_c_e_gamma_mixing_angles_polarization_05_local_minimum_226,C_e_gamma,polarization_cluster_05_local_minimum_226,7.6446854607851589e-01,3.1316479155840273e+00,kp,8.3145258456701432e-01,2.5297493838361908e-02,1.3679859825497036e-02,-8.2421029252886779e-01,8.2471189397866029e-01,4.9572109810315029e-01,5.2179151864103401e+00,2.2842756371354005e+00,9.4611283642375743e-01,9.4502914706575381e-01,0.0000000000000000e+00,0.0000000000000000e+00,3.1415926535897931e+00,0.0000000000000000e+00,1.7326087871786858e-02,3.0393039741956942e+00,3.6428681876949778e+00,1.2131109663050935e-01,3.6299720772569311e+00
max_c_e_gamma_mixing_angles_polarization_05_local_minimum_226,C_e_gamma,polarization_cluster_05_local_minimum_226,7.6446854607851589e-01,3.1316479155840273e+00,pp,1.3315119559372444e+00,-1.4358493795520807e-02,-7.8678782259213060e-03,9.4488730489512462e-01,9.4502914706575381e-01,3.6428681876949773e+00,5.2179151864103401e+00,2.2842756371354005e+00,9.4611283642375743e-01,9.4502914706575381e-01,0.0000000000000000e+00,0.0000000000000000e+00,3.1415926535897931e+00,0.0000000000000000e+00,1.7326087871786858e-02,3.0393039741956942e+00,3.6428681876949778e+00,1.2131109663050935e-01,3.6299720772569311e+00
max_c_e_gamma_mixing_angles_polarization_05_local_minimum_226,C_e_gamma,polarization_cluster_05_local_minimum_226,7.6446854607851589e-01,3.1316479155840273e+00,qout,1.2131109663050935e-01,-1.0939000042841101e-02,-5.8119815995757301e-03,-1.2067701236625679e-01,1.2131109663050935e-01,3.6299720772569306e+00,5.2179151864103401e+00,2.2842756371354005e+00,9.4611283642375743e-01,9.4502914706575381e-01,0.0000000000000000e+00,0.0000000000000000e+00,3.1415926535897931e+00,0.0000000000000000e+00,1.7326087871786858e-02,3.0393039741956942e+00,3.6428681876949778e+00,1.2131109663050935e-01,3.6299720772569311e+00
max_c_e_gamma_mixing_angles_polarization_05_local_minimum_230,C_e_gamma,polarization_cluster_05_local_minimum_230,7.2514414004303207e-01,3.1058535866355403e+00,k,1.1961376423921859e+00,0.0000000000000000e+00,0.0000000000000000e+00,-1.1914619453571473e+00,1.1914619453571473e+00,0.0000000000000000e+00,7.3577828402158412e+00,2.7125233345016300e+00,1.1914619453571473e+00,1.1833939058646190e+00,0.0000000000000000e+00,0.0000000000000000e+00,3.1415926535897931e+00,0.0000000000000000e+00,4.0207800402225803e-02,3.0410852782333508e+00,3.2362753150531960e+00,8.0907153274042098e-01,9.9573729391852842e-02
max_c_e_gamma_mixing_angles_polarization_05_local_minimum_230,C_e_gamma,polarization_cluster_05_local_minimum_230,7.2514414004303207e-01,3.1058535866355403e+00,p,1.5163856921094441e+00,0.0000000000000000e+00,0.0000000000000000e+00,1.1914619453571473e+00,1.1914619453571473e+00,0.0000000000000000e+00,7.3577828402158412e+00,2.7125233345016300e+00,1.1914619453571473e+00,1.1833939058646190e+00,0.0000000000000000e+00,0.0000000000000000e+00,3.1415926535897931e+00,0.0000000000000000e+00,4.0207800402225803e-02,3.0410852782333508e+00,3.2362753150531960e+00,8.0907153274042098e-01,9.9573729391852842e-02
max_c_e_gamma_mixing_angles_polarization_05_local_minimum_230,C_e_gamma,polarization_cluster_05_local_minimum_230,7.2514414004303207e-01,3.1058535866355403e+00,kp,3.9339712181162662e-01,-3.3422915738534141e-02,-3.5729069981254901e-03,-3.7744899811165267e-01,3.7894274387613336e-01,3.2480881394817791e+00,7.3577828402158412e+00,2.7125233345016300e+00,1.1914619453571473e+00,1.1833939058646190e+00,0.0000000000000000e+00,0.0000000000000000e+00,3.1415926535897931e+00,0.0000000000000000e+00,4.0207800402225803e-02,3.0410852782333508e+00,3.2362753150531960e+00,8.0907153274042098e-01,9.9573729391852842e-02
max_c_e_gamma_mixing_angles_polarization_05_local_minimum_230,C_e_gamma,polarization_cluster_05_local_minimum_230,7.2514414004303207e-01,3.1058535866355403e+00,pp,1.5100546799495436e+00,-4.7355782875948181e-02,-4.4972184947364722e-03,1.1824374576659584e+00,1.1833939058646190e+00,3.2362753150531955e+00,7.3577828402158412e+00,2.7125233345016300e+00,1.1914619453571473e+00,1.1833939058646190e+00,0.0000000000000000e+00,0.0000000000000000e+00,3.1415926535897931e+00,0.0000000000000000e+00,4.0207800402225803e-02,3.0410852782333508e+00,3.2362753150531960e+00,8.0907153274042098e-01,9.9573729391852842e-02
max_c_e_gamma_mixing_angles_polarization_05_local_minimum_230,C_e_gamma,polarization_cluster_05_local_minimum_230,7.2514414004303207e-01,3.1058535866355403e+00,qout,8.0907153274042098e-01,8.0778698614482322e-02,8.0701254928619622e-03,-8.0498845955430576e-01,8.0907153274042098e-01,9.9573729391852828e-02,7.3577828402158412e+00,2.7125233345016300e+00,1.1914619453571473e+00,1.1833939058646190e+00,0.0000000000000000e+00,0.0000000000000000e+00,3.1415926535897931e+00,0.0000000000000000e+00,4.0207800402225803e-02,3.0410852782333508e+00,3.2362753150531960e+00,8.0907153274042098e-01,9.9573729391852842e-02
max_c_e_gamma_mixing_angles_polarization_05_local_minimum_231,C_e_gamma,polarization_cluster_05_local_minimum_231,2.3068179464117953e+00,3.0157462503484997e+00,k,1.5055011901848514e+00,0.0000000000000000e+00,0.0000000000000000e+00,-1.5017889802947368e+00,1.5017889802947368e+00,0.0000000000000000e+00,1.0733190154005861e+01,3.2761547817534296e+00,1.5017889802947368e+00,1.4971207094872163e+00,0.0000000000000000e+00,0.0000000000000000e+00,3.1415926535897931e+00,0.0000000000000000e+00,2.3183932851709665e-01,2.8860678866302223e+00,2.9330054765883715e-02,1.0162957626635236e+00,3.1706975318628294e+00
max_c_e_gamma_mixing_angles_polarization_05_local_minimum_231,C_e_gamma,polarization_cluster_05_local_minimum_231,2.3068179464117953e+00,3.0157462503484997e+00,p,1.7706535915685782e+00,0.0000000000000000e+00,0.0000000000000000e+00,1.5017889802947368e+00,1.5017889802947368e+00,0.0000000000000000e+00,1.0733190154005861e+01,3.2761547817534296e+00,1.5017889802947368e+00,1.4971207094872163e+00,0.0000000000000000e+00,0.0000000000000000e+00,3.1415926535897931e+00,0.0000000000000000e+00,2.3183932851709665e-01,2.8860678866302223e+00,2.9330054765883715e-02,1.0162957626635236e+00,3.1706975318628294e+00
max_c_e_gamma_mixing_angles_polarization_05_local_minimum_231,C_e_gamma,polarization_cluster_05_local_minimum_231,2.3068179464117953e+00,3.0157462503484997e+00,kp,4.9316311464784501e-01,-8.7079338679043605e-02,-2.6126408163490910e-03,-4.7376843311796291e-01,4.8171170354877668e-01,3.1715866490708411e+00,1.0733190154005861e+01,3.2761547817534296e+00,1.5017889802947368e+00,1.4971207094872163e+00,0.0000000000000000e+00,0.0000000000000000e+00,3.1415926535897931e+00,0.0000000000000000e+00,2.3183932851709665e-01,2.8860678866302223e+00,2.9330054765883715e-02,1.0162957626635236e+00,3.1706975318628294e+00
max_c_e_gamma_mixing_angles_polarization_05_local_minimum_231,C_e_gamma,polarization_cluster_05_local_minimum_231,2.3068179464117953e+00,3.0157462503484997e+00,pp,1.7666959044429535e+00,3.4384252631323542e-01,1.0087812980992669e-02,1.4570658776813417e+00,1.4971207094872163e+00,2.9330054765883712e-02,1.0733190154005861e+01,3.2761547817534296e+00,1.5017889802947368e+00,1.4971207094872163e+00,0.0000000000000000e+00,0.0000000000000000e+00,3.1415926535897931e+00,0.0000000000000000e+00,2.3183932851709665e-01,2.8860678866302223e+00,2.9330054765883715e-02,1.0162957626635236e+00,3.1706975318628294e+00
max_c_e_gamma_mixing_angles_polarization_05_local_minimum_231,C_e_gamma,polarization_cluster_05_local_minimum_231,2.3068179464117953e+00,3.0157462503484997e+00,qout,1.0162957626635236e+00,-2.5676318763419181e-01,-7.4751721646435778e-03,-9.8329744456337875e-01,1.0162957626635236e+00,3.1706975318628290e+00,1.0733190154005861e+01,3.2761547817534296e+00,1.5017889802947368e+00,1.4971207094872163e+00,0.0000000000000000e+00,0.0000000000000000e+00,3.1415926535897931e+00,0.0000000000000000e+00,2.3183932851709665e-01,2.8860678866302223e+00,2.9330054765883715e-02,1.0162957626635236e+00,3.1706975318628294e+00
max_c_e_gamma_mixing_angles_polarization_05_local_minimum_236,C_e_gamma,polarization_cluster_05_local_minimum_236,2.3673209205784698e+00,3.1187280930097856e+00,k,1.1404531948103027e+00,0.0000000000000000e+00,0.0000000000000000e+00,-1.1355482364213894e+00,1.1355482364213894e+00,0.0000000000000000e+00,6.8294009173936798e+00,2.6133122502666377e+00,1.1355482364213894e+00,1.1214251359035257e+00,0.0000000000000000e+00,0.0000000000000000e+00,3.1415926535897931e+00,0.0000000000000000e+00,1.2276533554158978e-01,3.0930845966284415e+00,6.0799315030301981e+00,6.1494997130539597e-01,3.5640071319026625e-03
max_c_e_gamma_mixing_angles_polarization_05_local_minimum_236,C_e_gamma,polarization_cluster_05_local_minimum_236,2.3673209205784698e+00,3.1187280930097856e+00,p,1.4728590554563350e+00,0.0000000000000000e+00,0.0000000000000000e+00,1.1355482364213894e+00,1.1355482364213894e+00,0.0000000000000000e+00,6.8294009173936798e+00,2.6133122502666377e+00,1.1355482364213894e+00,1.1214251359035257e+00,0.0000000000000000e+00,0.0000000000000000e+00,3.1415926535897931e+00,0.0000000000000000e+00,1.2276533554158978e-01,3.0930845966284415e+00,6.0799315030301981e+00,6.1494997130539597e-01,3.5640071319026625e-03
max_c_e_gamma_mixing_angles_polarization_05_local_minimum_236,C_e_gamma,polarization_cluster_05_local_minimum_236,2.3673209205784698e+00,3.1187280930097856e+00,kp,5.3636421622782438e-01,-1.6431784525976020e-01,2.7614088221119843e-02,-4.9875844654230672e-01,5.2585442865529741e-01,2.9750955255528826e+00,6.8294009173936798e+00,2.6133122502666377e+00,1.1355482364213894e+00,1.1214251359035257e+00,0.0000000000000000e+00,0.0000000000000000e+00,3.1415926535897931e+00,0.0000000000000000e+00,1.2276533554158978e-01,3.0930845966284415e+00,6.0799315030301981e+00,6.1494997130539597e-01,3.5640071319026625e-03
max_c_e_gamma_mixing_angles_polarization_05_local_minimum_236,C_e_gamma,polarization_cluster_05_local_minimum_236,2.3673209205784698e+00,3.1187280930097856e+00,pp,1.4619980627334090e+00,1.3449970352503218e-01,-2.7720360740885928e-02,1.1129850613500230e+00,1.1214251359035257e+00,6.0799315030301981e+00,6.8294009173936798e+00,2.6133122502666377e+00,1.1355482364213894e+00,1.1214251359035257e+00,0.0000000000000000e+00,0.0000000000000000e+00,3.1415926535897931e+00,0.0000000000000000e+00,1.2276533554158978e-01,3.0930845966284415e+00,6.0799315030301981e+00,6.1494997130539597e-01,3.5640071319026625e-03
max_c_e_gamma_mixing_angles_polarization_05_local_minimum_236,C_e_gamma,polarization_cluster_05_local_minimum_236,2.3673209205784698e+00,3.1187280930097856e+00,qout,6.1494997130539597e-01,2.9818141734728010e-02,1.0627251976608633e-04,-6.1422661480771623e-01,6.1494997130539608e-01,3.5640071319026625e-03,6.8294009173936798e+00,2.6133122502666377e+00,1.1355482364213894e+00,1.1214251359035257e+00,0.0000000000000000e+00,0.0000000000000000e+00,3.1415926535897931e+00,0.0000000000000000e+00,1.2276533554158978e-01,3.0930845966284415e+00,6.0799315030301981e+00,6.1494997130539597e-01,3.5640071319026625e-03
max_c_e_gamma_mixing_angles_polarization_05_local_minimum_237,C_e_gamma,polarization_cluster_05_local_minimum_237,7.7356059103138297e-01,3.1224517325765078e+00,k,1.6869241103720523e+00,0.0000000000000000e+00,0.0000000000000000e+00,-1.6836119689053177e+00,1.6836119689053177e+00,0.0000000000000000e+00,1.3062443341075026e+01,3.6142002353321576e+00,1.6836119689053177e+00,1.6808795902173612e+00,0.0000000000000000e+00,0.0000000000000000e+00,3.1415926535897931e+00,0.0000000000000000e+00,4.8257629351622817e-02,3.0515102373472196e+00,5.4092199003886634e+00,8.7091914837848083e-01,2.2941158877110430e+00
max_c_e_gamma_mixing_angles_polarization_05_local_minimum_237,C_e_gamma,polarization_cluster_05_local_minimum_237,7.7356059103138297e-01,3.1224517325765078e+00,p,1.9272761249601056e+00,0.0000000000000000e+00,0.0000000000000000e+00,1.6836119689053177e+00,1.6836119689053177e+00,0.0000000000000000e+00,1.3062443341075026e+01,3.6142002353321576e+00,1.6836119689053177e+00,1.6808795902173612e+00,0.0000000000000000e+00,0.0000000000000000e+00,3.1415926535897931e+00,0.0000000000000000e+00,4.8257629351622817e-02,3.0515102373472196e+00,5.4092199003886634e+00,8.7091914837848083e-01,2.2941158877110430e+00
max_c_e_gamma_mixing_angles_polarization_05_local_minimum_237,C_e_gamma,polarization_cluster_05_local_minimum_237,7.7356059103138297e-01,3.1224517325765078e+00,kp,8.1839142860663738e-01,-1.8180683313401280e-04,3.4505411789018114e-03,-8.1153490301733910e-01,8.1154225897578114e-01,1.6234370174024899e+00,1.3062443341075026e+01,3.6142002353321576e+00,1.6836119689053177e+00,1.6808795902173612e+00,0.0000000000000000e+00,0.0000000000000000e+00,3.1415926535897931e+00,0.0000000000000000e+00,4.8257629351622817e-02,3.0515102373472196e+00,5.4092199003886634e+00,8.7091914837848083e-01,2.2941158877110430e+00
max_c_e_gamma_mixing_angles_polarization_05_local_minimum_237,C_e_gamma,polarization_cluster_05_local_minimum_237,7.7356059103138297e-01,3.1224517325765078e+00,pp,1.9248896583464945e+00,5.2038811468216706e-02,-6.2181526135694734e-02,1.6789227548394523e+00,1.6808795902173612e+00,5.4092199003886634e+00,1.3062443341075026e+01,3.6142002353321576e+00,1.6836119689053177e+00,1.6808795902173612e+00,0.0000000000000000e+00,0.0000000000000000e+00,3.1415926535897931e+00,0.0000000000000000e+00,4.8257629351622817e-02,3.0515102373472196e+00,5.4092199003886634e+00,8.7091914837848083e-01,2.2941158877110430e+00
max_c_e_gamma_mixing_angles_polarization_05_local_minimum_237,C_e_gamma,polarization_cluster_05_local_minimum_237,7.7356059103138297e-01,3.1224517325765078e+00,qout,8.7091914837848083e-01,-5.1857004635082693e-02,5.8730984956792923e-02,-8.6738785182211320e-01,8.7091914837848072e-01,2.2941158877110430e+00,1.3062443341075026e+01,3.6142002353321576e+00,1.6836119689053177e+00,1.6808795902173612e+00,0.0000000000000000e+00,0.0000000000000000e+00,3.1415926535897931e+00,0.0000000000000000e+00,4.8257629351622817e-02,3.0515102373472196e+00,5.4092199003886634e+00,8.7091914837848083e-01,2.2941158877110430e+00
max_c_e_gamma_mixing_angles_polarization_05_local_minimum_243,C_e_gamma,polarization_cluster_05_local_minimum_243,7.9703905092444094e-01,3.0834281929567759e+00,k,2.1048331043158477e+00,0.0000000000000000e+00,0.0000000000000000e+00,-2.1021795129604390e+00,2.1021795129604390e+00,0.0000000000000000e+00,1.9419792657960951e+01,4.4067893820740913e+00,2.1021795129604390e+00,2.0934733505493912e+00,0.0000000000000000e+00,0.0000000000000000e+00,3.1415926535897931e+00,0.0000000000000000e+00,1.1157053117231218e-02,3.0951205923134846e+00,3.6036999581085731e+00,1.5379128177458634e+00,3.7320655355333137e+00
max_c_e_gamma_mixing_angles_polarization_05_local_minimum_243,C_e_gamma,polarization_cluster_05_local_minimum_243,7.9703905092444094e-01,3.0834281929567759e+00,p,2.3019562777582436e+00,0.0000000000000000e+00,0.0000000000000000e+00,2.1021795129604390e+00,2.1021795129604390e+00,0.0000000000000000e+00,1.9419792657960951e+01,4.4067893820740913e+00,2.1021795129604390e+00,2.0934733505493912e+00,0.0000000000000000e+00,0.0000000000000000e+00,3.1415926535897931e+00,0.0000000000000000e+00,1.1157053117231218e-02,3.0951205923134846e+00,3.6036999581085731e+00,1.5379128177458634e+00,3.7320655355333137e+00
max_c_e_gamma_mixing_angles_polarization_05_local_minimum_243,C_e_gamma,polarization_cluster_05_local_minimum_243,7.9703905092444094e-01,3.0834281929567759e+00,kp,5.7486813595239972e-01,8.0253896610200728e-02,5.0190026088236105e-02,-5.5709061630961720e-01,5.6507493434064804e-01,5.5888008902534470e-01,1.9419792657960951e+01,4.4067893820740913e+00,2.1021795129604390e+00,2.0934733505493912e+00,0.0000000000000000e+00,0.0000000000000000e+00,3.1415926535897931e+00,0.0000000000000000e+00,1.1157053117231218e-02,3.0951205923134846e+00,3.6036999581085731e+00,1.5379128177458634e+00,3.7320655355333137e+00
max_c_e_gamma_mixing_angles_polarization_05_local_minimum_243,C_e_gamma,polarization_cluster_05_local_minimum_243,7.9703905092444094e-01,3.0834281929567759e+00,pp,2.2940084283760802e+00,-2.0906760781942906e-02,-1.0413157864958828e-02,2.0933430542931513e+00,2.0934733505493908e+00,3.6036999581085727e+00,1.9419792657960951e+01,4.4067893820740913e+00,2.1021795129604390e+00,2.0934733505493912e+00,0.0000000000000000e+00,0.0000000000000000e+00,3.1415926535897931e+00,0.0000000000000000e+00,1.1157053117231218e-02,3.0951205923134846e+00,3.6036999581085731e+00,1.5379128177458634e+00,3.7320655355333137e+00
max_c_e_gamma_mixing_angles_polarization_05_local_minimum_243,C_e_gamma,polarization_cluster_05_local_minimum_243,7.9703905092444094e-01,3.0834281929567759e+00,qout,1.5379128177458634e+00,-5.9347135828257819e-02,-3.9776868223277279e-02,-1.5362524379835341e+00,1.5379128177458636e+00,3.7320655355333132e+00,1.9419792657960951e+01,4.4067893820740913e+00,2.1021795129604390e+00,2.0934733505493912e+00,0.0000000000000000e+00,0.0000000000000000e+00,3.1415926535897931e+00,0.0000000000000000e+00,1.1157053117231218e-02,3.0951205923134846e+00,3.6036999581085731e+00,1.5379128177458634e+00,3.7320655355333137e+00
max_c_e_gamma_mixing_angles_polarization_05_local_minimum_253,C_e_gamma,polarization_cluster_05_local_minimum_253,1.5744377326993921e+00,3.1415272092298578e+00,k,2.0610422388991161e+00,0.0000000000000000e+00,0.0000000000000000e+00,-2.0583321933577636e+00,2.0583321933577636e+00,0.0000000000000000e+00,1.8688563128379375e+01,4.3230270793021148e+00,2.0583321933577636e+00,1.3869857372367902e+00,0.0000000000000000e+00,0.0000000000000000e+00,3.1415926535897931e+00,0.0000000000000000e+00,3.1409270677777159e+00,2.2884261673155071e+00,2.0994673368142641e-01,7.1325810552848568e-01,6.2827431215998768e+00
max_c_e_gamma_mixing_angles_polarization_05_local_minimum_253,C_e_gamma,polarization_cluster_05_local_minimum_253,1.5744377326993921e+00,3.1415272092298578e+00,p,2.2619848404029992e+00,0.0000000000000000e+00,0.0000000000000000e+00,2.0583321933577636e+00,2.0583321933577636e+00,0.0000000000000000e+00,1.8688563128379375e+01,4.3230270793021148e+00,2.0583321933577636e+00,1.3869857372367902e+00,0.0000000000000000e+00,0.0000000000000000e+00,3.1415926535897931e+00,0.0000000000000000e+00,3.1409270677777159e+00,2.2884261673155071e+00,2.0994673368142641e-01,7.1325810552848568e-01,6.2827431215998768e+00
max_c_e_gamma_mixing_angles_polarization_05_local_minimum_253,C_e_gamma,polarization_cluster_05_local_minimum_253,1.5744377326993921e+00,3.1415272092298578e+00,kp,1.9353814931417881e+00,-5.3824757077771324e-01,4.5212763169485168e-05,1.8560246178836461e+00,1.9324952345820774e+00,3.1415086536508845e+00,1.8688563128379375e+01,4.3230270793021148e+00,2.0583321933577636e+00,1.3869857372367902e+00,0.0000000000000000e+00,0.0000000000000000e+00,3.1415926535897931e+00,0.0000000000000000e+00,3.1409270677777159e+00,2.2884261673155071e+00,2.0994673368142641e-01,7.1325810552848568e-01,6.2827431215998768e+00
max_c_e_gamma_mixing_angles_polarization_05_local_minimum_253,C_e_gamma,polarization_cluster_05_local_minimum_253,1.5744377326993921e+00,3.1415272092298578e+00,pp,1.6743874806323302e+00,9.0288727351432437e-04,1.9239332269595271e-04,-1.3869854300163587e+00,1.3869857372367902e+00,2.0994673368142636e-01,1.8688563128379375e+01,4.3230270793021148e+00,2.0583321933577636e+00,1.3869857372367902e+00,0.0000000000000000e+00,0.0000000000000000e+00,3.1415926535897931e+00,0.0000000000000000e+00,3.1409270677777159e+00,2.2884261673155071e+00,2.0994673368142641e-01,7.1325810552848568e-01,6.2827431215998768e+00
max_c_e_gamma_mixing_angles_polarization_05_local_minimum_253,C_e_gamma,polarization_cluster_05_local_minimum_253,1.5744377326993921e+00,3.1415272092298578e+00,qout,7.1325810552848568e-01,5.3734468350419895e-01,-2.3760608586543788e-04,-4.6903918786728754e-01,7.1325810552848568e-01,6.2827431215998768e+00,1.8688563128379375e+01,4.3230270793021148e+00,2.0583321933577636e+00,1.3869857372367902e+00,0.0000000000000000e+00,0.0000000000000000e+00,3.1415926535897931e+00,0.0000000000000000e+00,3.1409270677777159e+00,2.2884261673155071e+00,2.0994673368142641e-01,7.1325810552848568e-01,6.2827431215998768e+00
max_c_e_gamma_mixing_angles_polarization_05_local_minimum_254,C_e_gamma,polarization_cluster_05_local_minimum_254,2.3548093820555223e+00,3.0555910079828861e+00,k,2.0725000191236989e+00,0.0000000000000000e+00,0.0000000000000000e+00,-2.0698049755845194e+00,2.0698049755845194e+00,0.0000000000000000e+00,1.8878414064341907e+01,4.3449296961334039e+00,2.0698049755845194e+00,2.0686264602847788e+00,0.0000000000000000e+00,0.0000000000000000e+00,3.1415926535897931e+00,0.0000000000000000e+00,9.5431467462841549e-02,3.1195243488790472e+00,1.9594129622080226e-02,2.4278166667427373e-01,7.2698310185362477e-04
max_c_e_gamma_mixing_angles_polarization_05_local_minimum_254,C_e_gamma,polarization_cluster_05_local_minimum_254,2.3548093820555223e+00,3.0555910079828861e+00,p,2.2724296770097050e+00,0.0000000000000000e+00,0.0000000000000000e+00,2.0698049755845194e+00,2.0698049755845194e+00,0.0000000000000000e+00,1.8878414064341907e+01,4.3449296961334039e+00,2.0698049755845194e+00,2.0686264602847788e+00,0.0000000000000000e+00,0.0000000000000000e+00,3.1415926535897931e+00,0.0000000000000000e+00,9.5431467462841549e-02,3.1195243488790472e+00,1.9594129622080226e-02,2.4278166667427373e-01,7.2698310185362477e-04
max_c_e_gamma_mixing_angles_polarization_05_local_minimum_254,C_e_gamma,polarization_cluster_05_local_minimum_254,2.3548093820555223e+00,3.0555910079828861e+00,kp,1.8307917315189564e+00,-2.0243205714100979e-01,-3.8658964416397336e-03,-1.8164913952373243e+00,1.8277403185039387e+00,3.1606875866172452e+00,1.8878414064341907e+01,4.3449296961334039e+00,2.0698049755845194e+00,2.0686264602847788e+00,0.0000000000000000e+00,0.0000000000000000e+00,3.1415926535897931e+00,0.0000000000000000e+00,9.5431467462841549e-02,3.1195243488790472e+00,1.9594129622080226e-02,2.4278166667427373e-01,7.2698310185362477e-04
max_c_e_gamma_mixing_angles_polarization_05_local_minimum_254,C_e_gamma,polarization_cluster_05_local_minimum_254,2.3548093820555223e+00,3.0555910079828861e+00,pp,2.2713562979396991e+00,1.9707471362988147e-01,3.8620017427501963e-03,2.0592139457522554e+00,2.0686264602847788e+00,1.9594129622080226e-02,1.8878414064341907e+01,4.3449296961334039e+00,2.0698049755845194e+00,2.0686264602847788e+00,0.0000000000000000e+00,0.0000000000000000e+00,3.1415926535897931e+00,0.0000000000000000e+00,9.5431467462841549e-02,3.1195243488790472e+00,1.9594129622080226e-02,2.4278166667427373e-01,7.2698310185362477e-04
max_c_e_gamma_mixing_angles_polarization_05_local_minimum_254,C_e_gamma,polarization_cluster_05_local_minimum_254,2.3548093820555223e+00,3.0555910079828861e+00,qout,2.4278166667427373e-01,5.3573435111283181e-03,3.8946988895373508e-06,-2.4272255051493102e-01,2.4278166667427373e-01,7.2698310185362477e-04,1.8878414064341907e+01,4.3449296961334039e+00,2.0698049755845194e+00,2.0686264602847788e+00,0.0000000000000000e+00,0.0000000000000000e+00,3.1415926535897931e+00,0.0000000000000000e+00,9.5431467462841549e-02,3.1195243488790472e+00,1.9594129622080226e-02,2.4278166667427373e-01,7.2698310185362477e-04
max_c_e_gamma_mixing_angles_polarization_05_local_minimum_255,C_e_gamma,polarization_cluster_05_local_minimum_255,2.3785691693485012e+00,3.1257425416740450e+00,k,2.2398857508781793e+00,0.0000000000000000e+00,0.0000000000000000e+00,-2.2373923403537894e+00,2.2373923403537894e+00,0.0000000000000000e+00,2.1771052367837775e+01,4.6659460313893231e+00,2.2373923403537894e+00,2.2346945973718464e+00,0.0000000000000000e+00,0.0000000000000000e+00,3.1415926535897931e+00,0.0000000000000000e+00,3.9913939459294362e-02,3.0721971580847480e+00,1.0739338041399207e+00,1.3418340131162674e+00,4.2291193193125087e+00
max_c_e_gamma_mixing_angles_polarization_05_local_minimum_255,C_e_gamma,polarization_cluster_05_local_minimum_255,2.3785691693485012e+00,3.1257425416740450e+00,p,2.4260602805111433e+00,0.0000000000000000e+00,0.0000000000000000e+00,2.2373923403537894e+00,2.2373923403537894e+00,0.0000000000000000e+00,2.1771052367837775e+01,4.6659460313893231e+00,2.2373923403537894e+00,2.2346945973718464e+00,0.0000000000000000e+00,0.0000000000000000e+00,3.1415926535897931e+00,0.0000000000000000e+00,3.9913939459294362e-02,3.0721971580847480e+00,1.0739338041399207e+00,1.3418340131162674e+00,4.2291193193125087e+00
max_c_e_gamma_mixing_angles_polarization_05_local_minimum_255,C_e_gamma,polarization_cluster_05_local_minimum_255,2.3785691693485012e+00,3.1257425416740450e+00,kp,9.0053946034796051e-01,7.2921050677406118e-04,3.9979694300290997e-03,-8.9431041133544364e-01,8.9431964494273353e-01,1.3903843125097883e+00,2.1771052367837775e+01,4.6659460313893231e+00,2.2373923403537894e+00,2.2346945973718464e+00,0.0000000000000000e+00,0.0000000000000000e+00,3.1415926535897931e+00,0.0000000000000000e+00,3.9913939459294362e-02,3.0721971580847480e+00,1.0739338041399207e+00,1.3418340131162674e+00,4.2291193193125087e+00
max_c_e_gamma_mixing_angles_polarization_05_local_minimum_255,C_e_gamma,polarization_cluster_05_local_minimum_255,2.3785691693485012e+00,3.1257425416740450e+00,pp,2.4235725579241318e+00,4.2505495158319508e-02,7.8389347877739282e-02,2.2329147624895063e+00,2.2346945973718468e+00,1.0739338041399207e+00,2.1771052367837775e+01,4.6659460313893231e+00,2.2373923403537894e+00,2.2346945973718464e+00,0.0000000000000000e+00,0.0000000000000000e+00,3.1415926535897931e+00,0.0000000000000000e+00,3.9913939459294362e-02,3.0721971580847480e+00,1.0739338041399207e+00,1.3418340131162674e+00,4.2291193193125087e+00
max_c_e_gamma_mixing_angles_polarization_05_local_minimum_255,C_e_gamma,polarization_cluster_05_local_minimum_255,2.3785691693485012e+00,3.1257425416740450e+00,qout,1.3418340131162674e+00,-4.3234705665093569e-02,-8.2387317307768382e-02,-1.3386043511540626e+00,1.3418340131162674e+00,4.2291193193125078e+00,2.1771052367837775e+01,4.6659460313893231e+00,2.2373923403537894e+00,2.2346945973718464e+00,0.0000000000000000e+00,0.0000000000000000e+00,3.1415926535897931e+00,0.0000000000000000e+00,3.9913939459294362e-02,3.0721971580847480e+00,1.0739338041399207e+00,1.3418340131162674e+00,4.2291193193125087e+00
max_c_e_gamma_mixing_angles_polarization_05_local_minimum_256,C_e_gamma,polarization_cluster_05_local_minimum_256,7.8016894661898928e-01,3.0828183691103144e+00,k,1.1808062517772300e+00,0.0000000000000000e+00,0.0000000000000000e+00,-1.1760696033496028e+00,1.1760696033496028e+00,0.0000000000000000e+00,7.2099120010942421e+00,2.6851279301169697e+00,1.1760696033496028e+00,1.1696596150031169e+00,0.0000000000000000e+00,0.0000000000000000e+00,3.1415926535897931e+00,0.0000000000000000e+00,2.3712373920158094e-02,3.0640161828712196e+00,3.2944706195499047e+00,6.0714367290475024e-01,3.2063843624246204e+00
max_c_e_gamma_mixing_angles_polarization_05_local_minimum_256,C_e_gamma,polarization_cluster_05_local_minimum_256,7.8016894661898928e-01,3.0828183691103144e+00,p,1.5043216783397397e+00,0.0000000000000000e+00,0.0000000000000000e+00,1.1760696033496028e+00,1.1760696033496028e+00,0.0000000000000000e+00,7.2099120010942421e+00,2.6851279301169697e+00,1.1760696033496028e+00,1.1696596150031169e+00,0.0000000000000000e+00,0.0000000000000000e+00,3.1415926535897931e+00,0.0000000000000000e+00,2.3712373920158094e-02,3.0640161828712196e+00,3.2944706195499047e+00,6.0714367290475024e-01,3.2063843624246204e+00
max_c_e_gamma_mixing_angles_polarization_05_local_minimum_256,C_e_gamma,polarization_cluster_05_local_minimum_256,7.8016894661898928e-01,3.0828183691103144e+00,kp,5.7866854163715842e-01,7.4363463534773244e-02,7.2697405183954067e-03,-5.6401313365123373e-01,5.6894076033201979e-01,9.7449920425549202e-02,7.2099120010942421e+00,2.6851279301169697e+00,1.1760696033496028e+00,1.1696596150031169e+00,0.0000000000000000e+00,0.0000000000000000e+00,3.1415926535897931e+00,0.0000000000000000e+00,2.3712373920158094e-02,3.0640161828712196e+00,3.2944706195499047e+00,6.0714367290475024e-01,3.2063843624246204e+00
max_c_e_gamma_mixing_angles_polarization_05_local_minimum_256,C_e_gamma,polarization_cluster_05_local_minimum_256,7.8016894661898928e-01,3.0828183691103144e+00,pp,1.4993157155746883e+00,-2.7409356721060311e-02,-4.2232394721094151e-03,1.1693307942501723e+00,1.1696596150031169e+00,3.2944706195499043e+00,7.2099120010942421e+00,2.6851279301169697e+00,1.1760696033496028e+00,1.1696596150031169e+00,0.0000000000000000e+00,0.0000000000000000e+00,3.1415926535897931e+00,0.0000000000000000e+00,2.3712373920158094e-02,3.0640161828712196e+00,3.2944706195499047e+00,6.0714367290475024e-01,3.2063843624246204e+00
max_c_e_gamma_mixing_angles_polarization_05_local_minimum_256,C_e_gamma,polarization_cluster_05_local_minimum_256,7.8016894661898928e-01,3.0828183691103144e+00,qout,6.0714367290475024e-01,-4.6954106813712926e-02,-3.0465010462859920e-03,-6.0531766059893855e-01,6.0714367290475024e-01,3.2063843624246200e+00,7.2099120010942421e+00,2.6851279301169697e+00,1.1760696033496028e+00,1.1696596150031169e+00,0.0000000000000000e+00,0.0000000000000000e+00,3.1415926535897931e+00,0.0000000000000000e+00,2.3712373920158094e-02,3.0640161828712196e+00,3.2944706195499047e+00,6.0714367290475024e-01,3.2063843624246204e+00
max_c_e_gamma_mixing_angles_polarization_05_local_minimum_257,C_e_gamma,polarization_cluster_05_local_minimum_257,7.9937885753526505e-01,3.0947804797911691e+00,k,2.0372719248543167e+00,0.0000000000000000e+00,0.0000000000000000e+00,-2.0345302169017581e+00,2.0345302169017581e+00,0.0000000000000000e+00,1.8298028483723122e+01,4.2776194879539169e+00,2.0345302169017581e+00,2.0289624246598592e+00,0.0000000000000000e+00,0.0000000000000000e+00,3.1415926535897931e+00,0.0000000000000000e+00,7.9917781107428296e-03,3.0921921604503506e+00,3.7926909774394209e+00,1.2946118285357058e+00,3.8701740940422531e+00
max_c_e_gamma_mixing_angles_polarization_05_local_minimum_257,C_e_gamma,polarization_cluster_05_local_minimum_257,7.9937885753526505e-01,3.0947804797911691e+00,p,2.2403475630995997e+00,0.0000000000000000e+00,0.0000000000000000e+00,2.0345302169017581e+00,2.0345302169017581e+00,0.0000000000000000e+00,1.8298028483723122e+01,4.2776194879539169e+00,2.0345302169017581e+00,2.0289624246598592e+00,0.0000000000000000e+00,0.0000000000000000e+00,3.1415926535897931e+00,0.0000000000000000e+00,7.9917781107428296e-03,3.0921921604503506e+00,3.7926909774394209e+00,1.2946118285357058e+00,3.8701740940422531e+00
max_c_e_gamma_mixing_angles_polarization_05_local_minimum_257,C_e_gamma,polarization_cluster_05_local_minimum_257,7.9937885753526505e-01,3.0947804797911691e+00,kp,7.4771516833777973e-01,6.0595864744836928e-02,5.2391499758529116e-02,-7.3586517282581920e-01,7.4021232133023507e-01,7.1291226334908797e-01,1.8298028483723122e+01,4.2776194879539169e+00,2.0345302169017581e+00,2.0289624246598592e+00,0.0000000000000000e+00,0.0000000000000000e+00,3.1415926535897931e+00,0.0000000000000000e+00,7.9917781107428296e-03,3.0921921604503506e+00,3.7926909774394209e+00,1.2946118285357058e+00,3.8701740940422531e+00
max_c_e_gamma_mixing_angles_polarization_05_local_minimum_257,C_e_gamma,polarization_cluster_05_local_minimum_257,7.9937885753526505e-01,3.0947804797911691e+00,pp,2.2352924910806675e+00,-1.2897589672195744e-02,-9.8271753525341066e-03,2.0288976315937806e+00,2.0289624246598588e+00,3.7926909774394204e+00,1.8298028483723122e+01,4.2776194879539169e+00,2.0345302169017581e+00,2.0289624246598592e+00,0.0000000000000000e+00,0.0000000000000000e+00,3.1415926535897931e+00,0.0000000000000000e+00,7.9917781107428296e-03,3.0921921604503506e+00,3.7926909774394209e+00,1.2946118285357058e+00,3.8701740940422531e+00
max_c_e_gamma_mixing_angles_polarization_05_local_minimum_257,C_e_gamma,polarization_cluster_05_local_minimum_257,7.9937885753526505e-01,3.0947804797911691e+00,qout,1.2946118285357058e+00,-4.7698275072641183e-02,-4.2564324405995009e-02,-1.2930324587679614e+00,1.2946118285357058e+00,3.8701740940422527e+00,1.8298028483723122e+01,4.2776194879539169e+00,2.0345302169017581e+00,2.0289624246598592e+00,0.0000000000000000e+00,0.0000000000000000e+00,3.1415926535897931e+00,0.0000000000000000e+00,7.9917781107428296e-03,3.0921921604503506e+00,3.7926909774394209e+00,1.2946118285357058e+00,3.8701740940422531e+00
max_c_e_gamma_mixing_angles_polarization_05_local_minimum_289,C_e_gamma,polarization_cluster_05_local_minimum_289,2.3655910324937000e+00,2.9057009371465288e+00,k,2.4129394105617896e+00,0.0000000000000000e+00,0.0000000000000000e+00,-2.4106250033402081e+00,2.4106250033402081e+00,0.0000000000000000e+00,2.4996278298328622e+01,4.9996278159807677e+00,2.4106250033402081e+00,2.2753516040838369e+00,0.0000000000000000e+00,0.0000000000000000e+00,3.1415926535897931e+00,0.0000000000000000e+00,4.4419599345584876e-01,3.1415849415783668e+00,4.2667115278348307e-04,1.2972797956257618e+00,3.0966154657980867e+00
max_c_e_gamma_mixing_angles_polarization_05_local_minimum_289,C_e_gamma,polarization_cluster_05_local_minimum_289,2.3655910324937000e+00,2.9057009371465288e+00,p,2.5866884054189785e+00,0.0000000000000000e+00,0.0000000000000000e+00,2.4106250033402081e+00,2.4106250033402081e+00,0.0000000000000000e+00,2.4996278298328622e+01,4.9996278159807677e+00,2.4106250033402081e+00,2.2753516040838369e+00,0.0000000000000000e+00,0.0000000000000000e+00,3.1415926535897931e+00,0.0000000000000000e+00,4.4419599345584876e-01,3.1415849415783668e+00,4.2667115278348307e-04,1.2972797956257618e+00,3.0966154657980867e+00
max_c_e_gamma_mixing_angles_polarization_05_local_minimum_289,C_e_gamma,polarization_cluster_05_local_minimum_289,2.3655910324937000e+00,2.9057009371465288e+00,kp,1.2412367018236123e+00,-9.7778139475374004e-01,-4.1764523327963797e-04,-7.5726364450338557e-01,1.2367315220534569e+00,3.1420197891541650e+00,2.4996278298328622e+01,4.9996278159807677e+00,2.4106250033402081e+00,2.2753516040838369e+00,0.0000000000000000e+00,0.0000000000000000e+00,3.1415926535897931e+00,0.0000000000000000e+00,4.4419599345584876e-01,3.1415849415783668e+00,4.2667115278348307e-04,1.2972797956257618e+00,3.0966154657980867e+00
max_c_e_gamma_mixing_angles_polarization_05_local_minimum_289,C_e_gamma,polarization_cluster_05_local_minimum_289,2.3655910324937000e+00,2.9057009371465288e+00,pp,2.4611113185321156e+00,9.7779138927262599e-01,4.1719540455928265e-04,2.0545434400905696e+00,2.2753516040838369e+00,4.2667115278348307e-04,2.4996278298328622e+01,4.9996278159807677e+00,2.4106250033402081e+00,2.2753516040838369e+00,0.0000000000000000e+00,0.0000000000000000e+00,3.1415926535897931e+00,0.0000000000000000e+00,4.4419599345584876e-01,3.1415849415783668e+00,4.2667115278348307e-04,1.2972797956257618e+00,3.0966154657980867e+00
max_c_e_gamma_mixing_angles_polarization_05_local_minimum_289,C_e_gamma,polarization_cluster_05_local_minimum_289,2.3655910324937000e+00,2.9057009371465288e+00,qout,1.2972797956257618e+00,-9.9945188859952599e-06,4.4982872035531186e-07,-1.2972797955871840e+00,1.2972797956257620e+00,3.0966154657980867e+00,2.4996278298328622e+01,4.9996278159807677e+00,2.4106250033402081e+00,2.2753516040838369e+00,0.0000000000000000e+00,0.0000000000000000e+00,3.1415926535897931e+00,0.0000000000000000e+00,4.4419599345584876e-01,3.1415849415783668e+00,4.2667115278348307e-04,1.2972797956257618e+00,3.0966154657980867e+00
max_c_e_gamma_mixing_angles_polarization_05_local_minimum_291,C_e_gamma,polarization_cluster_05_local_minimum_291,2.3299465586187420e+00,3.0776642349316399e+00,k,2.3088668082218393e+00,0.0000000000000000e+00,0.0000000000000000e+00,-2.3064479716211257e+00,2.3064479716211257e+00,0.0000000000000000e+00,2.3028055405614516e+01,4.7987556101154514e+00,2.3064479716211257e+00,2.3030330333521216e+00,0.0000000000000000e+00,0.0000000000000000e+00,3.1415926535897931e+00,0.0000000000000000e+00,6.9980330421222509e-02,3.0467709528618019e+00,2.4017022026824375e-01,1.5636058816391505e+00,3.3794731868097196e+00
max_c_e_gamma_mixing_angles_polarization_05_local_minimum_291,C_e_gamma,polarization_cluster_05_local_minimum_291,2.3299465586187420e+00,3.0776642349316399e+00,p,2.4898888018936116e+00,0.0000000000000000e+00,0.0000000000000000e+00,2.3064479716211257e+00,2.3064479716211257e+00,0.0000000000000000e+00,2.3028055405614516e+01,4.7987556101154514e+00,2.3064479716211257e+00,2.3030330333521216e+00,0.0000000000000000e+00,0.0000000000000000e+00,3.1415926535897931e+00,0.0000000000000000e+00,6.9980330421222509e-02,3.0467709528618019e+00,2.4017022026824375e-01,1.5636058816391505e+00,3.3794731868097196e+00
max_c_e_gamma_mixing_angles_polarization_05_local_minimum_291,C_e_gamma,polarization_cluster_05_local_minimum_291,2.3299465586187420e+00,3.0776642349316399e+00,kp,7.4842393886554226e-01,-1.2540599673466157e-02,-3.4201424054996904e-03,-7.4081423848321770e-01,7.4092826910147913e-01,3.4078431335849779e+00,2.3028055405614516e+01,4.7987556101154514e+00,2.3064479716211257e+00,2.3030330333521216e+00,0.0000000000000000e+00,0.0000000000000000e+00,3.1415926535897931e+00,0.0000000000000000e+00,6.9980330421222509e-02,3.0467709528618019e+00,2.4017022026824375e-01,1.5636058816391505e+00,3.3794731868097196e+00
max_c_e_gamma_mixing_angles_polarization_05_local_minimum_291,C_e_gamma,polarization_cluster_05_local_minimum_291,2.3299465586187420e+00,3.0776642349316399e+00,pp,2.4867257896099186e+00,1.5641337750566786e-01,3.8305186361958621e-02,2.2973960739816111e+00,2.3030330333521216e+00,2.4017022026824378e-01,2.3028055405614516e+01,4.7987556101154514e+00,2.3064479716211257e+00,2.3030330333521216e+00,0.0000000000000000e+00,0.0000000000000000e+00,3.1415926535897931e+00,0.0000000000000000e+00,6.9980330421222509e-02,3.0467709528618019e+00,2.4017022026824375e-01,1.5636058816391505e+00,3.3794731868097196e+00
max_c_e_gamma_mixing_angles_polarization_05_local_minimum_291,C_e_gamma,polarization_cluster_05_local_minimum_291,2.3299465586187420e+00,3.0776642349316399e+00,qout,1.5636058816391505e+00,-1.4387277783220170e-01,-3.4885043956458930e-02,-1.5565818354983934e+00,1.5636058816391505e+00,3.3794731868097192e+00,2.3028055405614516e+01,4.7987556101154514e+00,2.3064479716211257e+00,2.3030330333521216e+00,0.0000000000000000e+00,0.0000000000000000e+00,3.1415926535897931e+00,0.0000000000000000e+00,6.9980330421222509e-02,3.0467709528618019e+00,2.4017022026824375e-01,1.5636058816391505e+00,3.3794731868097196e+00
max_c_e_gamma_mixing_angles_polarization_05_local_minimum_296,C_e_gamma,polarization_cluster_05_local_minimum_296,2.3140580316407413e+00,3.0496867626803170e+00,k,2.1547428002650046e+00,0.0000000000000000e+00,0.0000000000000000e+00,-2.1521507482006399e+00,2.1521507482006399e+00,0.0000000000000000e+00,2.0271802366565332e+01,4.5024218334764381e+00,2.1521507482006399e+00,2.1468565365755987e+00,0.0000000000000000e+00,0.0000000000000000e+00,3.1415926535897931e+00,0.0000000000000000e+00,4.7765681504111932e-03,3.0914059912288030e+00,3.7039648066605535e+00,1.3671213308433385e+00,3.6837889113559710e+00
max_c_e_gamma_mixing_angles_polarization_05_local_minimum_296,C_e_gamma,polarization_cluster_05_local_minimum_296,2.3140580316407413e+00,3.0496867626803170e+00,p,2.3476790332114339e+00,0.0000000000000000e+00,0.0000000000000000e+00,2.1521507482006399e+00,2.1521507482006399e+00,0.0000000000000000e+00,2.0271802366565332e+01,4.5024218334764381e+00,2.1521507482006399e+00,2.1468565365755987e+00,0.0000000000000000e+00,0.0000000000000000e+00,3.1415926535897931e+00,0.0000000000000000e+00,4.7765681504111932e-03,3.0914059912288030e+00,3.7039648066605535e+00,1.3671213308433385e+00,3.6837889113559710e+00
max_c_e_gamma_mixing_angles_polarization_05_local_minimum_296,C_e_gamma,polarization_cluster_05_local_minimum_296,2.3140580316407413e+00,3.0496867626803170e+00,kp,7.9247379358328573e-01,6.7421475561022737e-02,4.0857496503702316e-02,-7.8143203851365706e-01,7.8539863840153501e-01,5.4482048216686907e-01,2.0271802366565332e+01,4.5024218334764381e+00,2.1521507482006399e+00,2.1468565365755987e+00,0.0000000000000000e+00,0.0000000000000000e+00,3.1415926535897931e+00,0.0000000000000000e+00,4.7765681504111932e-03,3.0914059912288030e+00,3.7039648066605535e+00,1.3671213308433385e+00,3.6837889113559710e+00
max_c_e_gamma_mixing_angles_polarization_05_local_minimum_296,C_e_gamma,polarization_cluster_05_local_minimum_296,2.3140580316407413e+00,3.0496867626803170e+00,pp,2.3428267090498553e+00,-8.6752890265960891e-03,-5.4676792323851090e-03,2.1468320457086278e+00,2.1468565365755987e+00,3.7039648066605535e+00,2.0271802366565332e+01,4.5024218334764381e+00,2.1521507482006399e+00,2.1468565365755987e+00,0.0000000000000000e+00,0.0000000000000000e+00,3.1415926535897931e+00,0.0000000000000000e+00,4.7765681504111932e-03,3.0914059912288030e+00,3.7039648066605535e+00,1.3671213308433385e+00,3.6837889113559710e+00
max_c_e_gamma_mixing_angles_polarization_05_local_minimum_296,C_e_gamma,polarization_cluster_05_local_minimum_296,2.3140580316407413e+00,3.0496867626803170e+00,qout,1.3671213308433385e+00,-5.8746186534426655e-02,-3.5389817271317209e-02,-1.3654000071949708e+00,1.3671213308433385e+00,3.6837889113559705e+00,2.0271802366565332e+01,4.5024218334764381e+00,2.1521507482006399e+00,2.1468565365755987e+00,0.0000000000000000e+00,0.0000000000000000e+00,3.1415926535897931e+00,0.0000000000000000e+00,4.7765681504111932e-03,3.0914059912288030e+00,3.7039648066605535e+00,1.3671213308433385e+00,3.6837889113559710e+00
max_c_e_gamma_mixing_angles_polarization_05_local_minimum_298,C_e_gamma,polarization_cluster_05_local_minimum_298,2.4127632808275989e+00,2.9671059530980051e+00,k,2.4131319692313298e+00,0.0000000000000000e+00,0.0000000000000000e+00,-2.4108177468678500e+00,2.4108177468678500e+00,0.0000000000000000e+00,2.5000000000000000e+01,5.0000000000000000e+00,2.4108177468678500e+00,2.2347378021868280e+00,0.0000000000000000e+00,0.0000000000000000e+00,3.1415926535897931e+00,0.0000000000000000e+00,2.8707197045921728e-01,3.1415926535897931e+00,4.0656185324647045e-05,1.8847255388319530e+00,5.7969446894567733e+00
max_c_e_gamma_mixing_angles_polarization_05_local_minimum_298,C_e_gamma,polarization_cluster_05_local_minimum_298,2.4127632808275989e+00,2.9671059530980051e+00,p,2.5868680307686698e+00,0.0000000000000000e+00,0.0000000000000000e+00,2.4108177468678500e+00,2.4108177468678500e+00,0.0000000000000000e+00,2.5000000000000000e+01,5.0000000000000000e+00,2.4108177468678500e+00,2.2347378021868280e+00,0.0000000000000000e+00,0.0000000000000000e+00,3.1415926535897931e+00,0.0000000000000000e+00,2.8707197045921728e-01,3.1415926535897931e+00,4.0656185324647045e-05,1.8847255388319530e+00,5.7969446894567733e+00
max_c_e_gamma_mixing_angles_polarization_05_local_minimum_298,C_e_gamma,polarization_cluster_05_local_minimum_298,2.4127632808275989e+00,2.9671059530980051e+00,kp,6.9166206548268150e-01,-6.3275536400913357e-01,-2.5725419358386031e-05,-2.5856018481263088e-01,6.8354423449727830e-01,3.1416333097751177e+00,2.5000000000000000e+01,5.0000000000000000e+00,2.4108177468678500e+00,2.2347378021868280e+00,0.0000000000000000e+00,0.0000000000000000e+00,3.1415926535897931e+00,0.0000000000000000e+00,2.8707197045921728e-01,3.1415926535897931e+00,4.0656185324647045e-05,1.8847255388319530e+00,5.7969446894567733e+00
max_c_e_gamma_mixing_angles_polarization_05_local_minimum_298,C_e_gamma,polarization_cluster_05_local_minimum_298,2.4127632808275989e+00,2.9671059530980051e+00,pp,2.4236123956859963e+00,6.3275536400913335e-01,2.5725419358493893e-05,2.1432857236445839e+00,2.2347378021868285e+00,4.0656185324647045e-05,2.5000000000000000e+01,5.0000000000000000e+00,2.4108177468678500e+00,2.2347378021868280e+00,0.0000000000000000e+00,0.0000000000000000e+00,3.1415926535897931e+00,0.0000000000000000e+00,2.8707197045921728e-01,3.1415926535897931e+00,4.0656185324647045e-05,1.8847255388319530e+00,5.7969446894567733e+00
max_c_e_gamma_mixing_angles_polarization_05_local_minimum_298,C_e_gamma,polarization_cluster_05_local_minimum_298,2.4127632808275989e+00,2.9671059530980051e+00,qout,1.8847255388319530e+00,2.0406021266488287e-16,-1.0785987196785946e-16,-1.8847255388319530e+00,1.8847255388319530e+00,5.7969446894567733e+00,2.5000000000000000e+01,5.0000000000000000e+00,2.4108177468678500e+00,2.2347378021868280e+00,0.0000000000000000e+00,0.0000000000000000e+00,3.1415926535897931e+00,0.0000000000000000e+00,2.8707197045921728e-01,3.1415926535897931e+00,4.0656185324647045e-05,1.8847255388319530e+00,5.7969446894567733e+00
max_c_e_gamma_mixing_angles_polarization_05_local_minimum_302,C_e_gamma,polarization_cluster_05_local_minimum_302,8.1208624431560672e-01,3.0209536720127570e+00,k,1.3503469051626988e+00,0.0000000000000000e+00,0.0000000000000000e+00,-1.3462069201906444e+00,1.3462069201906444e+00,0.0000000000000000e+00,8.9467637129246658e+00,2.9911141256937466e+00,1.3462069201906444e+00,1.3391756801875334e+00,0.0000000000000000e+00,0.0000000000000000e+00,3.1415926535897931e+00,0.0000000000000000e+00,2.4374811677617983e-01,2.8746605350623415e+00,6.2304534632517266e+00,9.9522163248869533e-01,3.0630176077979461e+00
max_c_e_gamma_mixing_angles_polarization_05_local_minimum_302,C_e_gamma,polarization_cluster_05_local_minimum_302,8.1208624431560672e-01,3.0209536720127570e+00,p,1.6407672205310477e+00,0.0000000000000000e+00,0.0000000000000000e+00,1.3462069201906444e+00,1.3462069201906444e+00,0.0000000000000000e+00,8.9467637129246658e+00,2.9911141256937466e+00,1.3462069201906444e+00,1.3391756801875334e+00,0.0000000000000000e+00,0.0000000000000000e+00,3.1415926535897931e+00,0.0000000000000000e+00,2.4374811677617983e-01,2.8746605350623415e+00,6.2304534632517266e+00,9.9522163248869533e-01,3.0630176077979461e+00
max_c_e_gamma_mixing_angles_polarization_05_local_minimum_302,C_e_gamma,polarization_cluster_05_local_minimum_302,8.1208624431560672e-01,3.0209536720127570e+00,kp,3.6088928146346511e-01,-6.1046524313904005e-02,-3.5707817269078727e-03,-3.3961441746334597e-01,3.4507590637701313e-01,3.2000188742607429e+00,8.9467637129246658e+00,2.9911141256937466e+00,1.3462069201906444e+00,1.3391756801875334e+00,0.0000000000000000e+00,0.0000000000000000e+00,3.1415926535897931e+00,0.0000000000000000e+00,2.4374811677617983e-01,2.8746605350623415e+00,6.2304534632517266e+00,9.9522163248869533e-01,3.0630176077979461e+00
max_c_e_gamma_mixing_angles_polarization_05_local_minimum_302,C_e_gamma,polarization_cluster_05_local_minimum_302,8.1208624431560672e-01,3.0209536720127570e+00,pp,1.6350032117417210e+00,3.2274960317629153e-01,-1.7034974048794997e-02,1.2995899375243123e+00,1.3391756801875334e+00,6.2304534632517266e+00,8.9467637129246658e+00,2.9911141256937466e+00,1.3462069201906444e+00,1.3391756801875334e+00,0.0000000000000000e+00,0.0000000000000000e+00,3.1415926535897931e+00,0.0000000000000000e+00,2.4374811677617983e-01,2.8746605350623415e+00,6.2304534632517266e+00,9.9522163248869533e-01,3.0630176077979461e+00
max_c_e_gamma_mixing_angles_polarization_05_local_minimum_302,C_e_gamma,polarization_cluster_05_local_minimum_302,8.1208624431560672e-01,3.0209536720127570e+00,qout,9.9522163248869533e-01,-2.6170307886238753e-01,2.0605755775702870e-02,-9.5997552006096631e-01,9.9522163248869522e-01,3.0630176077979461e+00,8.9467637129246658e+00,2.9911141256937466e+00,1.3462069201906444e+00,1.3391756801875334e+00,0.0000000000000000e+00,0.0000000000000000e+00,3.1415926535897931e+00,0.0000000000000000e+00,2.4374811677617983e-01,2.8746605350623415e+00,6.2304534632517266e+00,9.9522163248869533e-01,3.0630176077979461e+00
max_c_e_gamma_mixing_angles_polarization_05_local_minimum_303,C_e_gamma,polarization_cluster_05_local_minimum_303,2.3641306929408188e+00,3.0131860885482009e+00,k,2.1441249242926839e+00,0.0000000000000000e+00,0.0000000000000000e+00,-2.1415200206068139e+00,2.1415200206068139e+00,0.0000000000000000e+00,2.0088884044473712e+01,4.4820624766365889e+00,2.1415200206068139e+00,2.0189992765509719e+00,0.0000000000000000e+00,0.0000000000000000e+00,3.1415926535897931e+00,0.0000000000000000e+00,2.3082719422416836e-01,3.1356353207402794e+00,2.7987924546680344e-02,1.7379809319488022e+00,3.7014135361979639e+00
max_c_e_gamma_mixing_angles_polarization_05_local_minimum_303,C_e_gamma,polarization_cluster_05_local_minimum_303,2.3641306929408188e+00,3.0131860885482009e+00,p,2.3379375523439045e+00,0.0000000000000000e+00,0.0000000000000000e+00,2.1415200206068139e+00,2.1415200206068139e+00,0.0000000000000000e+00,2.0088884044473712e+01,4.4820624766365889e+00,2.1415200206068139e+00,2.0189992765509719e+00,0.0000000000000000e+00,0.0000000000000000e+00,3.1415926535897931e+00,0.0000000000000000e+00,2.3082719422416836e-01,3.1356353207402794e+00,2.7987924546680344e-02,1.7379809319488022e+00,3.7014135361979639e+00
max_c_e_gamma_mixing_angles_polarization_05_local_minimum_303,C_e_gamma,polarization_cluster_05_local_minimum_303,2.3641306929408188e+00,3.0131860885482009e+00,kp,5.1782862134022933e-01,-4.5295833588824186e-01,-7.4281272075031064e-03,-2.2750023657431084e-01,5.0693469871949348e-01,3.1579903238387228e+00,2.0088884044473712e+01,4.4820624766365889e+00,2.1415200206068139e+00,2.0189992765509719e+00,0.0000000000000000e+00,0.0000000000000000e+00,3.1415926535897931e+00,0.0000000000000000e+00,2.3082719422416836e-01,3.1356353207402794e+00,2.7987924546680344e-02,1.7379809319488022e+00,3.7014135361979639e+00
max_c_e_gamma_mixing_angles_polarization_05_local_minimum_303,C_e_gamma,polarization_cluster_05_local_minimum_303,2.3641306929408188e+00,3.0131860885482009e+00,pp,2.2262529233475132e+00,4.6173152037782195e-01,1.2926282284799598e-02,1.9654503283037266e+00,2.0189992765509719e+00,2.7987924546680341e-02,2.0088884044473712e+01,4.4820624766365889e+00,2.1415200206068139e+00,2.0189992765509719e+00,0.0000000000000000e+00,0.0000000000000000e+00,3.1415926535897931e+00,0.0000000000000000e+00,2.3082719422416836e-01,3.1356353207402794e+00,2.7987924546680344e-02,1.7379809319488022e+00,3.7014135361979639e+00
max_c_e_gamma_mixing_angles_polarization_05_local_minimum_303,C_e_gamma,polarization_cluster_05_local_minimum_303,2.3641306929408188e+00,3.0131860885482009e+00,qout,1.7379809319488022e+00,-8.7731844895800933e-03,-5.4981550772964915e-03,-1.7379500917294157e+00,1.7379809319488022e+00,3.7014135361979639e+00,2.0088884044473712e+01,4.4820624766365889e+00,2.1415200206068139e+00,2.0189992765509719e+00,0.0000000000000000e+00,0.0000000000000000e+00,3.1415926535897931e+00,0.0000000000000000e+00,2.3082719422416836e-01,3.1356353207402794e+00,2.7987924546680344e-02,1.7379809319488022e+00,3.7014135361979639e+00
max_c_e_gamma_mixing_angles_polarization_05_local_minimum_308,C_e_gamma,polarization_cluster_05_local_minimum_308,2.3744573344444087e+00,3.0979144295841539e+00,k,2.2291548851761811e+00,0.0000000000000000e+00,0.0000000000000000e+00,-2.2266494582200256e+00,2.2266494582200256e+00,0.0000000000000000e+00,2.1578917052561483e+01,4.6453112977023929e+00,2.2266494582200256e+00,2.2197955456044944e+00,0.0000000000000000e+00,0.0000000000000000e+00,3.1415926535897931e+00,0.0000000000000000e+00,6.5830290145633352e-02,3.1176779360228895e+00,6.6199289132240013e-01,1.1930863113748646e+00,5.5381494306647816e-01
max_c_e_gamma_mixing_angles_polarization_05_local_minimum_308,C_e_gamma,polarization_cluster_05_local_minimum_308,2.3744573344444087e+00,3.0979144295841539e+00,p,2.4161564125262118e+00,0.0000000000000000e+00,0.0000000000000000e+00,2.2266494582200256e+00,2.2266494582200256e+00,0.0000000000000000e+00,2.1578917052561483e+01,4.6453112977023929e+00,2.2266494582200256e+00,2.2197955456044944e+00,0.0000000000000000e+00,0.0000000000000000e+00,3.1415926535897931e+00,0.0000000000000000e+00,6.5830290145633352e-02,3.1176779360228895e+00,6.6199289132240013e-01,1.1930863113748646e+00,5.5381494306647816e-01
max_c_e_gamma_mixing_angles_polarization_05_local_minimum_308,C_e_gamma,polarization_cluster_05_local_minimum_308,2.3744573344444087e+00,3.0979144295841539e+00,kp,1.0423834429295136e+00,-1.3944450077902995e-01,-1.0476439206349827e-01,-1.0222422428848950e+00,1.0370147297798078e+00,3.7859240452403733e+00,2.1578917052561483e+01,4.6453112977023929e+00,2.2266494582200256e+00,2.2197955456044944e+00,0.0000000000000000e+00,0.0000000000000000e+00,3.1415926535897931e+00,0.0000000000000000e+00,6.5830290145633352e-02,3.1176779360228895e+00,6.6199289132240013e-01,1.1930863113748646e+00,5.5381494306647816e-01
max_c_e_gamma_mixing_angles_polarization_05_local_minimum_308,C_e_gamma,polarization_cluster_05_local_minimum_308,2.3744573344444087e+00,3.0979144295841539e+00,pp,2.4098415433977300e+00,1.1517938048578343e-01,8.9759654134812725e-02,2.2149873993063856e+00,2.2197955456044944e+00,6.6199289132240013e-01,2.1578917052561483e+01,4.6453112977023929e+00,2.2266494582200256e+00,2.2197955456044944e+00,0.0000000000000000e+00,0.0000000000000000e+00,3.1415926535897931e+00,0.0000000000000000e+00,6.5830290145633352e-02,3.1176779360228895e+00,6.6199289132240013e-01,1.1930863113748646e+00,5.5381494306647816e-01
max_c_e_gamma_mixing_angles_polarization_05_local_minimum_308,C_e_gamma,polarization_cluster_05_local_minimum_308,2.3744573344444087e+00,3.0979144295841539e+00,qout,1.1930863113748646e+00,2.4265120293246518e-02,1.5004737928685549e-02,-1.1927451564214906e+00,1.1930863113748646e+00,5.5381494306647816e-01,2.1578917052561483e+01,4.6453112977023929e+00,2.2266494582200256e+00,2.2197955456044944e+00,0.0000000000000000e+00,0.0000000000000000e+00,3.1415926535897931e+00,0.0000000000000000e+00,6.5830290145633352e-02,3.1176779360228895e+00,6.6199289132240013e-01,1.1930863113748646e+00,5.5381494306647816e-01
max_c_e_gamma_mixing_angles_polarization_05_local_minimum_309,C_e_gamma,polarization_cluster_05_local_minimum_309,2.3046999035128430e+00,2.9464792634379884e+00,k,1.3625837268903109e+00,0.0000000000000000e+00,0.0000000000000000e+00,-1.3584810342706264e+00,1.3584810342706264e+00,0.0000000000000000e+00,9.0807992511019293e+00,3.0134364521426242e+00,1.3584810342706264e+00,1.2741750622866288e+00,0.0000000000000000e+00,0.0000000000000000e+00,3.1415926535897931e+00,0.0000000000000000e+00,7.5602209863920389e-01,3.1415920312238539e+00,6.2830842884110094e+00,4.1031296523115107e-01,2.7273479209267837e+00
max_c_e_gamma_mixing_angles_polarization_05_local_minimum_309,C_e_gamma,polarization_cluster_05_local_minimum_309,2.3046999035128430e+00,2.9464792634379884e+00,p,1.6508527252523135e+00,0.0000000000000000e+00,0.0000000000000000e+00,1.3584810342706264e+00,1.3584810342706264e+00,0.0000000000000000e+00,9.0807992511019293e+00,3.0134364521426242e+00,1.3584810342706264e+00,1.2741750622866288e+00,0.0000000000000000e+00,0.0000000000000000e+00,3.1415926535897931e+00,0.0000000000000000e+00,7.5602209863920389e-01,3.1415920312238539e+00,6.2830842884110094e+00,4.1031296523115107e-01,2.7273479209267837e+00
max_c_e_gamma_mixing_angles_polarization_05_local_minimum_309,C_e_gamma,polarization_cluster_05_local_minimum_309,2.3046999035128430e+00,2.9464792634379884e+00,kp,1.0209205639736663e+00,-8.7412548935173140e-01,8.8200320436336878e-05,-5.1673951534337825e-01,1.0154383810113787e+00,3.1414917523791415e+00,9.0807992511019293e+00,3.0134364521426242e+00,1.3584810342706264e+00,1.2741750622866288e+00,0.0000000000000000e+00,0.0000000000000000e+00,3.1415926535897931e+00,0.0000000000000000e+00,7.5602209863920389e-01,3.1415920312238539e+00,6.2830842884110094e+00,4.1031296523115107e-01,2.7273479209267837e+00
max_c_e_gamma_mixing_angles_polarization_05_local_minimum_309,C_e_gamma,polarization_cluster_05_local_minimum_309,2.3046999035128430e+00,2.9464792634379884e+00,pp,1.5822029229378685e+00,8.7412572311793646e-01,-8.8303104431283335e-05,9.2705248057444989e-01,1.2741750622866288e+00,6.2830842884110094e+00,9.0807992511019293e+00,3.0134364521426242e+00,1.3584810342706264e+00,1.2741750622866288e+00,0.0000000000000000e+00,0.0000000000000000e+00,3.1415926535897931e+00,0.0000000000000000e+00,7.5602209863920389e-01,3.1415920312238539e+00,6.2830842884110094e+00,4.1031296523115107e-01,2.7273479209267837e+00
max_c_e_gamma_mixing_angles_polarization_05_local_minimum_309,C_e_gamma,polarization_cluster_05_local_minimum_309,2.3046999035128430e+00,2.9464792634379884e+00,qout,4.1031296523115107e-01,-2.3376620506299329e-07,1.0278399494645645e-07,-4.1031296523107164e-01,4.1031296523115107e-01,2.7273479209267837e+00,9.0807992511019293e+00,3.0134364521426242e+00,1.3584810342706264e+00,1.2741750622866288e+00,0.0000000000000000e+00,0.0000000000000000e+00,3.1415926535897931e+00,0.0000000000000000e+00,7.5602209863920389e-01,3.1415920312238539e+00,6.2830842884110094e+00,4.1031296523115107e-01,2.7273479209267837e+00
max_c_e_gamma_mixing_angles_polarization_05_local_minimum_310,C_e_gamma,polarization_cluster_05_local_minimum_310,7.4224337658689499e-01,3.1392099354216376e+00,k,1.1726627333036908e+00,0.0000000000000000e+00,0.0000000000000000e+00,-1.1678930575039754e+00,1.1678930575039754e+00,0.0000000000000000e+00,7.1321081731777429e+00,2.6706007139177026e+00,1.1678930575039754e+00,1.1589856768511111e+00,0.0000000000000000e+00,0.0000000000000000e+00,3.1415926535897931e+00,0.0000000000000000e+00,5.3211589945471149e-02,3.0791381098652693e+00,4.3164460945346512e+00,6.5361732898393654e-01,4.2078488214554666e+00
max_c_e_gamma_mixing_angles_polarization_05_local_minimum_310,C_e_gamma,polarization_cluster_05_local_minimum_310,7.4224337658689499e-01,3.1392099354216376e+00,p,1.4979379806140118e+00,0.0000000000000000e+00,0.0000000000000000e+00,1.1678930575039754e+00,1.1678930575039754e+00,0.0000000000000000e+00,7.1321081731777429e+00,2.6706007139177026e+00,1.1678930575039754e+00,1.1589856768511111e+00,0.0000000000000000e+00,0.0000000000000000e+00,3.1415926535897931e+00,0.0000000000000000e+00,5.3211589945471149e-02,3.0791381098652693e+00,4.3164460945346512e+00,6.5361732898393654e-01,4.2078488214554666e+00
max_c_e_gamma_mixing_angles_polarization_05_local_minimum_310,C_e_gamma,polarization_cluster_05_local_minimum_310,7.4224337658689499e-01,3.1392099354216376e+00,kp,5.2597976349329456e-01,4.3494552053646371e-02,9.2584980044090645e-02,-5.0500224227527057e-01,5.1525820642777065e-01,1.1316158255347195e+00,7.1321081731777429e+00,2.6706007139177026e+00,1.1678930575039754e+00,1.1589856768511111e+00,0.0000000000000000e+00,0.0000000000000000e+00,3.1415926535897931e+00,0.0000000000000000e+00,5.3211589945471149e-02,3.0791381098652693e+00,4.3164460945346512e+00,6.5361732898393654e-01,4.2078488214554666e+00
max_c_e_gamma_mixing_angles_polarization_05_local_minimum_310,C_e_gamma,polarization_cluster_05_local_minimum_310,7.4224337658689499e-01,3.1392099354216376e+00,pp,1.4910036214396085e+00,-2.3774124806388155e-02,-5.6873305825093028e-02,1.1573452454735553e+00,1.1589856768511111e+00,4.3164460945346512e+00,7.1321081731777429e+00,2.6706007139177026e+00,1.1678930575039754e+00,1.1589856768511111e+00,0.0000000000000000e+00,0.0000000000000000e+00,3.1415926535897931e+00,0.0000000000000000e+00,5.3211589945471149e-02,3.0791381098652693e+00,4.3164460945346512e+00,6.5361732898393654e-01,4.2078488214554666e+00
max_c_e_gamma_mixing_angles_polarization_05_local_minimum_310,C_e_gamma,polarization_cluster_05_local_minimum_310,7.4224337658689499e-01,3.1392099354216376e+00,qout,6.5361732898393654e-01,-1.9720427247258220e-02,-3.5711674218997617e-02,-6.5234300319828475e-01,6.5361732898393654e-01,4.2078488214554657e+00,7.1321081731777429e+00,2.6706007139177026e+00,1.1678930575039754e+00,1.1589856768511111e+00,0.0000000000000000e+00,0.0000000000000000e+00,3.1415926535897931e+00,0.0000000000000000e+00,5.3211589945471149e-02,3.0791381098652693e+00,4.3164460945346512e+00,6.5361732898393654e-01,4.2078488214554666e+00
max_c_e_gamma_mixing_angles_polarization_05_local_minimum_313,C_e_gamma,polarization_cluster_05_local_minimum_313,2.3550160824596631e+00,3.1180109158812392e+00,k,1.3651934004407951e+00,0.0000000000000000e+00,0.0000000000000000e+00,-1.3610985740547237e+00,1.3610985740547237e+00,0.0000000000000000e+00,9.1095358231672527e+00,3.0182007592549662e+00,1.3610985740547237e+00,1.3241094974927627e+00,0.0000000000000000e+00,0.0000000000000000e+00,3.1415926535897931e+00,0.0000000000000000e+00,1.4170417085246706e-01,3.1071340372193594e+00,9.9838766517803385e-04,1.0078237379027841e+00,5.6932602706443509e+00
max_c_e_gamma_mixing_angles_polarization_05_local_minimum_313,C_e_gamma,polarization_cluster_05_local_minimum_313,2.3550160824596631e+00,3.1180109158812392e+00,p,1.6530073588141712e+00,0.0000000000000000e+00,0.0000000000000000e+00,1.3610985740547237e+00,1.3610985740547237e+00,0.0000000000000000e+00,9.1095358231672527e+00,3.0182007592549662e+00,1.3610985740547237e+00,1.3241094974927627e+00,0.0000000000000000e+00,0.0000000000000000e+00,3.1415926535897931e+00,0.0000000000000000e+00,1.4170417085246706e-01,3.1071340372193594e+00,9.9838766517803385e-04,1.0078237379027841e+00,5.6932602706443509e+00
max_c_e_gamma_mixing_angles_polarization_05_local_minimum_313,C_e_gamma,polarization_cluster_05_local_minimum_313,2.3550160824596631e+00,3.1180109158812392e+00,kp,3.8769098845786198e-01,-2.1585725320867963e-01,1.9128733999825093e-02,-3.0361216706664274e-01,3.7301556297041422e-01,3.0532060217926498e+00,9.1095358231672527e+00,3.0182007592549662e+00,1.3610985740547237e+00,1.3241094974927627e+00,0.0000000000000000e+00,0.0000000000000000e+00,3.1415926535897931e+00,0.0000000000000000e+00,1.4170417085246706e-01,3.1071340372193594e+00,9.9838766517803385e-04,1.0078237379027841e+00,5.6932602706443509e+00
max_c_e_gamma_mixing_angles_polarization_05_local_minimum_313,C_e_gamma,polarization_cluster_05_local_minimum_313,2.3550160824596631e+00,3.1180109158812392e+00,pp,1.6226860328943908e+00,1.8700443194315830e-01,1.8670298021948191e-04,1.3108376211133668e+00,1.3241094974927627e+00,9.9838766517803407e-04,9.1095358231672527e+00,3.0182007592549662e+00,1.3610985740547237e+00,1.3241094974927627e+00,0.0000000000000000e+00,0.0000000000000000e+00,3.1415926535897931e+00,0.0000000000000000e+00,1.4170417085246706e-01,3.1071340372193594e+00,9.9838766517803385e-04,1.0078237379027841e+00,5.6932602706443509e+00
max_c_e_gamma_mixing_angles_polarization_05_local_minimum_313,C_e_gamma,polarization_cluster_05_local_minimum_313,2.3550160824596631e+00,3.1180109158812392e+00,qout,1.0078237379027841e+00,2.8852821265521321e-02,-1.9315436980044575e-02,-1.0072254540467240e+00,1.0078237379027841e+00,5.6932602706443509e+00,9.1095358231672527e+00,3.0182007592549662e+00,1.3610985740547237e+00,1.3241094974927627e+00,0.0000000000000000e+00,0.0000000000000000e+00,3.1415926535897931e+00,0.0000000000000000e+00,1.4170417085246706e-01,3.1071340372193594e+00,9.9838766517803385e-04,1.0078237379027841e+00,5.6932602706443509e+00
max_c_e_gamma_mixing_angles_polarization_05_local_minimum_314,C_e_gamma,polarization_cluster_05_local_minimum_314,7.6027922858369368e-01,3.1407878623775698e+00,k,2.3005952978173361e+00,0.0000000000000000e+00,0.0000000000000000e+00,-2.2981677554142861e+00,2.2981677554142861e+00,0.0000000000000000e+00,2.2875327767828004e+01,4.7828158827021561e+00,2.2981677554142861e+00,2.2939128800991289e+00,0.0000000000000000e+00,0.0000000000000000e+00,3.1415926535897931e+00,0.0000000000000000e+00,4.6954571106507248e-03,3.1000154531525470e+00,4.7188585269571064e+00,1.4406979271071065e+00,4.6734810580445716e+00
max_c_e_gamma_mixing_angles_polarization_05_local_minimum_314,C_e_gamma,polarization_cluster_05_local_minimum_314,7.6027922858369368e-01,3.1407878623775698e+00,p,2.4822205848848200e+00,0.0000000000000000e+00,0.0000000000000000e+00,2.2981677554142861e+00,2.2981677554142861e+00,0.0000000000000000e+00,2.2875327767828004e+01,4.7828158827021561e+00,2.2981677554142861e+00,2.2939128800991289e+00,0.0000000000000000e+00,0.0000000000000000e+00,3.1415926535897931e+00,0.0000000000000000e+00,4.6954571106507248e-03,3.1000154531525470e+00,4.7188585269571064e+00,1.4406979271071065e+00,4.6734810580445716e+00
max_c_e_gamma_mixing_angles_polarization_05_local_minimum_314,C_e_gamma,polarization_cluster_05_local_minimum_314,7.6027922858369368e-01,3.1407878623775698e+00,kp,8.6383623200327164e-01,2.2596500421188368e-03,7.0608314192251970e-02,-8.5443472738233583e-01,8.5735018715126621e-01,1.5388046396663757e+00,2.2875327767828004e+01,4.7828158827021561e+00,2.2981677554142861e+00,2.2939128800991289e+00,0.0000000000000000e+00,0.0000000000000000e+00,3.1415926535897931e+00,0.0000000000000000e+00,4.6954571106507248e-03,3.1000154531525470e+00,4.7188585269571064e+00,1.4406979271071065e+00,4.6734810580445716e+00
max_c_e_gamma_mixing_angles_polarization_05_local_minimum_314,C_e_gamma,polarization_cluster_05_local_minimum_314,7.6027922858369368e-01,3.1407878623775698e+00,pp,2.4782817235908996e+00,6.9682546944232012e-05,-1.0770704557593280e-02,2.2938875928328213e+00,2.2939128800991284e+00,4.7188585269571064e+00,2.2875327767828004e+01,4.7828158827021561e+00,2.2981677554142861e+00,2.2939128800991289e+00,0.0000000000000000e+00,0.0000000000000000e+00,3.1415926535897931e+00,0.0000000000000000e+00,4.6954571106507248e-03,3.1000154531525470e+00,4.7188585269571064e+00,1.4406979271071065e+00,4.6734810580445716e+00
max_c_e_gamma_mixing_angles_polarization_05_local_minimum_314,C_e_gamma,polarization_cluster_05_local_minimum_314,7.6027922858369368e-01,3.1407878623775698e+00,qout,1.4406979271071065e+00,-2.3293325890630687e-03,-5.9837609634658694e-02,-1.4394528654504855e+00,1.4406979271071065e+00,4.6734810580445716e+00,2.2875327767828004e+01,4.7828158827021561e+00,2.2981677554142861e+00,2.2939128800991289e+00,0.0000000000000000e+00,0.0000000000000000e+00,3.1415926535897931e+00,0.0000000000000000e+00,4.6954571106507248e-03,3.1000154531525470e+00,4.7188585269571064e+00,1.4406979271071065e+00,4.6734810580445716e+00
max_c_e_gamma_mixing_angles_polarization_05_local_minimum_316,C_e_gamma,polarization_cluster_05_local_minimum_316,8.8509787057827016e-01,2.8998040014494193e+00,k,1.7219261374481245e+00,0.0000000000000000e+00,0.0000000000000000e+00,-1.7186814511461157e+00,1.7186814511461157e+00,0.0000000000000000e+00,1.3541754757030930e+01,3.6799123300740373e+00,1.7186814511461157e+00,1.7118946793268515e+00,0.0000000000000000e+00,0.0000000000000000e+00,3.1415926535897931e+00,0.0000000000000000e+00,6.5444006443379465e-01,2.4835173732336542e+00,6.2790829766572234e+00,1.3689135469396267e+00,3.1430241251410451e+00
max_c_e_gamma_mixing_angles_polarization_05_local_minimum_316,C_e_gamma,polarization_cluster_05_local_minimum_316,8.8509787057827016e-01,2.8998040014494193e+00,p,1.9579861926259128e+00,0.0000000000000000e+00,0.0000000000000000e+00,1.7186814511461157e+00,1.7186814511461157e+00,0.0000000000000000e+00,1.3541754757030930e+01,3.6799123300740373e+00,1.7186814511461157e+00,1.7118946793268515e+00,0.0000000000000000e+00,0.0000000000000000e+00,3.1415926535897931e+00,0.0000000000000000e+00,6.5444006443379465e-01,2.4835173732336542e+00,6.2790829766572234e+00,1.3689135469396267e+00,3.1430241251410451e+00
max_c_e_gamma_mixing_angles_polarization_05_local_minimum_316,C_e_gamma,polarization_cluster_05_local_minimum_316,8.8509787057827016e-01,2.8998040014494193e+00,kp,3.5896717654890165e-01,-2.0482725720256889e-01,5.4733042436421941e-03,-2.7515373734281812e-01,3.4306521468401796e-01,3.1148774490149451e+00,1.3541754757030930e+01,3.6799123300740373e+00,1.7186814511461157e+00,1.7118946793268515e+00,0.0000000000000000e+00,0.0000000000000000e+00,3.1415926535897931e+00,0.0000000000000000e+00,6.5444006443379465e-01,2.4835173732336542e+00,6.2790829766572234e+00,1.3689135469396267e+00,3.1430241251410451e+00
max_c_e_gamma_mixing_angles_polarization_05_local_minimum_316,C_e_gamma,polarization_cluster_05_local_minimum_316,8.8509787057827016e-01,2.8998040014494193e+00,pp,1.9520316065851966e+00,1.0420473589931063e+00,-4.2748466672019331e-03,1.3581982257421217e+00,1.7118946793268515e+00,6.2790829766572234e+00,1.3541754757030930e+01,3.6799123300740373e+00,1.7186814511461157e+00,1.7118946793268515e+00,0.0000000000000000e+00,0.0000000000000000e+00,3.1415926535897931e+00,0.0000000000000000e+00,6.5444006443379465e-01,2.4835173732336542e+00,6.2790829766572234e+00,1.3689135469396267e+00,3.1430241251410451e+00
max_c_e_gamma_mixing_angles_polarization_05_local_minimum_316,C_e_gamma,polarization_cluster_05_local_minimum_316,8.8509787057827016e-01,2.8998040014494193e+00,qout,1.3689135469396267e+00,-8.3722010179053741e-01,-1.1984575764402610e-03,-1.0830444883993036e+00,1.3689135469396267e+00,3.1430241251410447e+00,1.3541754757030930e+01,3.6799123300740373e+00,1.7186814511461157e+00,1.7118946793268515e+00,0.0000000000000000e+00,0.0000000000000000e+00,3.1415926535897931e+00,0.0000000000000000e+00,6.5444006443379465e-01,2.4835173732336542e+00,6.2790829766572234e+00,1.3689135469396267e+00,3.1430241251410451e+00
max_c_e_gamma_mixing_angles_polarization_05_local_minimum_321,C_e_gamma,polarization_cluster_05_local_minimum_321,2.3658842385512067e+00,2.9995694954041321e+00,k,2.4128114257502791e+00,0.0000000000000000e+00,0.0000000000000000e+00,-2.4104968956457498e+00,2.4104968956457498e+00,0.0000000000000000e+00,2.4993804819497832e+01,4.9993804435647657e+00,2.4104968956457498e+00,2.2828063766889048e+00,0.0000000000000000e+00,0.0000000000000000e+00,3.1415926535897931e+00,0.0000000000000000e+00,2.1486974446638207e-01,3.1369491332701829e+00,2.6176997248632608e-02,1.9822545661130209e+00,3.5899651291882488e+00
max_c_e_gamma_mixing_angles_polarization_05_local_minimum_321,C_e_gamma,polarization_cluster_05_local_minimum_321,2.3658842385512067e+00,2.9995694954041321e+00,p,2.5865690178144862e+00,0.0000000000000000e+00,0.0000000000000000e+00,2.4104968956457498e+00,2.4104968956457498e+00,0.0000000000000000e+00,2.4993804819497832e+01,4.9993804435647657e+00,2.4104968956457498e+00,2.2828063766889048e+00,0.0000000000000000e+00,0.0000000000000000e+00,3.1415926535897931e+00,0.0000000000000000e+00,2.1486974446638207e-01,3.1369491332701829e+00,2.6176997248632608e-02,1.9822545661130209e+00,3.5899651291882488e+00
max_c_e_gamma_mixing_angles_polarization_05_local_minimum_321,C_e_gamma,polarization_cluster_05_local_minimum_321,2.3658842385512067e+00,2.9995694954041321e+00,kp,5.4912082205703860e-01,-4.7827884105124757e-01,-8.7497542213781070e-03,-2.4807816692937679e-01,5.3885989357466457e-01,3.1598848663007031e+00,2.4993804819497832e+01,4.9993804435647657e+00,2.4104968956457498e+00,2.2828063766889048e+00,0.0000000000000000e+00,0.0000000000000000e+00,3.1415926535897931e+00,0.0000000000000000e+00,2.1486974446638207e-01,3.1369491332701829e+00,2.6176997248632608e-02,1.9822545661130209e+00,3.5899651291882488e+00
max_c_e_gamma_mixing_angles_polarization_05_local_minimum_321,C_e_gamma,polarization_cluster_05_local_minimum_321,2.3658842385512067e+00,2.9995694954041321e+00,pp,2.4680050553942401e+00,4.8657360721965320e-01,1.2739946063487309e-02,2.2303113621158550e+00,2.2828063766889048e+00,2.6176997248632611e-02,2.4993804819497832e+01,4.9993804435647657e+00,2.4104968956457498e+00,2.2828063766889048e+00,0.0000000000000000e+00,0.0000000000000000e+00,3.1415926535897931e+00,0.0000000000000000e+00,2.1486974446638207e-01,3.1369491332701829e+00,2.6176997248632608e-02,1.9822545661130209e+00,3.5899651291882488e+00
max_c_e_gamma_mixing_angles_polarization_05_local_minimum_321,C_e_gamma,polarization_cluster_05_local_minimum_321,2.3658842385512067e+00,2.9995694954041321e+00,qout,1.9822545661130209e+00,-8.2947661684056422e-03,-3.9901918421092024e-03,-1.9822331951864782e+00,1.9822545661130209e+00,3.5899651291882488e+00,2.4993804819497832e+01,4.9993804435647657e+00,2.4104968956457498e+00,2.2828063766889048e+00,0.0000000000000000e+00,0.0000000000000000e+00,3.1415926535897931e+00,0.0000000000000000e+00,2.1486974446638207e-01,3.1369491332701829e+00,2.6176997248632608e-02,1.9822545661130209e+00,3.5899651291882488e+00
max_c_e_gamma_mixing_angles_polarization_05_local_minimum_325,C_e_gamma,polarization_cluster_05_local_minimum_325,2.3715499307920900e+00,3.0048122548896155e+00,k,1.2981477516601119e+00,0.0000000000000000e+00,0.0000000000000000e+00,-1.2938407524988942e+00,1.2938407524988942e+00,0.0000000000000000e+00,8.3881500621288492e+00,2.8962303192475645e+00,1.2938407524988942e+00,1.1865221001579331e+00,0.0000000000000000e+00,0.0000000000000000e+00,3.1415926535897931e+00,0.0000000000000000e+00,5.0221219112662963e-01,3.1379699587291134e+00,6.2613270839231534e+00,7.2139910667002138e-01,1.6251530148520357e+00
max_c_e_gamma_mixing_angles_polarization_05_local_minimum_325,C_e_gamma,polarization_cluster_05_local_minimum_325,2.3715499307920900e+00,3.0048122548896155e+00,p,1.5980825675874524e+00,0.0000000000000000e+00,0.0000000000000000e+00,1.2938407524988942e+00,1.2938407524988942e+00,0.0000000000000000e+00,8.3881500621288492e+00,2.8962303192475645e+00,1.2938407524988942e+00,1.1865221001579331e+00,0.0000000000000000e+00,0.0000000000000000e+00,3.1415926535897931e+00,0.0000000000000000e+00,5.0221219112662963e-01,3.1379699587291134e+00,6.2613270839231534e+00,7.2139910667002138e-01,1.6251530148520357e+00
max_c_e_gamma_mixing_angles_polarization_05_local_minimum_325,C_e_gamma,polarization_cluster_05_local_minimum_325,2.3715499307920900e+00,3.0048122548896155e+00,kp,6.6232379303731426e-01,-5.7087267044362555e-01,9.8738107881644610e-03,-3.1861578195550733e-01,6.5384181153397969e-01,3.1242983831022193e+00,8.3881500621288492e+00,2.8962303192475645e+00,1.2938407524988942e+00,1.1865221001579331e+00,0.0000000000000000e+00,0.0000000000000000e+00,3.1415926535897931e+00,0.0000000000000000e+00,5.0221219112662963e-01,3.1379699587291134e+00,6.2613270839231534e+00,7.2139910667002138e-01,1.6251530148520357e+00
max_c_e_gamma_mixing_angles_polarization_05_local_minimum_325,C_e_gamma,polarization_cluster_05_local_minimum_325,2.3715499307920900e+00,3.0048122548896155e+00,pp,1.5125074195398820e+00,5.7101465643786198e-01,-1.2483354013408403e-02,1.0400101548393259e+00,1.1865221001579331e+00,6.2613270839231534e+00,8.3881500621288492e+00,2.8962303192475645e+00,1.2938407524988942e+00,1.1865221001579331e+00,0.0000000000000000e+00,0.0000000000000000e+00,3.1415926535897931e+00,0.0000000000000000e+00,5.0221219112662963e-01,3.1379699587291134e+00,6.2613270839231534e+00,7.2139910667002138e-01,1.6251530148520357e+00
max_c_e_gamma_mixing_angles_polarization_05_local_minimum_325,C_e_gamma,polarization_cluster_05_local_minimum_325,2.3715499307920900e+00,3.0048122548896155e+00,qout,7.2139910667002138e-01,-1.4198599423645165e-04,2.6095432252439426e-03,-7.2139437288381858e-01,7.2139910667002138e-01,1.6251530148520357e+00,8.3881500621288492e+00,2.8962303192475645e+00,1.2938407524988942e+00,1.1865221001579331e+00,0.0000000000000000e+00,0.0000000000000000e+00,3.1415926535897931e+00,0.0000000000000000e+00,5.0221219112662963e-01,3.1379699587291134e+00,6.2613270839231534e+00,7.2139910667002138e-01,1.6251530148520357e+00
max_c_e_gamma_mixing_angles_polarization_05_local_minimum_337,C_e_gamma,polarization_cluster_05_local_minimum_337,2.3934122396940642e+00,3.0872105104333571e+00,k,1.2448878762379043e+00,0.0000000000000000e+00,0.0000000000000000e+00,-1.2403959577855859e+00,1.2403959577855859e+00,0.0000000000000000e+00,7.8400943729891335e+00,2.8000168522687741e+00,1.2403959577855859e+00,1.2377183861581875e+00,0.0000000000000000e+00,0.0000000000000000e+00,3.1415926535897931e+00,0.0000000000000000e+00,1.4020344294776785e-01,2.9649350788180335e+00,3.6055425395832330e-01,5.9027079467346999e-01,3.5057143967881452e+00
max_c_e_gamma_mixing_angles_polarization_05_local_minimum_337,C_e_gamma,polarization_cluster_05_local_minimum_337,2.3934122396940642e+00,3.0872105104333571e+00,p,1.5551289760308695e+00,0.0000000000000000e+00,0.0000000000000000e+00,1.2403959577855859e+00,1.2403959577855859e+00,0.0000000000000000e+00,7.8400943729891335e+00,2.8000168522687741e+00,1.2403959577855859e+00,1.2377183861581875e+00,0.0000000000000000e+00,0.0000000000000000e+00,3.1415926535897931e+00,0.0000000000000000e+00,1.4020344294776785e-01,2.9649350788180335e+00,3.6055425395832330e-01,5.9027079467346999e-01,3.5057143967881452e+00
max_c_e_gamma_mixing_angles_polarization_05_local_minimum_337,C_e_gamma,polarization_cluster_05_local_minimum_337,2.3934122396940642e+00,3.0872105104333571e+00,kp,6.5675191612738804e-01,-6.4909912366543504e-02,-2.4077858147142306e-02,-6.4448921406592252e-01,6.4819702793494571e-01,3.4968015027949861e+00,7.8400943729891335e+00,2.8000168522687741e+00,1.2403959577855859e+00,1.2377183861581875e+00,0.0000000000000000e+00,0.0000000000000000e+00,3.1415926535897931e+00,0.0000000000000000e+00,1.4020344294776785e-01,2.9649350788180335e+00,3.6055425395832330e-01,5.9027079467346999e-01,3.5057143967881452e+00
max_c_e_gamma_mixing_angles_polarization_05_local_minimum_337,C_e_gamma,polarization_cluster_05_local_minimum_337,2.3934122396940642e+00,3.0872105104333571e+00,pp,1.5529941414680315e+00,1.6184305194919055e-01,6.1020618725315848e-02,1.2255733817524674e+00,1.2377183861581875e+00,3.6055425395832336e-01,7.8400943729891335e+00,2.8000168522687741e+00,1.2403959577855859e+00,1.2377183861581875e+00,0.0000000000000000e+00,0.0000000000000000e+00,3.1415926535897931e+00,0.0000000000000000e+00,1.4020344294776785e-01,2.9649350788180335e+00,3.6055425395832330e-01,5.9027079467346999e-01,3.5057143967881452e+00
max_c_e_gamma_mixing_angles_polarization_05_local_minimum_337,C_e_gamma,polarization_cluster_05_local_minimum_337,2.3934122396940642e+00,3.0872105104333571e+00,qout,5.9027079467346999e-01,-9.6933139582647043e-02,-3.6942760578173542e-02,-5.8108416768654492e-01,5.9027079467347010e-01,3.5057143967881448e+00,7.8400943729891335e+00,2.8000168522687741e+00,1.2403959577855859e+00,1.2377183861581875e+00,0.0000000000000000e+00,0.0000000000000000e+00,3.1415926535897931e+00,0.0000000000000000e+00,1.4020344294776785e-01,2.9649350788180335e+00,3.6055425395832330e-01,5.9027079467346999e-01,3.5057143967881452e+00
max_c_e_gamma_mixing_angles_polarization_05_local_minimum_339,C_e_gamma,polarization_cluster_05_local_minimum_339,2.3633642136840578e+00,3.0118414935478359e+00,k,1.1445505414439243e+00,0.0000000000000000e+00,0.0000000000000000e+00,-1.1396632176245232e+00,1.1396632176245232e+00,0.0000000000000000e+00,6.8674631266035551e+00,2.6205845009469844e+00,1.1396632176245232e+00,1.1087041509663087e+00,0.0000000000000000e+00,0.0000000000000000e+00,3.1415926535897931e+00,0.0000000000000000e+00,4.1942803111964155e-01,3.1243993345320176e+00,3.9116510091078251e-03,3.8178675650644744e-01,3.5294709805982977e-01
max_c_e_gamma_mixing_angles_polarization_05_local_minimum_339,C_e_gamma,polarization_cluster_05_local_minimum_339,2.3633642136840578e+00,3.0118414935478359e+00,p,1.4760339595030600e+00,0.0000000000000000e+00,0.0000000000000000e+00,1.1396632176245232e+00,1.1396632176245232e+00,0.0000000000000000e+00,6.8674631266035551e+00,2.6205845009469844e+00,1.1396632176245232e+00,1.1087041509663087e+00,0.0000000000000000e+00,0.0000000000000000e+00,3.1415926535897931e+00,0.0000000000000000e+00,4.1942803111964155e-01,3.1243993345320176e+00,3.9116510091078251e-03,3.8178675650644744e-01,3.5294709805982977e-01
max_c_e_gamma_mixing_angles_polarization_05_local_minimum_339,C_e_gamma,polarization_cluster_05_local_minimum_339,2.3633642136840578e+00,3.0118414935478359e+00,kp,7.8653437494713985e-01,-4.5766239792547742e-01,-4.0350260493476359e-03,-6.3087358381063319e-01,7.7940530576856415e-01,3.1504090246128995e+00,6.8674631266035551e+00,2.6205845009469844e+00,1.1396632176245232e+00,1.1087041509663087e+00,0.0000000000000000e+00,0.0000000000000000e+00,3.1415926535897931e+00,0.0000000000000000e+00,4.1942803111964155e-01,3.1243993345320176e+00,3.9116510091078251e-03,3.8178675650644744e-01,3.5294709805982977e-01
max_c_e_gamma_mixing_angles_polarization_05_local_minimum_339,C_e_gamma,polarization_cluster_05_local_minimum_339,2.3633642136840578e+00,3.0118414935478359e+00,pp,1.4522633694925735e+00,4.5150314861791563e-01,1.7661317547844953e-03,1.0126039116735903e+00,1.1087041509663085e+00,3.9116510091078251e-03,6.8674631266035551e+00,2.6205845009469844e+00,1.1396632176245232e+00,1.1087041509663087e+00,0.0000000000000000e+00,0.0000000000000000e+00,3.1415926535897931e+00,0.0000000000000000e+00,4.1942803111964155e-01,3.1243993345320176e+00,3.9116510091078251e-03,3.8178675650644744e-01,3.5294709805982977e-01
max_c_e_gamma_mixing_angles_polarization_05_local_minimum_339,C_e_gamma,polarization_cluster_05_local_minimum_339,2.3633642136840578e+00,3.0118414935478359e+00,qout,3.8178675650644744e-01,6.1592493075617819e-03,2.2688942945631404e-03,-3.8173032786295719e-01,3.8178675650644744e-01,3.5294709805982971e-01,6.8674631266035551e+00,2.6205845009469844e+00,1.1396632176245232e+00,1.1087041509663087e+00,0.0000000000000000e+00,0.0000000000000000e+00,3.1415926535897931e+00,0.0000000000000000e+00,4.1942803111964155e-01,3.1243993345320176e+00,3.9116510091078251e-03,3.8178675650644744e-01,3.5294709805982977e-01
max_c_e_gamma_mixing_angles_polarization_05_local_minimum_341,C_e_gamma,polarization_cluster_05_local_minimum_341,8.1616102116016587e-01,3.1013654362999548e+00,k,2.4056209822481192e+00,0.0000000000000000e+00,0.0000000000000000e+00,-2.4032995272997302e+00,2.4032995272997302e+00,0.0000000000000000e+00,2.4855049608029010e+01,4.9854838890552049e+00,2.4032995272997302e+00,2.3946768229126523e+00,0.0000000000000000e+00,0.0000000000000000e+00,3.1415926535897931e+00,0.0000000000000000e+00,9.9929579351463477e-03,3.0871605890785352e+00,4.3163555220147716e+00,1.8760300926533564e+00,1.1162597206527691e+00
max_c_e_gamma_mixing_angles_polarization_05_local_minimum_341,C_e_gamma,polarization_cluster_05_local_minimum_341,8.1616102116016587e-01,3.1013654362999548e+00,p,2.5798629068070857e+00,0.0000000000000000e+00,0.0000000000000000e+00,2.4032995272997302e+00,2.4032995272997302e+00,0.0000000000000000e+00,2.4855049608029010e+01,4.9854838890552049e+00,2.4032995272997302e+00,2.3946768229126523e+00,0.0000000000000000e+00,0.0000000000000000e+00,3.1415926535897931e+00,0.0000000000000000e+00,9.9929579351463477e-03,3.0871605890785352e+00,4.3163555220147716e+00,1.8760300926533564e+00,1.1162597206527691e+00
max_c_e_gamma_mixing_angles_polarization_05_local_minimum_341,C_e_gamma,polarization_cluster_05_local_minimum_341,8.1616102116016587e-01,3.1013654362999548e+00,kp,5.3762155338972228e-01,-3.5580480094780959e-02,-6.9625157037781618e-02,-5.2130567740968270e-01,5.2713683456563631e-01,4.2399570856627875e+00,2.4855049608029010e+01,4.9854838890552049e+00,2.4032995272997302e+00,2.3946768229126523e+00,0.0000000000000000e+00,0.0000000000000000e+00,3.1415926535897931e+00,0.0000000000000000e+00,9.9929579351463477e-03,3.0871605890785352e+00,4.3163555220147716e+00,1.8760300926533564e+00,1.1162597206527691e+00
max_c_e_gamma_mixing_angles_polarization_05_local_minimum_341,C_e_gamma,polarization_cluster_05_local_minimum_341,8.1616102116016587e-01,3.1013654362999548e+00,pp,2.5718322430117859e+00,-9.2310909729377520e-03,-2.2077324121626038e-02,2.3945572586417958e+00,2.3946768229126523e+00,4.3163555220147716e+00,2.4855049608029010e+01,4.9854838890552049e+00,2.4032995272997302e+00,2.3946768229126523e+00,0.0000000000000000e+00,0.0000000000000000e+00,3.1415926535897931e+00,0.0000000000000000e+00,9.9929579351463477e-03,3.0871605890785352e+00,4.3163555220147716e+00,1.8760300926533564e+00,1.1162597206527691e+00
max_c_e_gamma_mixing_angles_polarization_05_local_minimum_341,C_e_gamma,polarization_cluster_05_local_minimum_341,8.1616102116016587e-01,3.1013654362999548e+00,qout,1.8760300926533564e+00,4.4811571067718714e-02,9.1702481159407656e-02,-1.8732515812321131e+00,1.8760300926533564e+00,1.1162597206527691e+00,2.4855049608029010e+01,4.9854838890552049e+00,2.4032995272997302e+00,2.3946768229126523e+00,0.0000000000000000e+00,0.0000000000000000e+00,3.1415926535897931e+00,0.0000000000000000e+00,9.9929579351463477e-03,3.0871605890785352e+00,4.3163555220147716e+00,1.8760300926533564e+00,1.1162597206527691e+00
max_c_e_gamma_mixing_angles_polarization_05_local_minimum_346,C_e_gamma,polarization_cluster_05_local_minimum_346,2.0188912558780956e+00,2.9629801790048069e+00,k,2.1957904790812908e+00,0.0000000000000000e+00,0.0000000000000000e+00,-2.1932469390633478e+00,2.1932469390633478e+00,0.0000000000000000e+00,2.0987388740939348e+01,4.5811994871364599e+00,2.1932469390633478e+00,2.1907599557032906e+00,0.0000000000000000e+00,0.0000000000000000e+00,3.1415926535897931e+00,0.0000000000000000e+00,1.5583060077955242e+00,1.5841280372467468e+00,6.2824503201576611e+00,1.4312959016994582e+00,3.1401513148817322e+00
max_c_e_gamma_mixing_angles_polarization_05_local_minimum_346,C_e_gamma,polarization_cluster_05_local_minimum_346,2.0188912558780956e+00,2.9629801790048069e+00,p,2.3854090080551691e+00,0.0000000000000000e+00,0.0000000000000000e+00,2.1932469390633478e+00,2.1932469390633478e+00,0.0000000000000000e+00,2.0987388740939348e+01,4.5811994871364599e+00,2.1932469390633478e+00,2.1907599557032906e+00,0.0000000000000000e+00,0.0000000000000000e+00,3.1415926535897931e+00,0.0000000000000000e+00,1.5583060077955242e+00,1.5841280372467468e+00,6.2824503201576611e+00,1.4312959016994582e+00,3.1401513148817322e+00
max_c_e_gamma_mixing_angles_polarization_05_local_minimum_346,C_e_gamma,polarization_cluster_05_local_minimum_346,2.0188912558780956e+00,2.9629801790048069e+00,kp,7.6678101546385768e-01,-7.5942125647110270e-01,-4.5274375101552844e-04,-8.2815219273636373e-03,7.5946654525560631e-01,3.1421888229668284e+00,2.0987388740939348e+01,4.5811994871364599e+00,2.1932469390633478e+00,2.1907599557032906e+00,0.0000000000000000e+00,0.0000000000000000e+00,3.1415926535897931e+00,0.0000000000000000e+00,1.5583060077955242e+00,1.5841280372467468e+00,6.2824503201576611e+00,1.4312959016994582e+00,3.1401513148817322e+00
max_c_e_gamma_mixing_angles_polarization_05_local_minimum_346,C_e_gamma,polarization_cluster_05_local_minimum_346,2.0188912558780956e+00,2.9629801790048069e+00,pp,2.3831225699726577e+00,2.1905884781255276e+00,-1.6100543917217565e-03,2.7362579220979059e-02,2.1907599557032906e+00,6.2824503201576611e+00,2.0987388740939348e+01,4.5811994871364599e+00,2.1932469390633478e+00,2.1907599557032906e+00,0.0000000000000000e+00,0.0000000000000000e+00,3.1415926535897931e+00,0.0000000000000000e+00,1.5583060077955242e+00,1.5841280372467468e+00,6.2824503201576611e+00,1.4312959016994582e+00,3.1401513148817322e+00
max_c_e_gamma_mixing_angles_polarization_05_local_minimum_346,C_e_gamma,polarization_cluster_05_local_minimum_346,2.0188912558780956e+00,2.9629801790048069e+00,qout,1.4312959016994582e+00,-1.4311672216544249e+00,2.0627981427372849e-03,-1.9081057293615422e-02,1.4312959016994584e+00,3.1401513148817322e+00,2.0987388740939348e+01,4.5811994871364599e+00,2.1932469390633478e+00,2.1907599557032906e+00,0.0000000000000000e+00,0.0000000000000000e+00,3.1415926535897931e+00,0.0000000000000000e+00,1.5583060077955242e+00,1.5841280372467468e+00,6.2824503201576611e+00,1.4312959016994582e+00,3.1401513148817322e+00
max_c_e_gamma_mixing_angles_polarization_05_local_minimum_348,C_e_gamma,polarization_cluster_05_local_minimum_348,7.4047275626981701e-01,3.1252174836081275e+00,k,1.0627187610339384e+00,0.0000000000000000e+00,0.0000000000000000e+00,-1.0574532957725413e+00,1.0574532957725413e+00,0.0000000000000000e+00,6.1317806188642097e+00,2.4762432471112792e+00,1.0574532957725413e+00,1.0557428057291911e+00,0.0000000000000000e+00,0.0000000000000000e+00,3.1415926535897931e+00,0.0000000000000000e+00,1.4031868653571396e-02,3.0503949653195024e+00,4.4523640065254169e+00,2.2472866588561821e-01,4.4354256101736880e+00
max_c_e_gamma_mixing_angles_polarization_05_local_minimum_348,C_e_gamma,polarization_cluster_05_local_minimum_348,7.4047275626981701e-01,3.1252174836081275e+00,p,1.4135244860773406e+00,0.0000000000000000e+00,0.0000000000000000e+00,1.0574532957725413e+00,1.0574532957725413e+00,0.0000000000000000e+00,6.1317806188642097e+00,2.4762432471112792e+00,1.0574532957725413e+00,1.0557428057291911e+00,0.0000000000000000e+00,0.0000000000000000e+00,3.1415926535897931e+00,0.0000000000000000e+00,1.4031868653571396e-02,3.0503949653195024e+00,4.4523640065254169e+00,2.2472866588561821e-01,4.4354256101736880e+00
max_c_e_gamma_mixing_angles_polarization_05_local_minimum_348,C_e_gamma,polarization_cluster_05_local_minimum_348,7.4047275626981701e-01,3.1252174836081275e+00,kp,8.3926925131783037e-01,9.4048688854090415e-03,3.4001948461952716e-02,-8.3184409587153507e-01,8.3259184712216139e-01,1.3009451319696290e+00,6.1317806188642097e+00,2.4762432471112792e+00,1.0574532957725413e+00,1.0557428057291911e+00,0.0000000000000000e+00,0.0000000000000000e+00,3.1415926535897931e+00,0.0000000000000000e+00,1.4031868653571396e-02,3.0503949653195024e+00,4.4523640065254169e+00,2.2472866588561821e-01,4.4354256101736880e+00
max_c_e_gamma_mixing_angles_polarization_05_local_minimum_348,C_e_gamma,polarization_cluster_05_local_minimum_348,7.4047275626981701e-01,3.1252174836081275e+00,pp,1.4122453299087041e+00,-3.8086352482883537e-03,-1.4315579126889423e-02,1.0556388730720141e+00,1.0557428057291911e+00,4.4523640065254169e+00,6.1317806188642097e+00,2.4762432471112792e+00,1.0574532957725413e+00,1.0557428057291911e+00,0.0000000000000000e+00,0.0000000000000000e+00,3.1415926535897931e+00,0.0000000000000000e+00,1.4031868653571396e-02,3.0503949653195024e+00,4.4523640065254169e+00,2.2472866588561821e-01,4.4354256101736880e+00
max_c_e_gamma_mixing_angles_polarization_05_local_minimum_348,C_e_gamma,polarization_cluster_05_local_minimum_348,7.4047275626981701e-01,3.1252174836081275e+00,qout,2.2472866588561821e-01,-5.5962336371206877e-03,-1.9686369335063292e-02,-2.2379477720047905e-01,2.2472866588561821e-01,4.4354256101736880e+00,6.1317806188642097e+00,2.4762432471112792e+00,1.0574532957725413e+00,1.0557428057291911e+00,0.0000000000000000e+00,0.0000000000000000e+00,3.1415926535897931e+00,0.0000000000000000e+00,1.4031868653571396e-02,3.0503949653195024e+00,4.4523640065254169e+00,2.2472866588561821e-01,4.4354256101736880e+00
max_c_e_gamma_mixing_angles_polarization_05_local_minimum_350,C_e_gamma,polarization_cluster_05_local_minimum_350,8.1448273989224673e-01,3.1302090733639427e+00,k,1.1787577972845098e+00,0.0000000000000000e+00,0.0000000000000000e+00,-1.1740128842332740e+00,1.1740128842332740e+00,0.0000000000000000e+00,7.1902925816085617e+00,2.6814720922673354e+00,1.1740128842332740e+00,1.1647987896418623e+00,0.0000000000000000e+00,0.0000000000000000e+00,3.1415926535897931e+00,0.0000000000000000e+00,8.4792396967990513e-02,2.9942904911587336e+00,7.3704234920239520e-01,8.2156309496302160e-01,3.9508107707336197e+00
max_c_e_gamma_mixing_angles_polarization_05_local_minimum_350,C_e_gamma,polarization_cluster_05_local_minimum_350,8.1448273989224673e-01,3.1302090733639427e+00,p,1.5027142949828256e+00,0.0000000000000000e+00,0.0000000000000000e+00,1.1740128842332740e+00,1.1740128842332740e+00,0.0000000000000000e+00,7.1902925816085617e+00,2.6814720922673354e+00,1.1740128842332740e+00,1.1647987896418623e+00,0.0000000000000000e+00,0.0000000000000000e+00,3.1415926535897931e+00,0.0000000000000000e+00,8.4792396967990513e-02,2.9942904911587336e+00,7.3704234920239520e-01,8.2156309496302160e-01,3.9508107707336197e+00
max_c_e_gamma_mixing_angles_polarization_05_local_minimum_350,C_e_gamma,polarization_cluster_05_local_minimum_350,8.1448273989224673e-01,3.1302090733639427e+00,kp,3.6438226054794992e-01,1.0163876872589767e-02,2.0968883399938978e-02,-3.4794789987096297e-01,3.4872731394133022e-01,1.1194534600659154e+00,7.1902925816085617e+00,2.6814720922673354e+00,1.1740128842332740e+00,1.1647987896418623e+00,0.0000000000000000e+00,0.0000000000000000e+00,3.1415926535897931e+00,0.0000000000000000e+00,8.4792396967990513e-02,2.9942904911587336e+00,7.3704234920239520e-01,8.2156309496302160e-01,3.9508107707336197e+00
max_c_e_gamma_mixing_angles_polarization_05_local_minimum_350,C_e_gamma,polarization_cluster_05_local_minimum_350,8.1448273989224673e-01,3.1302090733639427e+00,pp,1.4955267367556981e+00,7.3044694129485777e-02,6.6301250664304839e-02,1.1606139914592735e+00,1.1647987896418623e+00,7.3704234920239520e-01,7.1902925816085617e+00,2.6814720922673354e+00,1.1740128842332740e+00,1.1647987896418623e+00,0.0000000000000000e+00,0.0000000000000000e+00,3.1415926535897931e+00,0.0000000000000000e+00,8.4792396967990513e-02,2.9942904911587336e+00,7.3704234920239520e-01,8.2156309496302160e-01,3.9508107707336197e+00
max_c_e_gamma_mixing_angles_polarization_05_local_minimum_350,C_e_gamma,polarization_cluster_05_local_minimum_350,8.1448273989224673e-01,3.1302090733639427e+00,qout,8.2156309496302160e-01,-8.3208571002075543e-02,-8.7270134064243818e-02,-8.1266609158831049e-01,8.2156309496302160e-01,3.9508107707336197e+00,7.1902925816085617e+00,2.6814720922673354e+00,1.1740128842332740e+00,1.1647987896418623e+00,0.0000000000000000e+00,0.0000000000000000e+00,3.1415926535897931e+00,0.0000000000000000e+00,8.4792396967990513e-02,2.9942904911587336e+00,7.3704234920239520e-01,8.2156309496302160e-01,3.9508107707336197e+00
max_c_e_gamma_mixing_angles_polarization_05_local_minimum_351,C_e_gamma,polarization_cluster_05_local_minimum_351,2.3374474807630397e+00,3.1148219563369488e+00,k,2.0543545083902708e+00,0.0000000000000000e+00,0.0000000000000000e+00,-2.0516356289141919e+00,2.0516356289141919e+00,0.0000000000000000e+00,1.8578232678659269e+01,4.3102474034165681e+00,2.0516356289141919e+00,2.0324088688995259e+00,0.0000000000000000e+00,0.0000000000000000e+00,3.1415926535897931e+00,0.0000000000000000e+00,6.9041239423396253e-02,3.1110030669633111e+00,5.6846531335156856e+00,1.5274477981213290e+00,5.3830495370461930e+00
max_c_e_gamma_mixing_angles_polarization_05_local_minimum_351,C_e_gamma,polarization_cluster_05_local_minimum_351,2.3374474807630397e+00,3.1148219563369488e+00,p,2.2558928950262978e+00,0.0000000000000000e+00,0.0000000000000000e+00,2.0516356289141919e+00,2.0516356289141919e+00,0.0000000000000000e+00,1.8578232678659269e+01,4.3102474034165681e+00,2.0516356289141919e+00,2.0324088688995259e+00,0.0000000000000000e+00,0.0000000000000000e+00,3.1415926535897931e+00,0.0000000000000000e+00,6.9041239423396253e-02,3.1110030669633111e+00,5.6846531335156856e+00,1.5274477981213290e+00,5.3830495370461930e+00
max_c_e_gamma_mixing_angles_polarization_05_local_minimum_351,C_e_gamma,polarization_cluster_05_local_minimum_351,2.3374474807630397e+00,3.1148219563369488e+00,kp,5.4437832895344485e-01,-1.4486981582189526e-01,1.1559617546287423e-01,-5.0083363844986750e-01,5.3402628467224911e-01,2.4681143240945635e+00,1.8578232678659269e+01,4.3102474034165681e+00,2.0516356289141919e+00,2.0324088688995259e+00,0.0000000000000000e+00,0.0000000000000000e+00,3.1415926535897931e+00,0.0000000000000000e+00,6.9041239423396253e-02,3.1110030669633111e+00,5.6846531335156856e+00,1.5274477981213290e+00,5.3830495370461930e+00
max_c_e_gamma_mixing_angles_polarization_05_local_minimum_351,C_e_gamma,polarization_cluster_05_local_minimum_351,2.3374474807630397e+00,3.1148219563369488e+00,pp,2.2384212763422018e+00,1.1583521172014748e-01,-7.8997776790891386e-02,2.0275668584215158e+00,2.0324088688995259e+00,5.6846531335156856e+00,1.8578232678659269e+01,4.3102474034165681e+00,2.0516356289141919e+00,2.0324088688995259e+00,0.0000000000000000e+00,0.0000000000000000e+00,3.1415926535897931e+00,0.0000000000000000e+00,6.9041239423396253e-02,3.1110030669633111e+00,5.6846531335156856e+00,1.5274477981213290e+00,5.3830495370461930e+00
max_c_e_gamma_mixing_angles_polarization_05_local_minimum_351,C_e_gamma,polarization_cluster_05_local_minimum_351,2.3374474807630397e+00,3.1148219563369488e+00,qout,1.5274477981213290e+00,2.9034604101747779e-02,-3.6598398671982842e-02,-1.5267332199716483e+00,1.5274477981213290e+00,5.3830495370461930e+00,1.8578232678659269e+01,4.3102474034165681e+00,2.0516356289141919e+00,2.0324088688995259e+00,0.0000000000000000e+00,0.0000000000000000e+00,3.1415926535897931e+00,0.0000000000000000e+00,6.9041239423396253e-02,3.1110030669633111e+00,5.6846531335156856e+00,1.5274477981213290e+00,5.3830495370461930e+00
max_c_e_gamma_mixing_angles_polarization_05_local_minimum_352,C_e_gamma,polarization_cluster_05_local_minimum_352,8.0220239179158626e-01,3.0882494161445648e+00,k,2.0059890790489296e+00,0.0000000000000000e+00,0.0000000000000000e+00,-2.0032045559428706e+00,2.0032045559428706e+00,0.0000000000000000e+00,1.7790914139815872e+01,4.2179277068029357e+00,2.0032045559428706e+00,1.9994263864390931e+00,0.0000000000000000e+00,0.0000000000000000e+00,3.1415926535897931e+00,0.0000000000000000e+00,8.5051932469314029e-02,3.0301858862873901e+00,7.3991951181188542e-01,1.3504732317981385e+00,3.9085058246893953e+00
max_c_e_gamma_mixing_angles_polarization_05_local_minimum_352,C_e_gamma,polarization_cluster_05_local_minimum_352,8.0220239179158626e-01,3.0882494161445648e+00,p,2.2119386277540056e+00,0.0000000000000000e+00,0.0000000000000000e+00,2.0032045559428706e+00,2.0032045559428706e+00,0.0000000000000000e+00,1.7790914139815872e+01,4.2179277068029357e+00,2.0032045559428706e+00,1.9994263864390931e+00,0.0000000000000000e+00,0.0000000000000000e+00,3.1415926535897931e+00,0.0000000000000000e+00,8.5051932469314029e-02,3.0301858862873901e+00,7.3991951181188542e-01,1.3504732317981385e+00,3.9085058246893953e+00
max_c_e_gamma_mixing_angles_polarization_05_local_minimum_352,C_e_gamma,polarization_cluster_05_local_minimum_352,8.0220239179158626e-01,3.0882494161445648e+00,kp,6.5893690097641533e-01,-1.7328377307438622e-02,-1.0332689586487656e-02,-6.5009776958616272e-01,6.5041075264412962e-01,3.6792776816541783e+00,1.7790914139815872e+01,4.2179277068029357e+00,2.0032045559428706e+00,1.9994263864390931e+00,0.0000000000000000e+00,0.0000000000000000e+00,3.1415926535897931e+00,0.0000000000000000e+00,8.5051932469314029e-02,3.0301858862873901e+00,7.3991951181188542e-01,1.3504732317981385e+00,3.9085058246893953e+00
max_c_e_gamma_mixing_angles_polarization_05_local_minimum_352,C_e_gamma,polarization_cluster_05_local_minimum_352,8.0220239179158626e-01,3.0882494161445648e+00,pp,2.2085175740276304e+00,1.2543819635784376e-01,1.1451779162682715e-01,1.9921989883252866e+00,1.9994263864390931e+00,7.3991951181188553e-01,1.7790914139815872e+01,4.2179277068029357e+00,2.0032045559428706e+00,1.9994263864390931e+00,0.0000000000000000e+00,0.0000000000000000e+00,3.1415926535897931e+00,0.0000000000000000e+00,8.5051932469314029e-02,3.0301858862873901e+00,7.3991951181188542e-01,1.3504732317981385e+00,3.9085058246893953e+00
max_c_e_gamma_mixing_angles_polarization_05_local_minimum_352,C_e_gamma,polarization_cluster_05_local_minimum_352,8.0220239179158626e-01,3.0882494161445648e+00,qout,1.3504732317981385e+00,-1.0810981905040513e-01,-1.0418510204033950e-01,-1.3421012187391239e+00,1.3504732317981387e+00,3.9085058246893949e+00,1.7790914139815872e+01,4.2179277068029357e+00,2.0032045559428706e+00,1.9994263864390931e+00,0.0000000000000000e+00,0.0000000000000000e+00,3.1415926535897931e+00,0.0000000000000000e+00,8.5051932469314029e-02,3.0301858862873901e+00,7.3991951181188542e-01,1.3504732317981385e+00,3.9085058246893953e+00
max_c_e_gamma_mixing_angles_polarization_05_local_minimum_356,C_e_gamma,polarization_cluster_05_local_minimum_356,7.6529268213851875e-01,3.1353088921553969e+00,k,1.6591412889628729e+00,0.0000000000000000e+00,0.0000000000000000e+00,-1.6557735728136516e+00,1.6557735728136516e+00,0.0000000000000000e+00,1.2688890104387140e+01,3.5621468392511755e+00,1.6557735728136516e+00,1.6526926154645678e+00,0.0000000000000000e+00,0.0000000000000000e+00,3.1415926535897931e+00,0.0000000000000000e+00,7.5495618316655327e-02,3.0319402996623239e+00,1.4620535956178660e+00,9.4561754983273660e-01,4.5821826218621071e+00
max_c_e_gamma_mixing_angles_polarization_05_local_minimum_356,C_e_gamma,polarization_cluster_05_local_minimum_356,7.6529268213851875e-01,3.1353088921553969e+00,p,1.9030055502883023e+00,0.0000000000000000e+00,0.0000000000000000e+00,1.6557735728136516e+00,1.6557735728136516e+00,0.0000000000000000e+00,1.2688890104387140e+01,3.5621468392511755e+00,1.6557735728136516e+00,1.6526926154645678e+00,0.0000000000000000e+00,0.0000000000000000e+00,3.1415926535897931e+00,0.0000000000000000e+00,7.5495618316655327e-02,3.0319402996623239e+00,1.4620535956178660e+00,9.4561754983273660e-01,4.5821826218621071e+00
max_c_e_gamma_mixing_angles_polarization_05_local_minimum_356,C_e_gamma,polarization_cluster_05_local_minimum_356,7.6529268213851875e-01,3.1353088921553969e+00,kp,7.1620382223916756e-01,-9.2447959441762859e-05,-2.1310709901614849e-02,-7.0804665649486553e-01,7.0836729362435569e-01,4.7080509090606455e+00,1.2688890104387140e+01,3.5621468392511755e+00,1.6557735728136516e+00,1.6526926154645678e+00,0.0000000000000000e+00,0.0000000000000000e+00,3.1415926535897931e+00,0.0000000000000000e+00,7.5495618316655327e-02,3.0319402996623239e+00,1.4620535956178660e+00,9.4561754983273660e-01,4.5821826218621071e+00
max_c_e_gamma_mixing_angles_polarization_05_local_minimum_356,C_e_gamma,polarization_cluster_05_local_minimum_356,7.6529268213851875e-01,3.1353088921553969e+00,pp,1.9003254671795340e+00,1.3528360969818303e-02,1.2391627957970802e-01,1.6479850182315698e+00,1.6526926154645678e+00,1.4620535956178660e+00,1.2688890104387140e+01,3.5621468392511755e+00,1.6557735728136516e+00,1.6526926154645678e+00,0.0000000000000000e+00,0.0000000000000000e+00,3.1415926535897931e+00,0.0000000000000000e+00,7.5495618316655327e-02,3.0319402996623239e+00,1.4620535956178660e+00,9.4561754983273660e-01,4.5821826218621071e+00
max_c_e_gamma_mixing_angles_polarization_05_local_minimum_356,C_e_gamma,polarization_cluster_05_local_minimum_356,7.6529268213851875e-01,3.1353088921553969e+00,qout,9.4561754983273660e-01,-1.3435913010376541e-02,-1.0260556967809317e-01,-9.3993836173670431e-01,9.4561754983273660e-01,4.5821826218621071e+00,1.2688890104387140e+01,3.5621468392511755e+00,1.6557735728136516e+00,1.6526926154645678e+00,0.0000000000000000e+00,0.0000000000000000e+00,3.1415926535897931e+00,0.0000000000000000e+00,7.5495618316655327e-02,3.0319402996623239e+00,1.4620535956178660e+00,9.4561754983273660e-01,4.5821826218621071e+00
max_c_e_gamma_mixing_angles_polarization_05_local_minimum_358,C_e_gamma,polarization_cluster_05_local_minimum_358,2.2955565566499185e+00,3.1050769041519564e+00,k,1.2327028956883441e+00,0.0000000000000000e+00,0.0000000000000000e+00,-1.2281664124723204e+00,1.2281664124723204e+00,0.0000000000000000e+00,7.7178117942515749e+00,2.7780949937414983e+00,1.2281664124723204e+00,1.2186044093567241e+00,0.0000000000000000e+00,0.0000000000000000e+00,3.1415926535897931e+00,0.0000000000000000e+00,1.1953411435011095e-01,2.9653443492542766e+00,5.8778872046675357e+00,8.9144618996350600e-01,2.7485136277202136e+00
max_c_e_gamma_mixing_angles_polarization_05_local_minimum_358,C_e_gamma,polarization_cluster_05_local_minimum_358,2.2955565566499185e+00,3.1050769041519564e+00,p,1.5453920980531541e+00,0.0000000000000000e+00,0.0000000000000000e+00,1.2281664124723204e+00,1.2281664124723204e+00,0.0000000000000000e+00,7.7178117942515749e+00,2.7780949937414983e+00,1.2281664124723204e+00,1.2186044093567241e+00,0.0000000000000000e+00,0.0000000000000000e+00,3.1415926535897931e+00,0.0000000000000000e+00,1.1953411435011095e-01,2.9653443492542766e+00,5.8778872046675357e+00,8.9144618996350600e-01,2.7485136277202136e+00
max_c_e_gamma_mixing_angles_polarization_05_local_minimum_358,C_e_gamma,polarization_cluster_05_local_minimum_358,2.2955565566499185e+00,3.1050769041519564e+00,kp,3.4884494550933826e-01,1.0837871270528016e-02,-2.5718097308837090e-03,-3.3227252374390781e-01,3.3245917598122360e-01,6.0501963317272818e+00,7.7178117942515749e+00,2.7780949937414983e+00,1.2281664124723204e+00,1.2186044093567241e+00,0.0000000000000000e+00,0.0000000000000000e+00,3.1415926535897931e+00,0.0000000000000000e+00,1.1953411435011095e-01,2.9653443492542766e+00,5.8778872046675357e+00,8.9144618996350600e-01,2.7485136277202136e+00
max_c_e_gamma_mixing_angles_polarization_05_local_minimum_358,C_e_gamma,polarization_cluster_05_local_minimum_358,2.2955565566499185e+00,3.1050769041519564e+00,pp,1.5378038582679034e+00,1.3354519476474749e-01,-5.7297894081294640e-02,1.2099088142470675e+00,1.2186044093567241e+00,5.8778872046675357e+00,7.7178117942515749e+00,2.7780949937414983e+00,1.2281664124723204e+00,1.2186044093567241e+00,0.0000000000000000e+00,0.0000000000000000e+00,3.1415926535897931e+00,0.0000000000000000e+00,1.1953411435011095e-01,2.9653443492542766e+00,5.8778872046675357e+00,8.9144618996350600e-01,2.7485136277202136e+00
max_c_e_gamma_mixing_angles_polarization_05_local_minimum_358,C_e_gamma,polarization_cluster_05_local_minimum_358,2.2955565566499185e+00,3.1050769041519564e+00,qout,8.9144618996350600e-01,-1.4438306603527551e-01,5.9869703812178349e-02,-8.7763629050315972e-01,8.9144618996350600e-01,2.7485136277202136e+00,7.7178117942515749e+00,2.7780949937414983e+00,1.2281664124723204e+00,1.2186044093567241e+00,0.0000000000000000e+00,0.0000000000000000e+00,3.1415926535897931e+00,0.0000000000000000e+00,1.1953411435011095e-01,2.9653443492542766e+00,5.8778872046675357e+00,8.9144618996350600e-01,2.7485136277202136e+00
max_c_e_gamma_mixing_angles_polarization_05_local_minimum_361,C_e_gamma,polarization_cluster_05_local_minimum_361,2.3524352146550562e+00,3.0176202649600423e+00,k,2.3953836876437968e+00,0.0000000000000000e+00,0.0000000000000000e+00,-2.3930523017094081e+00,2.3930523017094081e+00,0.0000000000000000e+00,2.4658210053898198e+01,4.9657033795725454e+00,2.3930523017094081e+00,2.2934169305054670e+00,0.0000000000000000e+00,0.0000000000000000e+00,3.1415926535897931e+00,0.0000000000000000e+00,1.8275258019100343e-01,3.1318893038928830e+00,3.5231902591137572e-02,1.9800995479375796e+00,1.8044827604221716e+00
max_c_e_gamma_mixing_angles_polarization_05_local_minimum_361,C_e_gamma,polarization_cluster_05_local_minimum_361,2.3524352146550562e+00,3.0176202649600423e+00,p,2.5703196919287485e+00,0.0000000000000000e+00,0.0000000000000000e+00,2.3930523017094081e+00,2.3930523017094081e+00,0.0000000000000000e+00,2.4658210053898198e+01,4.9657033795725454e+00,2.3930523017094081e+00,2.2934169305054670e+00,0.0000000000000000e+00,0.0000000000000000e+00,3.1415926535897931e+00,0.0000000000000000e+00,1.8275258019100343e-01,3.1318893038928830e+00,3.5231902591137572e-02,1.9800995479375796e+00,1.8044827604221716e+00
max_c_e_gamma_mixing_angles_polarization_05_local_minimum_361,C_e_gamma,polarization_cluster_05_local_minimum_361,2.3524352146550562e+00,3.0176202649600423e+00,kp,5.0778115494260889e-01,-4.1209092377495243e-01,-3.3372640977563629e-02,-2.7521872461378738e-01,4.9666689944222253e-01,3.2223999906090302e+00,2.4658210053898198e+01,4.9657033795725454e+00,2.3930523017094081e+00,2.2934169305054670e+00,0.0000000000000000e+00,0.0000000000000000e+00,3.1415926535897931e+00,0.0000000000000000e+00,1.8275258019100343e-01,3.1318893038928830e+00,3.5231902591137572e-02,1.9800995479375796e+00,1.8044827604221716e+00
max_c_e_gamma_mixing_angles_polarization_05_local_minimum_361,C_e_gamma,polarization_cluster_05_local_minimum_361,2.3524352146550562e+00,3.0176202649600423e+00,pp,2.4778226766920022e+00,4.1654005706107200e-01,1.4681573900516184e-02,2.2552250551509223e+00,2.2934169305054670e+00,3.5231902591137572e-02,2.4658210053898198e+01,4.9657033795725454e+00,2.3930523017094081e+00,2.2934169305054670e+00,0.0000000000000000e+00,0.0000000000000000e+00,3.1415926535897931e+00,0.0000000000000000e+00,1.8275258019100343e-01,3.1318893038928830e+00,3.5231902591137572e-02,1.9800995479375796e+00,1.8044827604221716e+00
max_c_e_gamma_mixing_angles_polarization_05_local_minimum_361,C_e_gamma,polarization_cluster_05_local_minimum_361,2.3524352146550562e+00,3.0176202649600423e+00,qout,1.9800995479375796e+00,-4.4491332861195543e-03,1.8691067077047444e-02,-1.9800063305371349e+00,1.9800995479375794e+00,1.8044827604221716e+00,2.4658210053898198e+01,4.9657033795725454e+00,2.3930523017094081e+00,2.2934169305054670e+00,0.0000000000000000e+00,0.0000000000000000e+00,3.1415926535897931e+00,0.0000000000000000e+00,1.8275258019100343e-01,3.1318893038928830e+00,3.5231902591137572e-02,1.9800995479375796e+00,1.8044827604221716e+00
max_c_e_gamma_mixing_angles_polarization_05_local_minimum_362,C_e_gamma,polarization_cluster_05_local_minimum_362,7.8952224943966187e-01,3.0886408073594027e+00,k,1.2504689698096965e+00,0.0000000000000000e+00,0.0000000000000000e+00,-1.2459971718040233e+00,1.2459971718040233e+00,0.0000000000000000e+00,7.8964890423623597e+00,2.8100692237669804e+00,1.2459971718040233e+00,1.2396080463775074e+00,0.0000000000000000e+00,0.0000000000000000e+00,3.1415926535897931e+00,0.0000000000000000e+00,1.2452577206582670e-01,2.9754592105259006e+00,5.8968169585194534e+00,8.3992345663562784e-01,2.8022191338859939e+00
max_c_e_gamma_mixing_angles_polarization_05_local_minimum_362,C_e_gamma,polarization_cluster_05_local_minimum_362,7.8952224943966187e-01,3.0886408073594027e+00,p,1.5596002539572837e+00,0.0000000000000000e+00,0.0000000000000000e+00,1.2459971718040233e+00,1.2459971718040233e+00,0.0000000000000000e+00,7.8964890423623597e+00,2.8100692237669804e+00,1.2459971718040233e+00,1.2396080463775074e+00,0.0000000000000000e+00,0.0000000000000000e+00,3.1415926535897931e+00,0.0000000000000000e+00,1.2452577206582670e-01,2.9754592105259006e+00,5.8968169585194534e+00,8.3992345663562784e-01,2.8022191338859939e+00
max_c_e_gamma_mixing_angles_polarization_05_local_minimum_362,C_e_gamma,polarization_cluster_05_local_minimum_362,7.8952224943966187e-01,3.0886408073594027e+00,kp,4.1564516930429535e-01,-1.1638734107287607e-02,1.1779212012117617e-02,-4.0165035103364566e-01,4.0199156017595361e-01,2.3501958334728545e+00,7.8964890423623597e+00,2.8100692237669804e+00,1.2459971718040233e+00,1.2396080463775074e+00,0.0000000000000000e+00,0.0000000000000000e+00,3.1415926535897931e+00,0.0000000000000000e+00,1.2452577206582670e-01,2.9754592105259006e+00,5.8968169585194534e+00,8.3992345663562784e-01,2.8022191338859939e+00
max_c_e_gamma_mixing_angles_polarization_05_local_minimum_362,C_e_gamma,polarization_cluster_05_local_minimum_362,7.8952224943966187e-01,3.0886408073594027e+00,pp,1.5545005978267943e+00,1.4261481610416510e-01,-5.8017981472793849e-02,1.2300093644754329e+00,1.2396080463775074e+00,5.8968169585194534e+00,7.8964890423623597e+00,2.8100692237669804e+00,1.2459971718040233e+00,1.2396080463775074e+00,0.0000000000000000e+00,0.0000000000000000e+00,3.1415926535897931e+00,0.0000000000000000e+00,1.2452577206582670e-01,2.9754592105259006e+00,5.8968169585194534e+00,8.3992345663562784e-01,2.8022191338859939e+00
max_c_e_gamma_mixing_angles_polarization_05_local_minimum_362,C_e_gamma,polarization_cluster_05_local_minimum_362,7.8952224943966187e-01,3.0886408073594027e+00,qout,8.3992345663562784e-01,-1.3097608199687749e-01,4.6238769460676232e-02,-8.2835901344178720e-01,8.3992345663562784e-01,2.8022191338859939e+00,7.8964890423623597e+00,2.8100692237669804e+00,1.2459971718040233e+00,1.2396080463775074e+00,0.0000000000000000e+00,0.0000000000000000e+00,3.1415926535897931e+00,0.0000000000000000e+00,1.2452577206582670e-01,2.9754592105259006e+00,5.8968169585194534e+00,8.3992345663562784e-01,2.8022191338859939e+00
max_c_e_gamma_mixing_angles_polarization_05_local_minimum_368,C_e_gamma,polarization_cluster_05_local_minimum_368,2.4351380956057467e+00,2.9546674599244289e+00,k,1.0025609984143649e+00,0.0000000000000000e+00,0.0000000000000000e+00,-9.9697786496406682e-01,9.9697786496406682e-01,0.0000000000000000e+00,5.6236915396760008e+00,2.3714323814260445e+00,9.9697786496406682e-01,9.9058258996848292e-01,0.0000000000000000e+00,0.0000000000000000e+00,3.1415926535897931e+00,0.0000000000000000e+00,1.0925602108979015e-02,3.0523541823926532e+00,3.0443944280015671e+00,5.1073891310775810e-01,3.0400107291335319e+00
max_c_e_gamma_mixing_angles_polarization_05_local_minimum_368,C_e_gamma,polarization_cluster_05_local_minimum_368,2.4351380956057467e+00,2.9546674599244289e+00,p,1.3688713830116797e+00,0.0000000000000000e+00,0.0000000000000000e+00,9.9697786496406682e-01,9.9697786496406682e-01,0.0000000000000000e+00,5.6236915396760008e+00,2.3714323814260445e+00,9.9697786496406682e-01,9.9058258996848292e-01,0.0000000000000000e+00,0.0000000000000000e+00,3.1415926535897931e+00,0.0000000000000000e+00,1.0925602108979015e-02,3.0523541823926532e+00,3.0443944280015671e+00,5.1073891310775810e-01,3.0400107291335319e+00
max_c_e_gamma_mixing_angles_polarization_05_local_minimum_368,C_e_gamma,polarization_cluster_05_local_minimum_368,2.4351380956057467e+00,2.9546674599244289e+00,kp,4.9647286022483600e-01,5.6053863439443338e-02,-5.6660377082905127e-03,-4.8181684179440121e-01,4.8509958629804106e-01,6.1824454635779240e+00,5.6236915396760008e+00,2.3714323814260445e+00,9.9697786496406682e-01,9.9058258996848292e-01,0.0000000000000000e+00,0.0000000000000000e+00,3.1415926535897931e+00,0.0000000000000000e+00,1.0925602108979015e-02,3.0523541823926532e+00,3.0443944280015671e+00,5.1073891310775810e-01,3.0400107291335319e+00
max_c_e_gamma_mixing_angles_polarization_05_local_minimum_368,C_e_gamma,polarization_cluster_05_local_minimum_368,2.4351380956057467e+00,2.9546674599244289e+00,pp,1.3642206080941115e+00,-1.0771413417177028e-02,1.0502718355878248e-03,9.9052346823825188e-01,9.9058258996848292e-01,3.0443944280015671e+00,5.6236915396760008e+00,2.3714323814260445e+00,9.9697786496406682e-01,9.9058258996848292e-01,0.0000000000000000e+00,0.0000000000000000e+00,3.1415926535897931e+00,0.0000000000000000e+00,1.0925602108979015e-02,3.0523541823926532e+00,3.0443944280015671e+00,5.1073891310775810e-01,3.0400107291335319e+00
max_c_e_gamma_mixing_angles_polarization_05_local_minimum_368,C_e_gamma,polarization_cluster_05_local_minimum_368,2.4351380956057467e+00,2.9546674599244289e+00,qout,5.1073891310775810e-01,-4.5282450022266309e-02,4.6157658727026879e-03,-5.0870662644385067e-01,5.1073891310775821e-01,3.0400107291335319e+00,5.6236915396760008e+00,2.3714323814260445e+00,9.9697786496406682e-01,9.9058258996848292e-01,0.0000000000000000e+00,0.0000000000000000e+00,3.1415926535897931e+00,0.0000000000000000e+00,1.0925602108979015e-02,3.0523541823926532e+00,3.0443944280015671e+00,5.1073891310775810e-01,3.0400107291335319e+00
max_c_e_gamma_mixing_angles_polarization_05_local_minimum_369,C_e_gamma,polarization_cluster_05_local_minimum_369,8.5316079999979211e-01,3.0988247844901053e+00,k,1.8827139042160062e+00,0.0000000000000000e+00,0.0000000000000000e+00,-1.8797467789079938e+00,1.8797467789079938e+00,0.0000000000000000e+00,1.5868252780956327e+01,3.9834975562884845e+00,1.8797467789079938e+00,1.8612889447300152e+00,0.0000000000000000e+00,0.0000000000000000e+00,3.1415926535897931e+00,0.0000000000000000e+00,8.9006271192280065e-02,3.1053156041412273e+00,4.0521430282584331e-01,1.2518424145297944e+00,3.4880524793670503e-01
max_c_e_gamma_mixing_angles_polarization_05_local_minimum_369,C_e_gamma,polarization_cluster_05_local_minimum_369,8.5316079999979211e-01,3.0988247844901053e+00,p,2.1007836520724781e+00,0.0000000000000000e+00,0.0000000000000000e+00,1.8797467789079938e+00,1.8797467789079938e+00,0.0000000000000000e+00,1.5868252780956327e+01,3.9834975562884845e+00,1.8797467789079938e+00,1.8612889447300152e+00,0.0000000000000000e+00,0.0000000000000000e+00,3.1415926535897931e+00,0.0000000000000000e+00,8.9006271192280065e-02,3.1053156041412273e+00,4.0521430282584331e-01,1.2518424145297944e+00,3.4880524793670503e-01
max_c_e_gamma_mixing_angles_polarization_05_local_minimum_369,C_e_gamma,polarization_cluster_05_local_minimum_369,8.5316079999979211e-01,3.0988247844901053e+00,kp,6.4737096349097811e-01,-1.9471852511032547e-01,-8.0739784493255543e-02,-6.0290235962117489e-01,6.3869043523285851e-01,3.5346630965535071e+00,1.5868252780956327e+01,3.9834975562884845e+00,1.8797467789079938e+00,1.8612889447300152e+00,0.0000000000000000e+00,0.0000000000000000e+00,3.1415926535897931e+00,0.0000000000000000e+00,8.9006271192280065e-02,3.1053156041412273e+00,4.0521430282584331e-01,1.2518424145297944e+00,3.4880524793670503e-01
max_c_e_gamma_mixing_angles_polarization_05_local_minimum_369,C_e_gamma,polarization_cluster_05_local_minimum_369,8.5316079999979211e-01,3.0988247844901053e+00,pp,2.0842841782670072e+00,1.5204943802480109e-01,6.5222098416659172e-02,1.8539211369550332e+00,1.8612889447300152e+00,4.0521430282584325e-01,1.5868252780956327e+01,3.9834975562884845e+00,1.8797467789079938e+00,1.8612889447300152e+00,0.0000000000000000e+00,0.0000000000000000e+00,3.1415926535897931e+00,0.0000000000000000e+00,8.9006271192280065e-02,3.1053156041412273e+00,4.0521430282584331e-01,1.2518424145297944e+00,3.4880524793670503e-01
max_c_e_gamma_mixing_angles_polarization_05_local_minimum_369,C_e_gamma,polarization_cluster_05_local_minimum_369,8.5316079999979211e-01,3.0988247844901053e+00,qout,1.2518424145297944e+00,4.2669087085524381e-02,1.5517686076596376e-02,-1.2510187773338584e+00,1.2518424145297944e+00,3.4880524793670509e-01,1.5868252780956327e+01,3.9834975562884845e+00,1.8797467789079938e+00,1.8612889447300152e+00,0.0000000000000000e+00,0.0000000000000000e+00,3.1415926535897931e+00,0.0000000000000000e+00,8.9006271192280065e-02,3.1053156041412273e+00,4.0521430282584331e-01,1.2518424145297944e+00,3.4880524793670503e-01
max_c_e_gamma_mixing_angles_polarization_05_local_minimum_371,C_e_gamma,polarization_cluster_05_local_minimum_371,8.2080940380802514e-01,2.8988704476074383e+00,k,2.1809590891279660e+00,0.0000000000000000e+00,0.0000000000000000e+00,-2.1783982317603425e+00,2.1783982317603425e+00,0.0000000000000000e+00,2.0727284425129323e+01,4.5527227485461186e+00,2.1783982317603425e+00,2.1739689369131634e+00,0.0000000000000000e+00,0.0000000000000000e+00,3.1415926535897931e+00,0.0000000000000000e+00,3.9764193868168157e-01,2.7374689165947026e+00,1.1815042894585117e-02,1.6674273960370105e+00,3.1573639307447139e+00
max_c_e_gamma_mixing_angles_polarization_05_local_minimum_371,C_e_gamma,polarization_cluster_05_local_minimum_371,8.2080940380802514e-01,2.8988704476074383e+00,p,2.3717636594181526e+00,0.0000000000000000e+00,0.0000000000000000e+00,2.1783982317603425e+00,2.1783982317603425e+00,0.0000000000000000e+00,2.0727284425129323e+01,4.5527227485461186e+00,2.1783982317603425e+00,2.1739689369131634e+00,0.0000000000000000e+00,0.0000000000000000e+00,3.1415926535897931e+00,0.0000000000000000e+00,3.9764193868168157e-01,2.7374689165947026e+00,1.1815042894585117e-02,1.6674273960370105e+00,3.1573639307447139e+00
max_c_e_gamma_mixing_angles_polarization_05_local_minimum_371,C_e_gamma,polarization_cluster_05_local_minimum_371,8.2080940380802514e-01,2.8988704476074383e+00,kp,5.1759922786233614e-01,-1.8622760965796281e-01,3.9370757688212896e-04,-4.7123708551621113e-01,5.0670037336712859e-01,3.1394785364025108e+00,2.0727284425129323e+01,4.5527227485461186e+00,2.1783982317603425e+00,2.1739689369131634e+00,0.0000000000000000e+00,0.0000000000000000e+00,3.1415926535897931e+00,0.0000000000000000e+00,3.9764193868168157e-01,2.7374689165947026e+00,1.1815042894585117e-02,1.6674273960370105e+00,3.1573639307447139e+00
max_c_e_gamma_mixing_angles_polarization_05_local_minimum_371,C_e_gamma,polarization_cluster_05_local_minimum_371,8.2080940380802514e-01,2.8988704476074383e+00,pp,2.3676961246459287e+00,8.4180058831022175e-01,9.9463728859782441e-03,2.0043487166285030e+00,2.1739689369131630e+00,1.1815042894585119e-02,2.0727284425129323e+01,4.5527227485461186e+00,2.1783982317603425e+00,2.1739689369131634e+00,0.0000000000000000e+00,0.0000000000000000e+00,3.1415926535897931e+00,0.0000000000000000e+00,3.9764193868168157e-01,2.7374689165947026e+00,1.1815042894585117e-02,1.6674273960370105e+00,3.1573639307447139e+00
max_c_e_gamma_mixing_angles_polarization_05_local_minimum_371,C_e_gamma,polarization_cluster_05_local_minimum_371,8.2080940380802514e-01,2.8988704476074383e+00,qout,1.6674273960370105e+00,-6.5557297865225894e-01,-1.0340080462860373e-02,-1.5331116311122919e+00,1.6674273960370107e+00,3.1573639307447134e+00,2.0727284425129323e+01,4.5527227485461186e+00,2.1783982317603425e+00,2.1739689369131634e+00,0.0000000000000000e+00,0.0000000000000000e+00,3.1415926535897931e+00,0.0000000000000000e+00,3.9764193868168157e-01,2.7374689165947026e+00,1.1815042894585117e-02,1.6674273960370105e+00,3.1573639307447139e+00
max_c_e_gamma_mixing_angles_polarization_05_local_minimum_373,C_e_gamma,polarization_cluster_05_local_minimum_373,8.1744209767196141e-01,3.1305184193524007e+00,k,1.9724831513802672e+00,0.0000000000000000e+00,0.0000000000000000e+00,-1.9696512610525070e+00,1.9696512610525070e+00,0.0000000000000000e+00,1.7256390700783797e+01,4.1540812101815972e+00,1.9696512610525070e+00,1.9542528759132791e+00,0.0000000000000000e+00,0.0000000000000000e+00,3.1415926535897931e+00,0.0000000000000000e+00,2.9942185013619640e-02,3.0944542694883626e+00,4.3616444290564527e+00,1.5235581173780552e+00,4.5464922647468660e+00
max_c_e_gamma_mixing_angles_polarization_05_local_minimum_373,C_e_gamma,polarization_cluster_05_local_minimum_373,8.1744209767196141e-01,3.1305184193524007e+00,p,2.1815980588013302e+00,0.0000000000000000e+00,0.0000000000000000e+00,1.9696512610525070e+00,1.9696512610525070e+00,0.0000000000000000e+00,1.7256390700783797e+01,4.1540812101815972e+00,1.9696512610525070e+00,1.9542528759132791e+00,0.0000000000000000e+00,0.0000000000000000e+00,3.1415926535897931e+00,0.0000000000000000e+00,2.9942185013619640e-02,3.0944542694883626e+00,4.3616444290564527e+00,1.5235581173780552e+00,4.5464922647468660e+00
max_c_e_gamma_mixing_angles_polarization_05_local_minimum_373,C_e_gamma,polarization_cluster_05_local_minimum_373,8.1744209767196141e-01,3.1305184193524007e+00,kp,4.6281732332877262e-01,3.1957858934905631e-02,1.2574967962844283e-01,-4.3151117689528196e-01,4.5059536444565279e-01,1.3219262345488068e+00,1.7256390700783797e+01,4.1540812101815972e+00,1.9696512610525070e+00,1.9542528759132791e+00,0.0000000000000000e+00,0.0000000000000000e+00,3.1415926535897931e+00,0.0000000000000000e+00,2.9942185013619640e-02,3.0944542694883626e+00,4.3616444290564527e+00,1.5235581173780552e+00,4.5464922647468660e+00
max_c_e_gamma_mixing_angles_polarization_05_local_minimum_373,C_e_gamma,polarization_cluster_05_local_minimum_373,8.1744209767196141e-01,3.1305184193524007e+00,pp,2.1677057694750279e+00,-2.0102444579075767e-02,-5.4943854638587093e-02,1.9533769138532178e+00,1.9542528759132791e+00,4.3616444290564527e+00,1.7256390700783797e+01,4.1540812101815972e+00,1.9696512610525070e+00,1.9542528759132791e+00,0.0000000000000000e+00,0.0000000000000000e+00,3.1415926535897931e+00,0.0000000000000000e+00,2.9942185013619640e-02,3.0944542694883626e+00,4.3616444290564527e+00,1.5235581173780552e+00,4.5464922647468660e+00
max_c_e_gamma_mixing_angles_polarization_05_local_minimum_373,C_e_gamma,polarization_cluster_05_local_minimum_373,8.1744209767196141e-01,3.1305184193524007e+00,qout,1.5235581173780552e+00,-1.1855414355829862e-02,-7.0805824989855728e-02,-1.5218657369579358e+00,1.5235581173780550e+00,4.5464922647468660e+00,1.7256390700783797e+01,4.1540812101815972e+00,1.9696512610525070e+00,1.9542528759132791e+00,0.0000000000000000e+00,0.0000000000000000e+00,3.1415926535897931e+00,0.0000000000000000e+00,2.9942185013619640e-02,3.0944542694883626e+00,4.3616444290564527e+00,1.5235581173780552e+00,4.5464922647468660e+00
max_c_e_gamma_mixing_angles_polarization_05_local_minimum_375,C_e_gamma,polarization_cluster_05_local_minimum_375,8.0754156324005599e-01,3.1024425489418537e+00,k,1.5316930267776199e+00,0.0000000000000000e+00,0.0000000000000000e+00,-1.5280444482952344e+00,1.5280444482952344e+00,0.0000000000000000e+00,1.1053425805329800e+01,3.3246692775868398e+00,1.5280444482952344e+00,1.5189912928541942e+00,0.0000000000000000e+00,0.0000000000000000e+00,3.1415926535897931e+00,0.0000000000000000e+00,9.4454767335067996e-02,3.0069519969799554e+00,6.4263404162256632e-01,1.1822744343895295e+00,3.8500731650773981e+00
max_c_e_gamma_mixing_angles_polarization_05_local_minimum_375,C_e_gamma,polarization_cluster_05_local_minimum_375,8.0754156324005599e-01,3.1024425489418537e+00,p,1.7929762508092200e+00,0.0000000000000000e+00,0.0000000000000000e+00,1.5280444482952344e+00,1.5280444482952344e+00,0.0000000000000000e+00,1.1053425805329800e+01,3.3246692775868398e+00,1.5280444482952344e+00,1.5189912928541942e+00,0.0000000000000000e+00,0.0000000000000000e+00,3.1415926535897931e+00,0.0000000000000000e+00,9.4454767335067996e-02,3.0069519969799554e+00,6.4263404162256632e-01,1.1822744343895295e+00,3.8500731650773981e+00
max_c_e_gamma_mixing_angles_polarization_05_local_minimum_375,C_e_gamma,polarization_cluster_05_local_minimum_375,8.0754156324005599e-01,3.1024425489418537e+00,kp,3.5712776296441168e-01,5.8256979840111134e-03,1.7405903941619658e-02,-3.4064591956698997e-01,3.4114006913094508e-01,1.2478192770053878e+00,1.1053425805329800e+01,3.3246692775868398e+00,1.5280444482952344e+00,1.5189912928541942e+00,0.0000000000000000e+00,0.0000000000000000e+00,3.1415926535897931e+00,0.0000000000000000e+00,9.4454767335067996e-02,3.0069519969799554e+00,6.4263404162256632e-01,1.1822744343895295e+00,3.8500731650773981e+00
max_c_e_gamma_mixing_angles_polarization_05_local_minimum_375,C_e_gamma,polarization_cluster_05_local_minimum_375,8.0754156324005599e-01,3.1024425489418537e+00,pp,1.7852670802338948e+00,1.1468466605699584e-01,8.5858226557724196e-02,1.5122203344984533e+00,1.5189912928541940e+00,6.4263404162256632e-01,1.1053425805329800e+01,3.3246692775868398e+00,1.5280444482952344e+00,1.5189912928541942e+00,0.0000000000000000e+00,0.0000000000000000e+00,3.1415926535897931e+00,0.0000000000000000e+00,9.4454767335067996e-02,3.0069519969799554e+00,6.4263404162256632e-01,1.1822744343895295e+00,3.8500731650773981e+00
max_c_e_gamma_mixing_angles_polarization_05_local_minimum_375,C_e_gamma,polarization_cluster_05_local_minimum_375,8.0754156324005599e-01,3.1024425489418537e+00,qout,1.1822744343895295e+00,-1.2051036404100696e-01,-1.0326413049934385e-01,-1.1715744149314633e+00,1.1822744343895295e+00,3.8500731650773976e+00,1.1053425805329800e+01,3.3246692775868398e+00,1.5280444482952344e+00,1.5189912928541942e+00,0.0000000000000000e+00,0.0000000000000000e+00,3.1415926535897931e+00,0.0000000000000000e+00,9.4454767335067996e-02,3.0069519969799554e+00,6.4263404162256632e-01,1.1822744343895295e+00,3.8500731650773981e+00
max_c_e_gamma_mixing_angles_polarization_05_local_minimum_380,C_e_gamma,polarization_cluster_05_local_minimum_380,2.2850581137682275e+00,2.9788689213440902e+00,k,1.7229181980787829e+00,0.0000000000000000e+00,0.0000000000000000e+00,-1.7196753835993992e+00,1.7196753835993992e+00,0.0000000000000000e+00,1.3555481161795440e+01,3.6817769027733664e+00,1.7196753835993992e+00,1.5604985585698721e+00,0.0000000000000000e+00,0.0000000000000000e+00,3.1415926535897931e+00,0.0000000000000000e+00,4.3158041825664883e-01,3.1221703703510908e+00,6.2810941308580350e+00,1.1794224563148910e+00,3.1445030402826588e+00
max_c_e_gamma_mixing_angles_polarization_05_local_minimum_380,C_e_gamma,polarization_cluster_05_local_minimum_380,2.2850581137682275e+00,2.9788689213440902e+00,p,1.9588587046945833e+00,0.0000000000000000e+00,0.0000000000000000e+00,1.7196753835993992e+00,1.7196753835993992e+00,0.0000000000000000e+00,1.3555481161795440e+01,3.6817769027733664e+00,1.7196753835993992e+00,1.5604985585698721e+00,0.0000000000000000e+00,0.0000000000000000e+00,3.1415926535897931e+00,0.0000000000000000e+00,4.3158041825664883e-01,3.1221703703510908e+00,6.2810941308580350e+00,1.1794224563148910e+00,3.1445030402826588e+00
max_c_e_gamma_mixing_angles_polarization_05_local_minimum_380,C_e_gamma,polarization_cluster_05_local_minimum_380,2.2850581137682275e+00,2.9788689213440902e+00,kp,6.8164036915364923e-01,-6.2986023389911205e-01,1.4317144859016780e-03,-2.3820985809325967e-01,6.7340173785536384e-01,3.1393195905465268e+00,1.3555481161795440e+01,3.6817769027733664e+00,1.7196753835993992e+00,1.5604985585698721e+00,0.0000000000000000e+00,0.0000000000000000e+00,3.1415926535897931e+00,0.0000000000000000e+00,4.3158041825664883e-01,3.1221703703510908e+00,6.2810941308580350e+00,1.1794224563148910e+00,3.1445030402826588e+00
max_c_e_gamma_mixing_angles_polarization_05_local_minimum_380,C_e_gamma,polarization_cluster_05_local_minimum_380,2.2850581137682275e+00,2.9788689213440902e+00,pp,1.8207140773055632e+00,6.5276577373423983e-01,-1.3650503193495570e-03,1.4174098675321170e+00,1.5604985585698721e+00,6.2810941308580350e+00,1.3555481161795440e+01,3.6817769027733664e+00,1.7196753835993992e+00,1.5604985585698721e+00,0.0000000000000000e+00,0.0000000000000000e+00,3.1415926535897931e+00,0.0000000000000000e+00,4.3158041825664883e-01,3.1221703703510908e+00,6.2810941308580350e+00,1.1794224563148910e+00,3.1445030402826588e+00
max_c_e_gamma_mixing_angles_polarization_05_local_minimum_380,C_e_gamma,polarization_cluster_05_local_minimum_380,2.2850581137682275e+00,2.9788689213440902e+00,qout,1.1794224563148910e+00,-2.2905539835127751e-02,-6.6664166552121050e-05,-1.1792000094388573e+00,1.1794224563148910e+00,3.1445030402826584e+00,1.3555481161795440e+01,3.6817769027733664e+00,1.7196753835993992e+00,1.5604985585698721e+00,0.0000000000000000e+00,0.0000000000000000e+00,3.1415926535897931e+00,0.0000000000000000e+00,4.3158041825664883e-01,3.1221703703510908e+00,6.2810941308580350e+00,1.1794224563148910e+00,3.1445030402826588e+00
max_c_e_gamma_mixing_angles_polarization_05_local_minimum_385,C_e_gamma,polarization_cluster_05_local_minimum_385,1.5351782984113409e+00,3.0935048340771800e+00,k,2.4131319692313298e+00,0.0000000000000000e+00,0.0000000000000000e+00,-2.4108177468678500e+00,2.4108177468678500e+00,0.0000000000000000e+00,2.5000000000000000e+01,5.0000000000000000e+00,2.4108177468678500e+00,1.2560045905104289e+00,0.0000000000000000e+00,0.0000000000000000e+00,3.1415926535897931e+00,0.0000000000000000e+00,2.5769477861546943e+00,2.1810478164641940e+00,6.2826291309435653e+00,1.4013556319799829e+00,3.8890552084292427e+00
max_c_e_gamma_mixing_angles_polarization_05_local_minimum_385,C_e_gamma,polarization_cluster_05_local_minimum_385,1.5351782984113409e+00,3.0935048340771800e+00,p,2.5868680307686698e+00,0.0000000000000000e+00,0.0000000000000000e+00,2.4108177468678500e+00,2.4108177468678500e+00,0.0000000000000000e+00,2.5000000000000000e+01,5.0000000000000000e+00,2.4108177468678500e+00,1.2560045905104289e+00,0.0000000000000000e+00,0.0000000000000000e+00,3.1415926535897931e+00,0.0000000000000000e+00,2.5769477861546943e+00,2.1810478164641940e+00,6.2826291309435653e+00,1.4013556319799829e+00,3.8890552084292427e+00
max_c_e_gamma_mixing_angles_polarization_05_local_minimum_385,C_e_gamma,polarization_cluster_05_local_minimum_385,1.5351782984113409e+00,3.0935048340771800e+00,kp,2.0310374238587423e+00,1.7015929177039191e-01,7.8104427476297833e-01,1.8641257954026678e+00,2.0282872885273076e+00,1.3562869363776211e+00,2.5000000000000000e+01,5.0000000000000000e+00,2.4108177468678500e+00,1.2560045905104289e+00,0.0000000000000000e+00,0.0000000000000000e+00,3.1415926535897931e+00,0.0000000000000000e+00,2.5769477861546943e+00,2.1810478164641940e+00,6.2826291309435653e+00,1.4013556319799829e+00,3.8890552084292427e+00
max_c_e_gamma_mixing_angles_polarization_05_local_minimum_385,C_e_gamma,polarization_cluster_05_local_minimum_385,1.5351782984113409e+00,3.0935048340771800e+00,pp,1.5676069441614726e+00,6.7210784922368694e-01,-3.7381045232533634e-04,-1.0610459135498924e+00,1.2560045905104289e+00,6.2826291309435653e+00,2.5000000000000000e+01,5.0000000000000000e+00,2.4108177468678500e+00,1.2560045905104289e+00,0.0000000000000000e+00,0.0000000000000000e+00,3.1415926535897931e+00,0.0000000000000000e+00,2.5769477861546943e+00,2.1810478164641940e+00,6.2826291309435653e+00,1.4013556319799829e+00,3.8890552084292427e+00
max_c_e_gamma_mixing_angles_polarization_05_local_minimum_385,C_e_gamma,polarization_cluster_05_local_minimum_385,1.5351782984113409e+00,3.0935048340771800e+00,qout,1.4013556319799829e+00,-8.4226714099407884e-01,-7.8067046431065301e-01,-8.0307988185277523e-01,1.4013556319799829e+00,3.8890552084292422e+00,2.5000000000000000e+01,5.0000000000000000e+00,2.4108177468678500e+00,1.2560045905104289e+00,0.0000000000000000e+00,0.0000000000000000e+00,3.1415926535897931e+00,0.0000000000000000e+00,2.5769477861546943e+00,2.1810478164641940e+00,6.2826291309435653e+00,1.4013556319799829e+00,3.8890552084292427e+00
max_c_e_gamma_mixing_angles_polarization_05_local_minimum_387,C_e_gamma,polarization_cluster_05_local_minimum_387,2.1596464243699427e+00,2.9415214586620668e+00,k,1.1809499677305078e+00,0.0000000000000000e+00,0.0000000000000000e+00,-1.1762138980514507e+00,1.1762138980514507e+00,0.0000000000000000e+00,7.2112896845136616e+00,2.6853844574871699e+00,1.1762138980514507e+00,1.1724396567489572e+00,0.0000000000000000e+00,0.0000000000000000e+00,3.1415926535897931e+00,0.0000000000000000e+00,9.8824766178478363e-01,2.1466323837581216e+00,0.0000000000000000e+00,6.8947757914259233e-01,3.1415634930438658e+00
max_c_e_gamma_mixing_angles_polarization_05_local_minimum_387,C_e_gamma,polarization_cluster_05_local_minimum_387,2.1596464243699427e+00,2.9415214586620668e+00,p,1.5044344897566622e+00,0.0000000000000000e+00,0.0000000000000000e+00,1.1762138980514507e+00,1.1762138980514507e+00,0.0000000000000000e+00,7.2112896845136616e+00,2.6853844574871699e+00,1.1762138980514507e+00,1.1724396567489572e+00,0.0000000000000000e+00,0.0000000000000000e+00,3.1415926535897931e+00,0.0000000000000000e+00,9.8824766178478363e-01,2.1466323837581216e+00,0.0000000000000000e+00,6.8947757914259233e-01,3.1415634930438658e+00
max_c_e_gamma_mixing_angles_polarization_05_local_minimum_387,C_e_gamma,polarization_cluster_05_local_minimum_387,2.1596464243699427e+00,2.9415214586620668e+00,kp,4.9442136435692957e-01,-4.0077063260262746e-01,-1.6863269173183344e-05,-2.6957687767720112e-01,4.8299978594122450e-01,3.1416347306977230e+00,7.2112896845136616e+00,2.6853844574871699e+00,1.1762138980514507e+00,1.1724396567489572e+00,0.0000000000000000e+00,0.0000000000000000e+00,3.1415926535897931e+00,0.0000000000000000e+00,9.8824766178478363e-01,2.1466323837581216e+00,0.0000000000000000e+00,6.8947757914259233e-01,3.1415634930438658e+00
max_c_e_gamma_mixing_angles_polarization_05_local_minimum_387,C_e_gamma,polarization_cluster_05_local_minimum_387,2.1596464243699427e+00,2.9415214586620668e+00,pp,1.5014855139886008e+00,9.7906121777851418e-01,0.0000000000000000e+00,6.4502238764221631e-01,1.1724396567489572e+00,0.0000000000000000e+00,7.2112896845136616e+00,2.6853844574871699e+00,1.1762138980514507e+00,1.1724396567489572e+00,0.0000000000000000e+00,0.0000000000000000e+00,3.1415926535897931e+00,0.0000000000000000e+00,9.8824766178478363e-01,2.1466323837581216e+00,0.0000000000000000e+00,6.8947757914259233e-01,3.1415634930438658e+00
max_c_e_gamma_mixing_angles_polarization_05_local_minimum_387,C_e_gamma,polarization_cluster_05_local_minimum_387,2.1596464243699427e+00,2.9415214586620668e+00,qout,6.8947757914259233e-01,-5.7829058517588672e-01,1.6863269173183344e-05,-3.7544550996501519e-01,6.8947757914259233e-01,3.1415634930438658e+00,7.2112896845136616e+00,2.6853844574871699e+00,1.1762138980514507e+00,1.1724396567489572e+00,0.0000000000000000e+00,0.0000000000000000e+00,3.1415926535897931e+00,0.0000000000000000e+00,9.8824766178478363e-01,2.1466323837581216e+00,0.0000000000000000e+00,6.8947757914259233e-01,3.1415634930438658e+00
max_c_e_gamma_mixing_angles_polarization_05_local_minimum_396,C_e_gamma,polarization_cluster_05_local_minimum_396,8.0541009565963306e-01,3.0958847084400247e+00,k,1.7166453738939322e+00,0.0000000000000000e+00,0.0000000000000000e+00,-1.7133906873209448e+00,1.7133906873209448e+00,0.0000000000000000e+00,1.3468819872145936e+01,3.6699890833823927e+00,1.7133906873209448e+00,1.7051237635584067e+00,0.0000000000000000e+00,0.0000000000000000e+00,3.1415926535897931e+00,0.0000000000000000e+00,9.2260483601154492e-02,3.0151665012742805e+00,5.5725908158749062e+00,1.3435822717437262e+00,2.3741055143284493e+00
max_c_e_gamma_mixing_angles_polarization_05_local_minimum_396,C_e_gamma,polarization_cluster_05_local_minimum_396,8.0541009565963306e-01,3.0958847084400247e+00,p,1.9533437094884607e+00,0.0000000000000000e+00,0.0000000000000000e+00,1.7133906873209448e+00,1.7133906873209448e+00,0.0000000000000000e+00,1.3468819872145936e+01,3.6699890833823927e+00,1.7133906873209448e+00,1.7051237635584067e+00,0.0000000000000000e+00,0.0000000000000000e+00,3.1415926535897931e+00,0.0000000000000000e+00,9.2260483601154492e-02,3.0151665012742805e+00,5.5725908158749062e+00,1.3435822717437262e+00,2.3741055143284493e+00
max_c_e_gamma_mixing_angles_polarization_05_local_minimum_396,C_e_gamma,polarization_cluster_05_local_minimum_396,8.0541009565963306e-01,3.0958847084400247e+00,kp,3.8031044993184099e-01,2.8464633591585853e-03,-1.5158550612419969e-02,-3.6501296141881867e-01,3.6533867303374867e-01,4.8980068162065429e+00,1.3468819872145936e+01,3.6699890833823927e+00,1.7133906873209448e+00,1.7051237635584067e+00,0.0000000000000000e+00,0.0000000000000000e+00,3.1415926535897931e+00,0.0000000000000000e+00,9.2260483601154492e-02,3.0151665012742805e+00,5.5725908158749062e+00,1.3435822717437262e+00,2.3741055143284493e+00
max_c_e_gamma_mixing_angles_polarization_05_local_minimum_396,C_e_gamma,polarization_cluster_05_local_minimum_396,8.0541009565963306e-01,3.0958847084400247e+00,pp,1.9460963617076068e+00,1.1907203661499156e-01,-1.0246897583600638e-01,1.6978719056922591e+00,1.7051237635584069e+00,5.5725908158749062e+00,1.3468819872145936e+01,3.6699890833823927e+00,1.7133906873209448e+00,1.7051237635584067e+00,0.0000000000000000e+00,0.0000000000000000e+00,3.1415926535897931e+00,0.0000000000000000e+00,9.2260483601154492e-02,3.0151665012742805e+00,5.5725908158749062e+00,1.3435822717437262e+00,2.3741055143284493e+00
max_c_e_gamma_mixing_angles_polarization_05_local_minimum_396,C_e_gamma,polarization_cluster_05_local_minimum_396,8.0541009565963306e-01,3.0958847084400247e+00,qout,1.3435822717437262e+00,-1.2191849997415015e-01,1.1762752644842635e-01,-1.3328589442734404e+00,1.3435822717437262e+00,2.3741055143284493e+00,1.3468819872145936e+01,3.6699890833823927e+00,1.7133906873209448e+00,1.7051237635584067e+00,0.0000000000000000e+00,0.0000000000000000e+00,3.1415926535897931e+00,0.0000000000000000e+00,9.2260483601154492e-02,3.0151665012742805e+00,5.5725908158749062e+00,1.3435822717437262e+00,2.3741055143284493e+00
max_c_e_gamma_mixing_angles_polarization_05_local_minimum_403,C_e_gamma,polarization_cluster_05_local_minimum_403,8.0907248174791258e-01,3.1241279539346429e+00,k,1.9815132282576788e+00,0.0000000000000000e+00,0.0000000000000000e+00,-1.9786942617410272e+00,1.9786942617410272e+00,0.0000000000000000e+00,1.7399570108055830e+01,4.1712791932518529e+00,1.9786942617410272e+00,1.9702824196320863e+00,0.0000000000000000e+00,0.0000000000000000e+00,3.1415926535897931e+00,0.0000000000000000e+00,7.2160087403845122e-02,3.0366208589954207e+00,5.0736862783755940e+00,1.5917798932288318e+00,1.8784512150326462e+00
max_c_e_gamma_mixing_angles_polarization_05_local_minimum_403,C_e_gamma,polarization_cluster_05_local_minimum_403,8.0907248174791258e-01,3.1241279539346429e+00,p,2.1897659649941743e+00,0.0000000000000000e+00,0.0000000000000000e+00,1.9786942617410272e+00,1.9786942617410272e+00,0.0000000000000000e+00,1.7399570108055830e+01,4.1712791932518529e+00,1.9786942617410272e+00,1.9702824196320863e+00,0.0000000000000000e+00,0.0000000000000000e+00,3.1415926535897931e+00,0.0000000000000000e+00,7.2160087403845122e-02,3.0366208589954207e+00,5.0736862783755940e+00,1.5917798932288318e+00,1.8784512150326462e+00
max_c_e_gamma_mixing_angles_polarization_05_local_minimum_403,C_e_gamma,polarization_cluster_05_local_minimum_403,8.0907248174791258e-01,3.1241279539346429e+00,kp,3.9733138413930003e-01,2.9284038030426285e-04,-2.6072758885601566e-02,-3.8213696758800753e-01,3.8302550373147870e-01,4.7236201687895463e+00,1.7399570108055830e+01,4.1712791932518529e+00,1.9786942617410272e+00,1.9702824196320863e+00,0.0000000000000000e+00,0.0000000000000000e+00,3.1415926535897931e+00,0.0000000000000000e+00,7.2160087403845122e-02,3.0366208589954207e+00,5.0736862783755940e+00,1.5917798932288318e+00,1.8784512150326462e+00
max_c_e_gamma_mixing_angles_polarization_05_local_minimum_403,C_e_gamma,polarization_cluster_05_local_minimum_403,8.0907248174791258e-01,3.1241279539346429e+00,pp,2.1821679158834844e+00,5.0213828168792468e-02,-1.3288135670643966e-01,1.9651549378132400e+00,1.9702824196320863e+00,5.0736862783755940e+00,1.7399570108055830e+01,4.1712791932518529e+00,1.9786942617410272e+00,1.9702824196320863e+00,0.0000000000000000e+00,0.0000000000000000e+00,3.1415926535897931e+00,0.0000000000000000e+00,7.2160087403845122e-02,3.0366208589954207e+00,5.0736862783755940e+00,1.5917798932288318e+00,1.8784512150326462e+00
max_c_e_gamma_mixing_angles_polarization_05_local_minimum_403,C_e_gamma,polarization_cluster_05_local_minimum_403,8.0907248174791258e-01,3.1241279539346429e+00,qout,1.5917798932288318e+00,-5.0506668549096731e-02,1.5895411559204123e-01,-1.5830179702252325e+00,1.5917798932288318e+00,1.8784512150326462e+00,1.7399570108055830e+01,4.1712791932518529e+00,1.9786942617410272e+00,1.9702824196320863e+00,0.0000000000000000e+00,0.0000000000000000e+00,3.1415926535897931e+00,0.0000000000000000e+00,7.2160087403845122e-02,3.0366208589954207e+00,5.0736862783755940e+00,1.5917798932288318e+00,1.8784512150326462e+00
max_c_e_gamma_mixing_angles_polarization_05_local_minimum_410,C_e_gamma,polarization_cluster_05_local_minimum_410,2.3656058913924238e+00,3.0144323770058419e+00,k,2.3611125749956292e+00,0.0000000000000000e+00,0.0000000000000000e+00,-2.3587473157354504e+00,2.3587473157354504e+00,0.0000000000000000e+00,2.4005336076837938e+01,4.8995240663597048e+00,2.3587473157354504e+00,2.3523725451876318e+00,0.0000000000000000e+00,0.0000000000000000e+00,3.1415926535897931e+00,0.0000000000000000e+00,1.4395404754434735e-01,2.9891714064307915e+00,5.9702451277862991e+00,1.9676365082582774e+00,2.8243693644469090e+00
max_c_e_gamma_mixing_angles_polarization_05_local_minimum_410,C_e_gamma,polarization_cluster_05_local_minimum_410,2.3656058913924238e+00,3.0144323770058419e+00,p,2.5384114913640761e+00,0.0000000000000000e+00,0.0000000000000000e+00,2.3587473157354504e+00,2.3587473157354504e+00,0.0000000000000000e+00,2.4005336076837938e+01,4.8995240663597048e+00,2.3587473157354504e+00,2.3523725451876318e+00,0.0000000000000000e+00,0.0000000000000000e+00,3.1415926535897931e+00,0.0000000000000000e+00,1.4395404754434735e-01,2.9891714064307915e+00,5.9702451277862991e+00,1.9676365082582774e+00,2.8243693644469090e+00
max_c_e_gamma_mixing_angles_polarization_05_local_minimum_410,C_e_gamma,polarization_cluster_05_local_minimum_410,2.3656058913924238e+00,3.0144323770058419e+00,kp,3.9939854699943100e-01,-3.7231712592346422e-02,1.0702264299863748e-02,-3.8321634640011704e-01,3.8516945236085082e-01,2.8616888031367340e+00,2.4005336076837938e+01,4.8995240663597048e+00,2.3587473157354504e+00,2.3523725451876318e+00,0.0000000000000000e+00,0.0000000000000000e+00,3.1415926535897931e+00,0.0000000000000000e+00,1.4395404754434735e-01,2.9891714064307915e+00,5.9702451277862991e+00,1.9676365082582774e+00,2.8243693644469090e+00
max_c_e_gamma_mixing_angles_polarization_05_local_minimum_410,C_e_gamma,polarization_cluster_05_local_minimum_410,2.3656058913924238e+00,3.0144323770058419e+00,pp,2.5324890111020300e+00,3.2107535848496105e-01,-1.0389113746572193e-01,2.3280407722121983e+00,2.3523725451876318e+00,5.9702451277862991e+00,2.4005336076837938e+01,4.8995240663597048e+00,2.3587473157354504e+00,2.3523725451876318e+00,0.0000000000000000e+00,0.0000000000000000e+00,3.1415926535897931e+00,0.0000000000000000e+00,1.4395404754434735e-01,2.9891714064307915e+00,5.9702451277862991e+00,1.9676365082582774e+00,2.8243693644469090e+00
max_c_e_gamma_mixing_angles_polarization_05_local_minimum_410,C_e_gamma,polarization_cluster_05_local_minimum_410,2.3656058913924238e+00,3.0144323770058419e+00,qout,1.9676365082582774e+00,-2.8384364589261463e-01,9.3188873165858180e-02,-1.9448244258120813e+00,1.9676365082582774e+00,2.8243693644469090e+00,2.4005336076837938e+01,4.8995240663597048e+00,2.3587473157354504e+00,2.3523725451876318e+00,0.0000000000000000e+00,0.0000000000000000e+00,3.1415926535897931e+00,0.0000000000000000e+00,1.4395404754434735e-01,2.9891714064307915e+00,5.9702451277862991e+00,1.9676365082582774e+00,2.8243693644469090e+00
max_c_e_gamma_mixing_angles_polarization_05_local_minimum_411,C_e_gamma,polarization_cluster_05_local_minimum_411,8.2197879923684791e-01,2.9239330156368419e+00,k,1.8956999036805735e+00,0.0000000000000000e+00,0.0000000000000000e+00,-1.8927531356469169e+00,1.8927531356469169e+00,0.0000000000000000e+00,1.6065101392603687e+01,4.0081294131556788e+00,1.8927531356469169e+00,1.8859531424494413e+00,0.0000000000000000e+00,0.0000000000000000e+00,3.1415926535897931e+00,0.0000000000000000e+00,3.7102989837902545e-01,2.7617174527834747e+00,1.6839752781260653e-02,1.5332438923962597e+00,3.1676345849092216e+00
max_c_e_gamma_mixing_angles_polarization_05_local_minimum_411,C_e_gamma,polarization_cluster_05_local_minimum_411,8.2197879923684791e-01,2.9239330156368419e+00,p,2.1124295094751058e+00,0.0000000000000000e+00,0.0000000000000000e+00,1.8927531356469169e+00,1.8927531356469169e+00,0.0000000000000000e+00,1.6065101392603687e+01,4.0081294131556788e+00,1.8927531356469169e+00,1.8859531424494413e+00,0.0000000000000000e+00,0.0000000000000000e+00,3.1415926535897931e+00,0.0000000000000000e+00,3.7102989837902545e-01,2.7617174527834747e+00,1.6839752781260653e-02,1.5332438923962597e+00,3.1676345849092216e+00
max_c_e_gamma_mixing_angles_polarization_05_local_minimum_411,C_e_gamma,polarization_cluster_05_local_minimum_411,8.2197879923684791e-01,2.9239330156368419e+00,kp,3.6854669342991470e-01,-1.1536227397075083e-01,3.2895621354558993e-03,-3.3368203045725875e-01,3.5307644062557408e-01,3.1130853186827467e+00,1.6065101392603687e+01,4.0081294131556788e+00,1.8927531356469169e+00,1.8859531424494413e+00,0.0000000000000000e+00,0.0000000000000000e+00,3.1415926535897931e+00,0.0000000000000000e+00,3.7102989837902545e-01,2.7617174527834747e+00,1.6839752781260653e-02,1.5332438923962597e+00,3.1676345849092216e+00
max_c_e_gamma_mixing_angles_polarization_05_local_minimum_411,C_e_gamma,polarization_cluster_05_local_minimum_411,8.2197879923684791e-01,2.9239330156368419e+00,pp,2.1063388273292887e+00,6.8370334221687135e-01,1.1514483694529159e-02,1.7576223746930542e+00,1.8859531424494413e+00,1.6839752781260653e-02,1.6065101392603687e+01,4.0081294131556788e+00,1.8927531356469169e+00,1.8859531424494413e+00,0.0000000000000000e+00,0.0000000000000000e+00,3.1415926535897931e+00,0.0000000000000000e+00,3.7102989837902545e-01,2.7617174527834747e+00,1.6839752781260653e-02,1.5332438923962597e+00,3.1676345849092216e+00
max_c_e_gamma_mixing_angles_polarization_05_local_minimum_411,C_e_gamma,polarization_cluster_05_local_minimum_411,8.2197879923684791e-01,2.9239330156368419e+00,qout,1.5332438923962597e+00,-5.6834106824612052e-01,-1.4804045829985058e-02,-1.4239403442357954e+00,1.5332438923962597e+00,3.1676345849092211e+00,1.6065101392603687e+01,4.0081294131556788e+00,1.8927531356469169e+00,1.8859531424494413e+00,0.0000000000000000e+00,0.0000000000000000e+00,3.1415926535897931e+00,0.0000000000000000e+00,3.7102989837902545e-01,2.7617174527834747e+00,1.6839752781260653e-02,1.5332438923962597e+00,3.1676345849092216e+00
max_c_e_gamma_mixing_angles_polarization_05_local_minimum_415,C_e_gamma,polarization_cluster_05_local_minimum_415,2.3304419067341806e+00,3.0954974195852887e+00,k,2.3846821286433992e+00,0.0000000000000000e+00,0.0000000000000000e+00,-2.3823402700617549e+00,2.3823402700617549e+00,0.0000000000000000e+00,2.4453337036128946e+01,4.9450315505696167e+00,2.3823402700617549e+00,2.3760151279447328e+00,0.0000000000000000e+00,0.0000000000000000e+00,3.1415926535897931e+00,0.0000000000000000e+00,8.1263499462273042e-02,3.0369005239073932e+00,9.4241120249954868e-01,1.9135444826874513e+00,4.0666197957555710e+00
max_c_e_gamma_mixing_angles_polarization_05_local_minimum_415,C_e_gamma,polarization_cluster_05_local_minimum_415,2.3304419067341806e+00,3.0954974195852887e+00,p,2.5603494219262175e+00,0.0000000000000000e+00,0.0000000000000000e+00,2.3823402700617549e+00,2.3823402700617549e+00,0.0000000000000000e+00,2.4453337036128946e+01,4.9450315505696167e+00,2.3823402700617549e+00,2.3760151279447328e+00,0.0000000000000000e+00,0.0000000000000000e+00,3.1415926535897931e+00,0.0000000000000000e+00,8.1263499462273042e-02,3.0369005239073932e+00,9.4241120249954868e-01,1.9135444826874513e+00,4.0666197957555710e+00
max_c_e_gamma_mixing_angles_polarization_05_local_minimum_415,C_e_gamma,polarization_cluster_05_local_minimum_415,2.3304419067341806e+00,3.0954974195852887e+00,kp,4.7702197941007046e-01,6.9658597365391539e-03,3.6730421099264443e-03,-4.6510672117998064e-01,4.6517338329595198e-01,4.8524207237837602e-01,2.4453337036128946e+01,4.9450315505696167e+00,2.3823402700617549e+00,2.3760151279447328e+00,0.0000000000000000e+00,0.0000000000000000e+00,3.1415926535897931e+00,0.0000000000000000e+00,8.1263499462273042e-02,3.0369005239073932e+00,9.4241120249954868e-01,1.9135444826874513e+00,4.0666197957555710e+00
max_c_e_gamma_mixing_angles_polarization_05_local_minimum_415,C_e_gamma,polarization_cluster_05_local_minimum_415,2.3304419067341806e+00,3.0954974195852887e+00,pp,2.5544650884719924e+00,1.1337703884371528e-01,1.5602825501003537e-01,2.3681741318838396e+00,2.3760151279447324e+00,9.4241120249954868e-01,2.4453337036128946e+01,4.9450315505696167e+00,2.3823402700617549e+00,2.3760151279447328e+00,0.0000000000000000e+00,0.0000000000000000e+00,3.1415926535897931e+00,0.0000000000000000e+00,8.1263499462273042e-02,3.0369005239073932e+00,9.4241120249954868e-01,1.9135444826874513e+00,4.0666197957555710e+00
max_c_e_gamma_mixing_angles_polarization_05_local_minimum_415,C_e_gamma,polarization_cluster_05_local_minimum_415,2.3304419067341806e+00,3.0954974195852887e+00,qout,1.9135444826874513e+00,-1.2034289858025443e-01,-1.5970129711996181e-01,-1.9030674107038590e+00,1.9135444826874515e+00,4.0666197957555710e+00,2.4453337036128946e+01,4.9450315505696167e+00,2.3823402700617549e+00,2.3760151279447328e+00,0.0000000000000000e+00,0.0000000000000000e+00,3.1415926535897931e+00,0.0000000000000000e+00,8.1263499462273042e-02,3.0369005239073932e+00,9.4241120249954868e-01,1.9135444826874513e+00,4.0666197957555710e+00
max_c_e_gamma_mixing_angles_polarization_05_local_minimum_416,C_e_gamma,polarization_cluster_05_local_minimum_416,2.3573857239429361e+00,2.9289203937338364e+00,k,1.9745215238138263e+00,0.0000000000000000e+00,0.0000000000000000e+00,-1.9716925611491198e+00,1.9716925611491198e+00,0.0000000000000000e+00,1.7288654168461843e+01,4.1579627425533587e+00,1.9716925611491198e+00,1.9711092675727397e+00,0.0000000000000000e+00,0.0000000000000000e+00,3.1415926535897931e+00,0.0000000000000000e+00,3.3551313415964396e-01,2.7984785103715812e+00,1.6698785947530773e-02,5.4807259461212099e-01,3.1582835322097669e+00
max_c_e_gamma_mixing_angles_polarization_05_local_minimum_416,C_e_gamma,polarization_cluster_05_local_minimum_416,2.3573857239429361e+00,2.9289203937338364e+00,p,2.1834412187395325e+00,0.0000000000000000e+00,0.0000000000000000e+00,1.9716925611491198e+00,1.9716925611491198e+00,0.0000000000000000e+00,1.7288654168461843e+01,4.1579627425533587e+00,1.9716925611491198e+00,1.9711092675727397e+00,0.0000000000000000e+00,0.0000000000000000e+00,3.1415926535897931e+00,0.0000000000000000e+00,3.3551313415964396e-01,2.7984785103715812e+00,1.6698785947530773e-02,5.4807259461212099e-01,3.1582835322097669e+00
max_c_e_gamma_mixing_angles_polarization_05_local_minimum_416,C_e_gamma,polarization_cluster_05_local_minimum_416,2.3573857239429361e+00,2.9289203937338364e+00,kp,1.4269756409775665e+00,-4.6454697018382551e-01,-7.7595497268695291e-03,-1.3450768340548809e+00,1.4230586030202823e+00,3.1582945775966360e+00,1.7288654168461843e+01,4.1579627425533587e+00,1.9716925611491198e+00,1.9711092675727397e+00,0.0000000000000000e+00,0.0000000000000000e+00,3.1415926535897931e+00,0.0000000000000000e+00,3.3551313415964396e-01,2.7984785103715812e+00,1.6698785947530773e-02,5.4807259461212099e-01,3.1582835322097669e+00
max_c_e_gamma_mixing_angles_polarization_05_local_minimum_416,C_e_gamma,polarization_cluster_05_local_minimum_416,2.3573857239429361e+00,2.9289203937338364e+00,pp,2.1829145069633720e+00,6.4890460607885125e-01,1.0836926426335724e-02,1.8612031372062598e+00,1.9711092675727397e+00,1.6698785947530777e-02,1.7288654168461843e+01,4.1579627425533587e+00,1.9716925611491198e+00,1.9711092675727397e+00,0.0000000000000000e+00,0.0000000000000000e+00,3.1415926535897931e+00,0.0000000000000000e+00,3.3551313415964396e-01,2.7984785103715812e+00,1.6698785947530773e-02,5.4807259461212099e-01,3.1582835322097669e+00
max_c_e_gamma_mixing_angles_polarization_05_local_minimum_416,C_e_gamma,polarization_cluster_05_local_minimum_416,2.3573857239429361e+00,2.9289203937338364e+00,qout,5.4807259461212099e-01,-1.8435763589502571e-01,-3.0773766994661952e-03,-5.1612630315137886e-01,5.4807259461212099e-01,3.1582835322097664e+00,1.7288654168461843e+01,4.1579627425533587e+00,1.9716925611491198e+00,1.9711092675727397e+00,0.0000000000000000e+00,0.0000000000000000e+00,3.1415926535897931e+00,0.0000000000000000e+00,3.3551313415964396e-01,2.7984785103715812e+00,1.6698785947530773e-02,5.4807259461212099e-01,3.1582835322097669e+00
max_c_e_gamma_mixing_angles_polarization_05_local_minimum_417,C_e_gamma,polarization_cluster_05_local_minimum_417,1.7491574818617333e+00,3.0326611334982800e+00,k,2.1952886845227861e+00,0.0000000000000000e+00,0.0000000000000000e+00,-2.1927445624332274e+00,2.1927445624332274e+00,0.0000000000000000e+00,2.0978559930706716e+01,4.5802357942257430e+00,2.1927445624332274e+00,1.7188130318042245e+00,0.0000000000000000e+00,0.0000000000000000e+00,3.1415926535897931e+00,0.0000000000000000e+00,2.0813520555226099e+00,1.5594055254973980e+00,2.2840969309622107e-03,1.6395388072202839e+00,2.8170113629679356e+00
max_c_e_gamma_mixing_angles_polarization_05_local_minimum_417,C_e_gamma,polarization_cluster_05_local_minimum_417,1.7491574818617333e+00,3.0326611334982800e+00,p,2.3849471097029564e+00,0.0000000000000000e+00,0.0000000000000000e+00,2.1927445624332274e+00,2.1927445624332274e+00,0.0000000000000000e+00,2.0978559930706716e+01,4.5802357942257430e+00,2.1927445624332274e+00,1.7188130318042245e+00,0.0000000000000000e+00,0.0000000000000000e+00,3.1415926535897931e+00,0.0000000000000000e+00,2.0813520555226099e+00,1.5594055254973980e+00,2.2840969309622107e-03,1.6395388072202839e+00,2.8170113629679356e+00
max_c_e_gamma_mixing_angles_polarization_05_local_minimum_417,C_e_gamma,polarization_cluster_05_local_minimum_417,1.7491574818617333e+00,3.0326611334982800e+00,kp,9.8259529447298544e-01,5.4214211611762098e-02,-5.2625989631309533e-01,8.2124366737223564e-01,9.7689806039686355e-01,4.8150447930492168e+00,2.0978559930706716e+01,4.5802357942257430e+00,2.1927445624332274e+00,1.7188130318042245e+00,0.0000000000000000e+00,0.0000000000000000e+00,3.1415926535897931e+00,0.0000000000000000e+00,2.0813520555226099e+00,1.5594055254973980e+00,2.2840969309622107e-03,1.6395388072202839e+00,2.8170113629679356e+00
max_c_e_gamma_mixing_angles_polarization_05_local_minimum_417,C_e_gamma,polarization_cluster_05_local_minimum_417,1.7491574818617333e+00,3.0326611334982800e+00,pp,1.9581016925328547e+00,1.4996141858665841e+00,3.4252701162248577e-03,-8.3991892428517323e-01,1.7188130318042243e+00,2.2840969309622112e-03,2.0978559930706716e+01,4.5802357942257430e+00,2.1927445624332274e+00,1.7188130318042245e+00,0.0000000000000000e+00,0.0000000000000000e+00,3.1415926535897931e+00,0.0000000000000000e+00,2.0813520555226099e+00,1.5594055254973980e+00,2.2840969309622107e-03,1.6395388072202839e+00,2.8170113629679356e+00
max_c_e_gamma_mixing_angles_polarization_05_local_minimum_417,C_e_gamma,polarization_cluster_05_local_minimum_417,1.7491574818617333e+00,3.0326611334982800e+00,qout,1.6395388072202839e+00,-1.5538283974783462e+00,5.2283462619687049e-01,1.8675256912937560e-02,1.6395388072202839e+00,2.8170113629679356e+00,2.0978559930706716e+01,4.5802357942257430e+00,2.1927445624332274e+00,1.7188130318042245e+00,0.0000000000000000e+00,0.0000000000000000e+00,3.1415926535897931e+00,0.0000000000000000e+00,2.0813520555226099e+00,1.5594055254973980e+00,2.2840969309622107e-03,1.6395388072202839e+00,2.8170113629679356e+00
max_c_e_gamma_mixing_angles_polarization_05_local_minimum_418,C_e_gamma,polarization_cluster_05_local_minimum_418,7.3327339133765679e-01,3.1268074415458020e+00,k,1.1529797495413956e+00,0.0000000000000000e+00,0.0000000000000000e+00,-1.1481283075245730e+00,1.1481283075245730e+00,0.0000000000000000e+00,6.9461736897289281e+00,2.6355594642748867e+00,1.1481283075245730e+00,1.1450569909475941e+00,0.0000000000000000e+00,0.0000000000000000e+00,3.1415926535897931e+00,0.0000000000000000e+00,1.4116848557705969e-02,3.0451344366070123e+00,1.8560625158835526e+00,4.4183688288931228e-01,4.9750535109118017e+00
max_c_e_gamma_mixing_angles_polarization_05_local_minimum_418,C_e_gamma,polarization_cluster_05_local_minimum_418,7.3327339133765679e-01,3.1268074415458020e+00,p,1.4825797147334911e+00,0.0000000000000000e+00,0.0000000000000000e+00,1.1481283075245730e+00,1.1481283075245730e+00,0.0000000000000000e+00,6.9461736897289281e+00,2.6355594642748867e+00,1.1481283075245730e+00,1.1450569909475941e+00,0.0000000000000000e+00,0.0000000000000000e+00,3.1415926535897931e+00,0.0000000000000000e+00,1.4116848557705969e-02,3.0451344366070123e+00,1.8560625158835526e+00,4.4183688288931228e-01,4.9750535109118017e+00
max_c_e_gamma_mixing_angles_polarization_05_local_minimum_418,C_e_gamma,polarization_cluster_05_local_minimum_418,7.3327339133765679e-01,3.1268074415458020e+00,kp,7.1352005722857725e-01,-6.5002404591847137e-03,2.5582429213712371e-02,-7.0515988679424424e-01,7.0565372510472391e-01,1.8196207192598874e+00,6.9461736897289281e+00,2.6355594642748867e+00,1.1481283075245730e+00,1.1450569909475941e+00,0.0000000000000000e+00,0.0000000000000000e+00,3.1415926535897931e+00,0.0000000000000000e+00,1.4116848557705969e-02,3.0451344366070123e+00,1.8560625158835526e+00,4.4183688288931228e-01,4.9750535109118017e+00
max_c_e_gamma_mixing_angles_polarization_05_local_minimum_418,C_e_gamma,polarization_cluster_05_local_minimum_418,7.3327339133765679e-01,3.1268074415458020e+00,pp,1.4802025241560557e+00,-4.5487746704964520e-03,1.5510817520986682e-02,1.1449428962646069e+00,1.1450569909475941e+00,1.8560625158835526e+00,6.9461736897289281e+00,2.6355594642748867e+00,1.1481283075245730e+00,1.1450569909475941e+00,0.0000000000000000e+00,0.0000000000000000e+00,3.1415926535897931e+00,0.0000000000000000e+00,1.4116848557705969e-02,3.0451344366070123e+00,1.8560625158835526e+00,4.4183688288931228e-01,4.9750535109118017e+00
max_c_e_gamma_mixing_angles_polarization_05_local_minimum_418,C_e_gamma,polarization_cluster_05_local_minimum_418,7.3327339133765679e-01,3.1268074415458020e+00,qout,4.4183688288931228e-01,1.1049015129681166e-02,-4.1093246734699052e-02,-4.3978300947036264e-01,4.4183688288931228e-01,4.9750535109118017e+00,6.9461736897289281e+00,2.6355594642748867e+00,1.1481283075245730e+00,1.1450569909475941e+00,0.0000000000000000e+00,0.0000000000000000e+00,3.1415926535897931e+00,0.0000000000000000e+00,1.4116848557705969e-02,3.0451344366070123e+00,1.8560625158835526e+00,4.4183688288931228e-01,4.9750535109118017e+00
max_c_e_gamma_mixing_angles_polarization_05_local_minimum_436,C_e_gamma,polarization_cluster_05_local_minimum_436,1.7584442435912295e+00,3.0301687025824453e+00,k,2.2807879266072564e+00,0.0000000000000000e+00,0.0000000000000000e+00,-2.2783392797922195e+00,2.2783392797922195e+00,0.0000000000000000e+00,2.2511814459945228e+01,4.7446616802407764e+00,2.2783392797922195e+00,1.7735189672484286e+00,0.0000000000000000e+00,0.0000000000000000e+00,3.1415926535897931e+00,0.0000000000000000e+00,2.0497988393524196e+00,1.5851531518315962e+00,2.6098175979522137e-03,1.7265655597455722e+00,3.4666345226171216e+00
max_c_e_gamma_mixing_angles_polarization_05_local_minimum_436,C_e_gamma,polarization_cluster_05_local_minimum_436,1.7584442435912295e+00,3.0301687025824453e+00,p,2.4638737536335196e+00,0.0000000000000000e+00,0.0000000000000000e+00,2.2783392797922195e+00,2.2783392797922195e+00,0.0000000000000000e+00,2.2511814459945228e+01,4.7446616802407764e+00,2.2783392797922195e+00,1.7735189672484286e+00,0.0000000000000000e+00,0.0000000000000000e+00,3.1415926535897931e+00,0.0000000000000000e+00,2.0497988393524196e+00,1.5851531518315962e+00,2.6098175979522137e-03,1.7265655597455722e+00,3.4666345226171216e+00
max_c_e_gamma_mixing_angles_polarization_05_local_minimum_436,C_e_gamma,polarization_cluster_05_local_minimum_436,1.7584442435912295e+00,3.0301687025824453e+00,kp,1.0118026406691738e+00,6.2076311512077487e-02,5.4721159859323121e-01,8.4219171764266976e-01,1.0062707843079886e+00,1.4578380771118291e+00,2.2511814459945228e+01,4.7446616802407764e+00,2.2783392797922195e+00,1.7735189672484286e+00,0.0000000000000000e+00,0.0000000000000000e+00,3.1415926535897931e+00,0.0000000000000000e+00,2.0497988393524196e+00,1.5851531518315962e+00,2.6098175979522137e-03,1.7265655597455722e+00,3.4666345226171216e+00
max_c_e_gamma_mixing_angles_polarization_05_local_minimum_436,C_e_gamma,polarization_cluster_05_local_minimum_436,1.7584442435912295e+00,3.0301687025824453e+00,pp,2.0062934798254051e+00,1.5739130929773602e+00,4.1076354136080481e-03,-8.1740456952214391e-01,1.7735189672484286e+00,2.6098175979522142e-03,2.2511814459945228e+01,4.7446616802407764e+00,2.2783392797922195e+00,1.7735189672484286e+00,0.0000000000000000e+00,0.0000000000000000e+00,3.1415926535897931e+00,0.0000000000000000e+00,2.0497988393524196e+00,1.5851531518315962e+00,2.6098175979522137e-03,1.7265655597455722e+00,3.4666345226171216e+00
max_c_e_gamma_mixing_angles_polarization_05_local_minimum_436,C_e_gamma,polarization_cluster_05_local_minimum_436,1.7584442435912295e+00,3.0301687025824453e+00,qout,1.7265655597455722e+00,-1.6359894044894376e+00,-5.5131923400683924e-01,-2.4787148120525848e-02,1.7265655597455725e+00,3.4666345226171211e+00,2.2511814459945228e+01,4.7446616802407764e+00,2.2783392797922195e+00,1.7735189672484286e+00,0.0000000000000000e+00,0.0000000000000000e+00,3.1415926535897931e+00,0.0000000000000000e+00,2.0497988393524196e+00,1.5851531518315962e+00,2.6098175979522137e-03,1.7265655597455722e+00,3.4666345226171216e+00
max_c_e_gamma_mixing_angles_polarization_05_local_minimum_438,C_e_gamma,polarization_cluster_05_local_minimum_438,7.3332158571050388e-01,3.1287298689470848e+00,k,1.0987189867106137e+00,0.0000000000000000e+00,0.0000000000000000e+00,-1.0936268648150058e+00,1.0936268648150058e+00,0.0000000000000000e+00,6.4490845581365459e+00,2.5395047860038673e+00,1.0936268648150058e+00,1.0861325326741265e+00,0.0000000000000000e+00,0.0000000000000000e+00,3.1415926535897931e+00,0.0000000000000000e+00,4.0533112766490464e-02,3.0310164827792079e+00,4.2899453501428928e+00,6.8900689533133008e-01,1.1984886315828711e+00
max_c_e_gamma_mixing_angles_polarization_05_local_minimum_438,C_e_gamma,polarization_cluster_05_local_minimum_438,7.3332158571050388e-01,3.1287298689470848e+00,p,1.4407857992932533e+00,0.0000000000000000e+00,0.0000000000000000e+00,1.0936268648150058e+00,1.0936268648150058e+00,0.0000000000000000e+00,6.4490845581365459e+00,2.5395047860038673e+00,1.0936268648150058e+00,1.0861325326741265e+00,0.0000000000000000e+00,0.0000000000000000e+00,3.1415926535897931e+00,0.0000000000000000e+00,4.0533112766490464e-02,3.0310164827792079e+00,4.2899453501428928e+00,6.8900689533133008e-01,1.1984886315828711e+00
max_c_e_gamma_mixing_angles_polarization_05_local_minimum_438,C_e_gamma,polarization_cluster_05_local_minimum_438,7.3332158571050388e-01,3.1287298689470848e+00,kp,4.1539236196271961e-01,-9.6134516251589336e-03,-3.0680465384918088e-02,-4.0044152214185236e-01,4.0173016075926893e-01,4.4087380012514492e+00,6.4490845581365459e+00,2.5395047860038673e+00,1.0936268648150058e+00,1.0861325326741265e+00,0.0000000000000000e+00,0.0000000000000000e+00,3.1415926535897931e+00,0.0000000000000000e+00,4.0533112766490464e-02,3.0310164827792079e+00,4.2899453501428928e+00,6.8900689533133008e-01,1.1984886315828711e+00
max_c_e_gamma_mixing_angles_polarization_05_local_minimum_438,C_e_gamma,polarization_cluster_05_local_minimum_438,7.3332158571050388e-01,3.1287298689470848e+00,pp,1.4351055287096877e+00,-1.8044615446284985e-02,-4.0143150336100719e-02,1.0852404332071310e+00,1.0861325326741265e+00,4.2899453501428919e+00,6.4490845581365459e+00,2.5395047860038673e+00,1.0936268648150058e+00,1.0861325326741265e+00,0.0000000000000000e+00,0.0000000000000000e+00,3.1415926535897931e+00,0.0000000000000000e+00,4.0533112766490464e-02,3.0310164827792079e+00,4.2899453501428928e+00,6.8900689533133008e-01,1.1984886315828711e+00
max_c_e_gamma_mixing_angles_polarization_05_local_minimum_438,C_e_gamma,polarization_cluster_05_local_minimum_438,7.3332158571050388e-01,3.1287298689470848e+00,qout,6.8900689533133008e-01,2.7658067071443918e-02,7.0823615721018807e-02,-6.8479891106527868e-01,6.8900689533133008e-01,1.1984886315828711e+00,6.4490845581365459e+00,2.5395047860038673e+00,1.0936268648150058e+00,1.0861325326741265e+00,0.0000000000000000e+00,0.0000000000000000e+00,3.1415926535897931e+00,0.0000000000000000e+00,4.0533112766490464e-02,3.0310164827792079e+00,4.2899453501428928e+00,6.8900689533133008e-01,1.1984886315828711e+00
max_c_e_gamma_mixing_angles_polarization_05_local_minimum_439,C_e_gamma,polarization_cluster_05_local_minimum_439,1.7632595535995645e+00,3.0288086786001585e+00,k,2.1722665933855927e+00,0.0000000000000000e+00,0.0000000000000000e+00,-2.1696954764265306e+00,2.1696954764265306e+00,0.0000000000000000e+00,2.0575654549704375e+01,4.5360395225024632e+00,2.1696954764265306e+00,1.8365348833698385e+00,0.0000000000000000e+00,0.0000000000000000e+00,3.1415926535897931e+00,0.0000000000000000e+00,2.0863357471175590e+00,1.3904204601523433e+00,2.6343574647623002e-03,1.7318049020722193e+00,3.3981056463076249e+00
max_c_e_gamma_mixing_angles_polarization_05_local_minimum_439,C_e_gamma,polarization_cluster_05_local_minimum_439,1.7632595535995645e+00,3.0288086786001585e+00,p,2.3637729291168705e+00,0.0000000000000000e+00,0.0000000000000000e+00,2.1696954764265306e+00,2.1696954764265306e+00,0.0000000000000000e+00,2.0575654549704375e+01,4.5360395225024632e+00,2.1696954764265306e+00,1.8365348833698385e+00,0.0000000000000000e+00,0.0000000000000000e+00,3.1415926535897931e+00,0.0000000000000000e+00,2.0863357471175590e+00,1.3904204601523433e+00,2.6343574647623002e-03,1.7318049020722193e+00,3.3981056463076249e+00
max_c_e_gamma_mixing_angles_polarization_05_local_minimum_439,C_e_gamma,polarization_cluster_05_local_minimum_439,1.7632595535995645e+00,3.0288086786001585e+00,kp,7.4202600396145513e-01,5.0135021627061072e-02,4.2803727936610464e-01,5.9473478569949467e-01,7.3446504221896525e-01,1.4541998826250371e+00,2.0575654549704375e+01,4.5360395225024632e+00,2.1696954764265306e+00,1.8365348833698385e+00,0.0000000000000000e+00,0.0000000000000000e+00,3.1415926535897931e+00,0.0000000000000000e+00,2.0863357471175590e+00,1.3904204601523433e+00,2.6343574647623002e-03,1.7318049020722193e+00,3.3981056463076249e+00
max_c_e_gamma_mixing_angles_polarization_05_local_minimum_439,C_e_gamma,polarization_cluster_05_local_minimum_439,1.7632595535995645e+00,3.0288086786001585e+00,pp,2.0622086164678555e+00,1.5978292297149099e+00,4.2092630959224596e-03,-9.0541946776458981e-01,1.8365348833698385e+00,2.6343574647623002e-03,2.0575654549704375e+01,4.5360395225024632e+00,2.1696954764265306e+00,1.8365348833698385e+00,0.0000000000000000e+00,0.0000000000000000e+00,3.1415926535897931e+00,0.0000000000000000e+00,2.0863357471175590e+00,1.3904204601523433e+00,2.6343574647623002e-03,1.7318049020722193e+00,3.3981056463076249e+00
max_c_e_gamma_mixing_angles_polarization_05_local_minimum_439,C_e_gamma,polarization_cluster_05_local_minimum_439,1.7632595535995645e+00,3.0288086786001585e+00,qout,1.7318049020722193e+00,-1.6479642513419710e+00,-4.3224654246202709e-01,3.1068468206509509e-01,1.7318049020722193e+00,3.3981056463076245e+00,2.0575654549704375e+01,4.5360395225024632e+00,2.1696954764265306e+00,1.8365348833698385e+00,0.0000000000000000e+00,0.0000000000000000e+00,3.1415926535897931e+00,0.0000000000000000e+00,2.0863357471175590e+00,1.3904204601523433e+00,2.6343574647623002e-03,1.7318049020722193e+00,3.3981056463076249e+00
max_c_e_gamma_mixing_angles_polarization_05_local_minimum_441,C_e_gamma,polarization_cluster_05_local_minimum_441,1.1164105741978878e+00,2.9570991655462850e+00,k,1.3654810243203490e+00,0.0000000000000000e+00,0.0000000000000000e+00,-1.3613870630594558e+00,1.3613870630594558e+00,0.0000000000000000e+00,9.1127062720612599e+00,3.0187259352351385e+00,1.3613870630594558e+00,1.3545398173892753e+00,0.0000000000000000e+00,0.0000000000000000e+00,3.1415926535897931e+00,0.0000000000000000e+00,1.4106297626573798e+00,1.7315118279858963e+00,6.2775609903143197e+00,1.0247586776141477e+00,3.1303351404742639e+00
max_c_e_gamma_mixing_angles_polarization_05_local_minimum_441,C_e_gamma,polarization_cluster_05_local_minimum_441,1.1164105741978878e+00,2.9570991655462850e+00,p,1.6532449109147895e+00,0.0000000000000000e+00,0.0000000000000000e+00,1.3613870630594558e+00,1.3613870630594558e+00,0.0000000000000000e+00,9.1127062720612599e+00,3.0187259352351385e+00,1.3613870630594558e+00,1.3545398173892753e+00,0.0000000000000000e+00,0.0000000000000000e+00,3.1415926535897931e+00,0.0000000000000000e+00,1.4106297626573798e+00,1.7315118279858963e+00,6.2775609903143197e+00,1.0247586776141477e+00,3.1303351404742639e+00
max_c_e_gamma_mixing_angles_polarization_05_local_minimum_441,C_e_gamma,polarization_cluster_05_local_minimum_441,1.1164105741978878e+00,2.9570991655462850e+00,kp,3.4635622436992725e-01,-3.2569299617367475e-01,-3.8665146686886233e-03,-5.2039063733160057e-02,3.2984684604599812e-01,3.1534637502530267e+00,9.1127062720612599e+00,3.0187259352351385e+00,1.3613870630594558e+00,1.3545398173892753e+00,0.0000000000000000e+00,0.0000000000000000e+00,3.1415926535897931e+00,0.0000000000000000e+00,1.4106297626573798e+00,1.7315118279858963e+00,6.2775609903143197e+00,1.0247586776141477e+00,3.1303351404742639e+00
max_c_e_gamma_mixing_angles_polarization_05_local_minimum_441,C_e_gamma,polarization_cluster_05_local_minimum_441,1.1164105741978878e+00,2.9570991655462850e+00,pp,1.6476110332517717e+00,1.3371815508084712e+00,-7.5208120501022019e-03,2.1602558750418979e-01,1.3545398173892753e+00,6.2775609903143197e+00,9.1127062720612599e+00,3.0187259352351385e+00,1.3613870630594558e+00,1.3545398173892753e+00,0.0000000000000000e+00,0.0000000000000000e+00,3.1415926535897931e+00,0.0000000000000000e+00,1.4106297626573798e+00,1.7315118279858963e+00,6.2775609903143197e+00,1.0247586776141477e+00,3.1303351404742639e+00
max_c_e_gamma_mixing_angles_polarization_05_local_minimum_441,C_e_gamma,polarization_cluster_05_local_minimum_441,1.1164105741978878e+00,2.9570991655462850e+00,qout,1.0247586776141477e+00,-1.0114885546347965e+00,1.1387326718790825e-02,-1.6398652377102974e-01,1.0247586776141477e+00,3.1303351404742639e+00,9.1127062720612599e+00,3.0187259352351385e+00,1.3613870630594558e+00,1.3545398173892753e+00,0.0000000000000000e+00,0.0000000000000000e+00,3.1415926535897931e+00,0.0000000000000000e+00,1.4106297626573798e+00,1.7315118279858963e+00,6.2775609903143197e+00,1.0247586776141477e+00,3.1303351404742639e+00
max_c_e_gamma_mixing_angles_polarization_05_local_minimum_443,C_e_gamma,polarization_cluster_05_local_minimum_443,2.3145959760368844e+00,3.0755637515432301e+00,k,1.6881191072494397e+00,0.0000000000000000e+00,0.0000000000000000e+00,-1.6848093150108550e+00,1.6848093150108550e+00,0.0000000000000000e+00,1.3078647580497909e+01,3.6164412867483291e+00,1.6848093150108550e+00,1.6766157645192528e+00,0.0000000000000000e+00,0.0000000000000000e+00,3.1415926535897931e+00,0.0000000000000000e+00,1.2345515375770980e-01,2.9845915147991859e+00,5.7546950492432281e+00,1.3198922594583520e+00,2.6248622559641164e+00
max_c_e_gamma_mixing_angles_polarization_05_local_minimum_443,C_e_gamma,polarization_cluster_05_local_minimum_443,2.3145959760368844e+00,3.0755637515432301e+00,p,1.9283221794988892e+00,0.0000000000000000e+00,0.0000000000000000e+00,1.6848093150108550e+00,1.6848093150108550e+00,0.0000000000000000e+00,1.3078647580497909e+01,3.6164412867483291e+00,1.6848093150108550e+00,1.6766157645192528e+00,0.0000000000000000e+00,0.0000000000000000e+00,3.1415926535897931e+00,0.0000000000000000e+00,1.2345515375770980e-01,2.9845915147991859e+00,5.7546950492432281e+00,1.3198922594583520e+00,2.6248622559641164e+00
max_c_e_gamma_mixing_angles_polarization_05_local_minimum_443,C_e_gamma,polarization_cluster_05_local_minimum_443,2.3145959760368844e+00,3.0755637515432301e+00,kp,3.7538156404471551e-01,1.1361132315336475e-03,2.1469204153341942e-03,-3.6019678828497792e-01,3.6020497818791714e-01,1.0840759974850540e+00,1.3078647580497909e+01,3.6164412867483291e+00,1.6848093150108550e+00,1.6766157645192528e+00,0.0000000000000000e+00,0.0000000000000000e+00,3.1415926535897931e+00,0.0000000000000000e+00,1.2345515375770980e-01,2.9845915147991859e+00,5.7546950492432281e+00,1.3198922594583520e+00,2.6248622559641164e+00
max_c_e_gamma_mixing_angles_polarization_05_local_minimum_443,C_e_gamma,polarization_cluster_05_local_minimum_443,2.3145959760368844e+00,3.0755637515432301e+00,pp,1.9211674632458458e+00,1.7829378990782024e-01,-1.0410409806521026e-01,1.6638551869320879e+00,1.6766157645192528e+00,5.7546950492432281e+00,1.3078647580497909e+01,3.6164412867483291e+00,1.6848093150108550e+00,1.6766157645192528e+00,0.0000000000000000e+00,0.0000000000000000e+00,3.1415926535897931e+00,0.0000000000000000e+00,1.2345515375770980e-01,2.9845915147991859e+00,5.7546950492432281e+00,1.3198922594583520e+00,2.6248622559641164e+00
max_c_e_gamma_mixing_angles_polarization_05_local_minimum_443,C_e_gamma,polarization_cluster_05_local_minimum_443,2.3145959760368844e+00,3.0755637515432301e+00,qout,1.3198922594583520e+00,-1.7942990313935389e-01,1.0195717764987607e-01,-1.3036583986471100e+00,1.3198922594583520e+00,2.6248622559641164e+00,1.3078647580497909e+01,3.6164412867483291e+00,1.6848093150108550e+00,1.6766157645192528e+00,0.0000000000000000e+00,0.0000000000000000e+00,3.1415926535897931e+00,0.0000000000000000e+00,1.2345515375770980e-01,2.9845915147991859e+00,5.7546950492432281e+00,1.3198922594583520e+00,2.6248622559641164e+00
max_c_e_gamma_mixing_angles_polarization_05_local_minimum_449,C_e_gamma,polarization_cluster_05_local_minimum_449,1.7643069092716575e+00,3.0280075968956610e+00,k,2.2756431754388746e+00,0.0000000000000000e+00,0.0000000000000000e+00,-2.2731889867778756e+00,2.2731889867778756e+00,0.0000000000000000e+00,2.2417907228027619e+01,4.7347552447859034e+00,2.2731889867778756e+00,1.7201082216523926e+00,0.0000000000000000e+00,0.0000000000000000e+00,3.1415926535897931e+00,0.0000000000000000e+00,2.0091517144983913e+00,1.6592268297503008e+00,6.2803301889325223e+00,1.7240719961600135e+00,3.4696646997801630e+00
max_c_e_gamma_mixing_angles_polarization_05_local_minimum_449,C_e_gamma,polarization_cluster_05_local_minimum_449,1.7643069092716575e+00,3.0280075968956610e+00,p,2.4591120693470288e+00,0.0000000000000000e+00,0.0000000000000000e+00,2.2731889867778756e+00,2.2731889867778756e+00,0.0000000000000000e+00,2.2417907228027619e+01,4.7347552447859034e+00,2.2731889867778756e+00,1.7201082216523926e+00,0.0000000000000000e+00,0.0000000000000000e+00,3.1415926535897931e+00,0.0000000000000000e+00,2.0091517144983913e+00,1.6592268297503008e+00,6.2803301889325223e+00,1.7240719961600135e+00,3.4696646997801630e+00
max_c_e_gamma_mixing_angles_polarization_05_local_minimum_449,C_e_gamma,polarization_cluster_05_local_minimum_449,1.7643069092716575e+00,3.0280075968956610e+00,kp,1.0514445459162558e+00,6.8274519502675934e-02,5.5780397397337211e-01,8.8236344973595471e-01,1.0461223354960654e+00,1.4490033593928187e+00,2.2417907228027619e+01,4.7347552447859034e+00,2.2731889867778756e+00,1.7201082216523926e+00,0.0000000000000000e+00,0.0000000000000000e+00,3.1415926535897931e+00,0.0000000000000000e+00,2.0091517144983913e+00,1.6592268297503008e+00,6.2803301889325223e+00,1.7240719961600135e+00,3.4696646997801630e+00
max_c_e_gamma_mixing_angles_polarization_05_local_minimum_449,C_e_gamma,polarization_cluster_05_local_minimum_449,1.7643069092716575e+00,3.0280075968956610e+00,pp,1.9592387027098450e+00,1.5574672661241318e+00,-4.4467652936219784e-03,-7.3010152405429396e-01,1.7201082216523926e+00,6.2803301889325223e+00,2.2417907228027619e+01,4.7347552447859034e+00,2.2731889867778756e+00,1.7201082216523926e+00,0.0000000000000000e+00,0.0000000000000000e+00,3.1415926535897931e+00,0.0000000000000000e+00,2.0091517144983913e+00,1.6592268297503008e+00,6.2803301889325223e+00,1.7240719961600135e+00,3.4696646997801630e+00
max_c_e_gamma_mixing_angles_polarization_05_local_minimum_449,C_e_gamma,polarization_cluster_05_local_minimum_449,1.7643069092716575e+00,3.0280075968956610e+00,qout,1.7240719961600135e+00,-1.6257417856268077e+00,-5.5335720867975013e-01,-1.5226192568166072e-01,1.7240719961600135e+00,3.4696646997801626e+00,2.2417907228027619e+01,4.7347552447859034e+00,2.2731889867778756e+00,1.7201082216523926e+00,0.0000000000000000e+00,0.0000000000000000e+00,3.1415926535897931e+00,0.0000000000000000e+00,2.0091517144983913e+00,1.6592268297503008e+00,6.2803301889325223e+00,1.7240719961600135e+00,3.4696646997801630e+00
max_c_e_gamma_mixing_angles_polarization_05_local_minimum_453,C_e_gamma,polarization_cluster_05_local_minimum_453,2.4033947930534327e+00,3.1319777134329239e+00,k,1.4288576305750447e+00,0.0000000000000000e+00,0.0000000000000000e+00,-1.4249457660343541e+00,1.4249457660343541e+00,0.0000000000000000e+00,9.8271089834292553e+00,3.1348220018733528e+00,1.4249457660343541e+00,1.4105628279509776e+00,0.0000000000000000e+00,0.0000000000000000e+00,3.1415926535897931e+00,0.0000000000000000e+00,9.5010462103430018e-02,3.1064201710772741e+00,4.9965399483906126e+00,8.9209269003253566e-01,5.1749197389956221e+00
max_c_e_gamma_mixing_angles_polarization_05_local_minimum_453,C_e_gamma,polarization_cluster_05_local_minimum_453,2.4033947930534327e+00,3.1319777134329239e+00,p,1.7059643712983081e+00,0.0000000000000000e+00,0.0000000000000000e+00,1.4249457660343541e+00,1.4249457660343541e+00,0.0000000000000000e+00,9.8271089834292553e+00,3.1348220018733528e+00,1.4249457660343541e+00,1.4105628279509776e+00,0.0000000000000000e+00,0.0000000000000000e+00,3.1415926535897931e+00,0.0000000000000000e+00,9.5010462103430018e-02,3.1064201710772741e+00,4.9965399483906126e+00,8.9209269003253566e-01,5.1749197389956221e+00
max_c_e_gamma_mixing_angles_polarization_05_local_minimum_453,C_e_gamma,polarization_cluster_05_local_minimum_453,2.4033947930534327e+00,3.1319777134329239e+00,kp,5.4876015875673401e-01,-5.1512546454540745e-02,1.5652504979608745e-01,-5.1266010754643088e-01,5.3849235790809225e-01,1.8887329343033392e+00,9.8271089834292553e+00,3.1348220018733528e+00,1.4249457660343541e+00,1.4105628279509776e+00,0.0000000000000000e+00,0.0000000000000000e+00,3.1415926535897931e+00,0.0000000000000000e+00,9.5010462103430018e-02,3.1064201710772741e+00,4.9965399483906126e+00,8.9209269003253566e-01,5.1749197389956221e+00
max_c_e_gamma_mixing_angles_polarization_05_local_minimum_453,C_e_gamma,polarization_cluster_05_local_minimum_453,2.4033947930534327e+00,3.1319777134329239e+00,pp,1.6939691530830954e+00,3.7514513473229101e-02,-1.2845064026182981e-01,1.4042010489571115e+00,1.4105628279509776e+00,4.9965399483906126e+00,9.8271089834292553e+00,3.1348220018733528e+00,1.4249457660343541e+00,1.4105628279509776e+00,0.0000000000000000e+00,0.0000000000000000e+00,3.1415926535897931e+00,0.0000000000000000e+00,9.5010462103430018e-02,3.1064201710772741e+00,4.9965399483906126e+00,8.9209269003253566e-01,5.1749197389956221e+00
max_c_e_gamma_mixing_angles_polarization_05_local_minimum_453,C_e_gamma,polarization_cluster_05_local_minimum_453,2.4033947930534327e+00,3.1319777134329239e+00,qout,8.9209269003253566e-01,1.3998032981311640e-02,-2.8074409534257636e-02,-8.9154094141068063e-01,8.9209269003253566e-01,5.1749197389956221e+00,9.8271089834292553e+00,3.1348220018733528e+00,1.4249457660343541e+00,1.4105628279509776e+00,0.0000000000000000e+00,0.0000000000000000e+00,3.1415926535897931e+00,0.0000000000000000e+00,9.5010462103430018e-02,3.1064201710772741e+00,4.9965399483906126e+00,8.9209269003253566e-01,5.1749197389956221e+00
max_c_e_gamma_mixing_angles_polarization_05_local_minimum_459,C_e_gamma,polarization_cluster_05_local_minimum_459,2.3258773958646821e+00,3.1318621452258855e+00,k,1.9539617250464911e+00,0.0000000000000000e+00,0.0000000000000000e+00,-1.9511029523408960e+00,1.9511029523408960e+00,0.0000000000000000e+00,1.6964745505682060e+01,4.1188281714198833e+00,1.9511029523408960e+00,1.9424269673763379e+00,0.0000000000000000e+00,0.0000000000000000e+00,3.1415926535897931e+00,0.0000000000000000e+00,8.1010977639927775e-02,3.0275976864034364e+00,1.3916007733103115e+00,1.5764534628364211e+00,4.4939658633877428e+00
max_c_e_gamma_mixing_angles_polarization_05_local_minimum_459,C_e_gamma,polarization_cluster_05_local_minimum_459,2.3258773958646821e+00,3.1318621452258855e+00,p,2.1648664463733924e+00,0.0000000000000000e+00,0.0000000000000000e+00,1.9511029523408960e+00,1.9511029523408960e+00,0.0000000000000000e+00,1.6964745505682060e+01,4.1188281714198833e+00,1.9511029523408960e+00,1.9424269673763379e+00,0.0000000000000000e+00,0.0000000000000000e+00,3.1415926535897931e+00,0.0000000000000000e+00,8.1010977639927775e-02,3.0275976864034364e+00,1.3916007733103115e+00,1.5764534628364211e+00,4.4939658633877428e+00
max_c_e_gamma_mixing_angles_polarization_05_local_minimum_459,C_e_gamma,polarization_cluster_05_local_minimum_459,2.3258773958646821e+00,3.1318621452258855e+00,kp,3.8532428645748573e-01,1.0840175094877797e-02,2.0389358933632779e-02,-3.6983493354043695e-01,3.7055514221323599e-01,1.0821438773148206e+00,1.6964745505682060e+01,4.1188281714198833e+00,1.9511029523408960e+00,1.9424269673763379e+00,0.0000000000000000e+00,0.0000000000000000e+00,3.1415926535897931e+00,0.0000000000000000e+00,8.1010977639927775e-02,3.0275976864034364e+00,1.3916007733103115e+00,1.5764534628364211e+00,4.4939658633877428e+00
max_c_e_gamma_mixing_angles_polarization_05_local_minimum_459,C_e_gamma,polarization_cluster_05_local_minimum_459,2.3258773958646821e+00,3.1318621452258855e+00,pp,2.1570504221252773e+00,2.8016501288761483e-02,1.5466889156904048e-01,1.9360565934980254e+00,1.9424269673763381e+00,1.3916007733103115e+00,1.6964745505682060e+01,4.1188281714198833e+00,1.9511029523408960e+00,1.9424269673763379e+00,0.0000000000000000e+00,0.0000000000000000e+00,3.1415926535897931e+00,0.0000000000000000e+00,8.1010977639927775e-02,3.0275976864034364e+00,1.3916007733103115e+00,1.5764534628364211e+00,4.4939658633877428e+00
max_c_e_gamma_mixing_angles_polarization_05_local_minimum_459,C_e_gamma,polarization_cluster_05_local_minimum_459,2.3258773958646821e+00,3.1318621452258855e+00,qout,1.5764534628364211e+00,-3.8856676383639280e-02,-1.7505825050267326e-01,-1.5662216599575884e+00,1.5764534628364211e+00,4.4939658633877428e+00,1.6964745505682060e+01,4.1188281714198833e+00,1.9511029523408960e+00,1.9424269673763379e+00,0.0000000000000000e+00,0.0000000000000000e+00,3.1415926535897931e+00,0.0000000000000000e+00,8.1010977639927775e-02,3.0275976864034364e+00,1.3916007733103115e+00,1.5764534628364211e+00,4.4939658633877428e+00
max_c_e_gamma_mixing_angles_polarization_05_local_minimum_464,C_e_gamma,polarization_cluster_05_local_minimum_464,8.8719931100515870e-01,2.9466223548336616e+00,k,1.2085769391547019e+00,0.0000000000000000e+00,0.0000000000000000e+00,-1.2039495527401674e+00,1.2039495527401674e+00,0.0000000000000000e+00,7.4790982380754860e+00,2.7347940028593536e+00,1.2039495527401674e+00,1.1975397114502264e+00,0.0000000000000000e+00,0.0000000000000000e+00,3.1415926535897931e+00,0.0000000000000000e+00,6.3489510513284930e-01,2.4959545396839342e+00,6.2829572603676107e+00,8.5419595678672555e-01,3.1496173208323062e+00
max_c_e_gamma_mixing_angles_polarization_05_local_minimum_464,C_e_gamma,polarization_cluster_05_local_minimum_464,8.8719931100515870e-01,2.9466223548336616e+00,p,1.5262170637046517e+00,0.0000000000000000e+00,0.0000000000000000e+00,1.2039495527401674e+00,1.2039495527401674e+00,0.0000000000000000e+00,7.4790982380754860e+00,2.7347940028593536e+00,1.2039495527401674e+00,1.1975397114502264e+00,0.0000000000000000e+00,0.0000000000000000e+00,3.1415926535897931e+00,0.0000000000000000e+00,6.3489510513284930e-01,2.4959545396839342e+00,6.2829572603676107e+00,8.5419595678672555e-01,3.1496173208323062e+00
max_c_e_gamma_mixing_angles_polarization_05_local_minimum_464,C_e_gamma,polarization_cluster_05_local_minimum_464,8.8719931100515870e-01,2.9466223548336616e+00,kp,3.5943225612696122e-01,-1.9629228647217245e-01,4.2864188553264904e-03,-2.8191988102321153e-01,3.4355182204613394e-01,3.1197592040975137e+00,7.4790982380754860e+00,2.7347940028593536e+00,1.2039495527401674e+00,1.1975397114502264e+00,0.0000000000000000e+00,0.0000000000000000e+00,3.1415926535897931e+00,0.0000000000000000e+00,6.3489510513284930e-01,2.4959545396839342e+00,6.2829572603676107e+00,8.5419595678672555e-01,3.1496173208323062e+00
max_c_e_gamma_mixing_angles_polarization_05_local_minimum_464,C_e_gamma,polarization_cluster_05_local_minimum_464,8.8719931100515870e-01,2.9466223548336616e+00,pp,1.5211657899454258e+00,7.1025247730395269e-01,-1.6197081595484159e-04,9.6417983423702880e-01,1.1975397114502264e+00,6.2829572603676107e+00,7.4790982380754860e+00,2.7347940028593536e+00,1.2039495527401674e+00,1.1975397114502264e+00,0.0000000000000000e+00,0.0000000000000000e+00,3.1415926535897931e+00,0.0000000000000000e+00,6.3489510513284930e-01,2.4959545396839342e+00,6.2829572603676107e+00,8.5419595678672555e-01,3.1496173208323062e+00
max_c_e_gamma_mixing_angles_polarization_05_local_minimum_464,C_e_gamma,polarization_cluster_05_local_minimum_464,8.8719931100515870e-01,2.9466223548336616e+00,qout,8.5419595678672555e-01,-5.1396019083178024e-01,-4.1244480393716485e-03,-6.8225995321381727e-01,8.5419595678672566e-01,3.1496173208323057e+00,7.4790982380754860e+00,2.7347940028593536e+00,1.2039495527401674e+00,1.1975397114502264e+00,0.0000000000000000e+00,0.0000000000000000e+00,3.1415926535897931e+00,0.0000000000000000e+00,6.3489510513284930e-01,2.4959545396839342e+00,6.2829572603676107e+00,8.5419595678672555e-01,3.1496173208323062e+00
max_c_e_gamma_mixing_angles_polarization_05_local_minimum_475,C_e_gamma,polarization_cluster_05_local_minimum_475,2.3248339770326441e+00,3.1324416810223834e+00,k,1.9023055501775925e+00,0.0000000000000000e+00,0.0000000000000000e+00,-1.8993690304738502e+00,1.8993690304738502e+00,0.0000000000000000e+00,1.6165746957329496e+01,4.0206649894426043e+00,1.8993690304738502e+00,1.8905155018163382e+00,0.0000000000000000e+00,0.0000000000000000e+00,3.1415926535897931e+00,0.0000000000000000e+00,8.3788010061779244e-02,3.0239234037831131e+00,1.4019603115723376e+00,1.5319558174458325e+00,4.5033450718938637e+00
max_c_e_gamma_mixing_angles_polarization_05_local_minimum_475,C_e_gamma,polarization_cluster_05_local_minimum_475,2.3248339770326441e+00,3.1324416810223834e+00,p,2.1183594392650114e+00,0.0000000000000000e+00,0.0000000000000000e+00,1.8993690304738502e+00,1.8993690304738502e+00,0.0000000000000000e+00,1.6165746957329496e+01,4.0206649894426043e+00,1.8993690304738502e+00,1.8905155018163382e+00,0.0000000000000000e+00,0.0000000000000000e+00,3.1415926535897931e+00,0.0000000000000000e+00,8.3788010061779244e-02,3.0239234037831131e+00,1.4019603115723376e+00,1.5319558174458325e+00,4.5033450718938637e+00
max_c_e_gamma_mixing_angles_polarization_05_local_minimum_475,C_e_gamma,polarization_cluster_05_local_minimum_475,2.3248339770326441e+00,3.1324416810223834e+00,kp,3.7828436580006580e-01,1.0736945104648541e-02,1.9965481274141883e-02,-3.6252098789279863e-01,3.6322908624648853e-01,1.0773870083360222e+00,1.6165746957329496e+01,4.0206649894426043e+00,1.8993690304738502e+00,1.8905155018163382e+00,0.0000000000000000e+00,0.0000000000000000e+00,3.1415926535897931e+00,0.0000000000000000e+00,8.3788010061779244e-02,3.0239234037831131e+00,1.4019603115723376e+00,1.5319558174458325e+00,4.5033450718938637e+00
max_c_e_gamma_mixing_angles_polarization_05_local_minimum_475,C_e_gamma,polarization_cluster_05_local_minimum_475,2.3248339770326441e+00,3.1324416810223834e+00,pp,2.1104248061961082e+00,2.6586040974008750e-02,1.5596756739836112e-01,1.8838832668063716e+00,1.8905155018163382e+00,1.4019603115723376e+00,1.6165746957329496e+01,4.0206649894426043e+00,1.8993690304738502e+00,1.8905155018163382e+00,0.0000000000000000e+00,0.0000000000000000e+00,3.1415926535897931e+00,0.0000000000000000e+00,8.3788010061779244e-02,3.0239234037831131e+00,1.4019603115723376e+00,1.5319558174458325e+00,4.5033450718938637e+00
max_c_e_gamma_mixing_angles_polarization_05_local_minimum_475,C_e_gamma,polarization_cluster_05_local_minimum_475,2.3248339770326441e+00,3.1324416810223834e+00,qout,1.5319558174458325e+00,-3.7322986078657291e-02,-1.7593304867250301e-01,-1.5213622789135730e+00,1.5319558174458325e+00,4.5033450718938637e+00,1.6165746957329496e+01,4.0206649894426043e+00,1.8993690304738502e+00,1.8905155018163382e+00,0.0000000000000000e+00,0.0000000000000000e+00,3.1415926535897931e+00,0.0000000000000000e+00,8.3788010061779244e-02,3.0239234037831131e+00,1.4019603115723376e+00,1.5319558174458325e+00,4.5033450718938637e+00
max_c_e_gamma_mixing_angles_polarization_05_local_minimum_477,C_e_gamma,polarization_cluster_05_local_minimum_477,8.3682267824647572e-01,3.1066765480623202e+00,k,2.2986523092511919e+00,0.0000000000000000e+00,0.0000000000000000e+00,-2.2962227127420674e+00,2.2962227127420674e+00,0.0000000000000000e+00,2.2839530923435376e+01,4.7790721822792523e+00,2.2962227127420674e+00,2.2780515671151367e+00,0.0000000000000000e+00,0.0000000000000000e+00,3.1415926535897931e+00,0.0000000000000000e+00,7.1928521155094016e-02,3.1121724834878863e+00,8.4868106963629453e-01,1.6373722363678149e+00,7.3326169310130118e-01
max_c_e_gamma_mixing_angles_polarization_05_local_minimum_477,C_e_gamma,polarization_cluster_05_local_minimum_477,8.3682267824647572e-01,3.1066765480623202e+00,p,2.4804198730280600e+00,0.0000000000000000e+00,0.0000000000000000e+00,2.2962227127420674e+00,2.2962227127420674e+00,0.0000000000000000e+00,2.2839530923435376e+01,4.7790721822792523e+00,2.2962227127420674e+00,2.2780515671151367e+00,0.0000000000000000e+00,0.0000000000000000e+00,3.1415926535897931e+00,0.0000000000000000e+00,7.1928521155094016e-02,3.1121724834878863e+00,8.4868106963629453e-01,1.6373722363678149e+00,7.3326169310130118e-01
max_c_e_gamma_mixing_angles_polarization_05_local_minimum_477,C_e_gamma,polarization_cluster_05_local_minimum_477,8.3682267824647572e-01,3.1066765480623202e+00,kp,6.7809223719630274e-01,-1.4399791953510091e-01,-1.5509027617242468e-01,-6.3549743920720214e-01,6.6980996546228544e-01,3.9640610701049055e+00,2.2839530923435376e+01,4.7790721822792523e+00,2.2962227127420674e+00,2.2780515671151367e+00,0.0000000000000000e+00,0.0000000000000000e+00,3.1415926535897931e+00,0.0000000000000000e+00,7.1928521155094016e-02,3.1121724834878863e+00,8.4868106963629453e-01,1.6373722363678149e+00,7.3326169310130118e-01
max_c_e_gamma_mixing_angles_polarization_05_local_minimum_477,C_e_gamma,polarization_cluster_05_local_minimum_477,8.3682267824647572e-01,3.1066765480623202e+00,pp,2.4636077087141390e+00,1.0821168312629184e-01,1.2285372467267644e-01,2.2721611158552899e+00,2.2780515671151367e+00,8.4868106963629453e-01,2.2839530923435376e+01,4.7790721822792523e+00,2.2962227127420674e+00,2.2780515671151367e+00,0.0000000000000000e+00,0.0000000000000000e+00,3.1415926535897931e+00,0.0000000000000000e+00,7.1928521155094016e-02,3.1121724834878863e+00,8.4868106963629453e-01,1.6373722363678149e+00,7.3326169310130118e-01
max_c_e_gamma_mixing_angles_polarization_05_local_minimum_477,C_e_gamma,polarization_cluster_05_local_minimum_477,8.3682267824647572e-01,3.1066765480623202e+00,qout,1.6373722363678149e+00,3.5786236408809062e-02,3.2236551499748245e-02,-1.6366636766480878e+00,1.6373722363678149e+00,7.3326169310130118e-01,2.2839530923435376e+01,4.7790721822792523e+00,2.2962227127420674e+00,2.2780515671151367e+00,0.0000000000000000e+00,0.0000000000000000e+00,3.1415926535897931e+00,0.0000000000000000e+00,7.1928521155094016e-02,3.1121724834878863e+00,8.4868106963629453e-01,1.6373722363678149e+00,7.3326169310130118e-01
max_c_e_gamma_mixing_angles_polarization_05_local_minimum_480,C_e_gamma,polarization_cluster_05_local_minimum_480,2.3733258374780282e+00,3.1165111253090205e+00,k,1.9462449924198790e+00,0.0000000000000000e+00,0.0000000000000000e+00,-1.9433748681626395e+00,1.9433748681626395e+00,0.0000000000000000e+00,1.6844039341854863e+01,4.1041490399173934e+00,1.9433748681626395e+00,1.9386939004910786e+00,0.0000000000000000e+00,0.0000000000000000e+00,3.1415926535897931e+00,0.0000000000000000e+00,9.7318715605093101e-02,3.0234809531593307e+00,1.2196550882240451e+00,1.4190857897654272e+00,4.3811395863629299e+00
max_c_e_gamma_mixing_angles_polarization_05_local_minimum_480,C_e_gamma,polarization_cluster_05_local_minimum_480,2.3733258374780282e+00,3.1165111253090205e+00,p,2.1579040474975146e+00,0.0000000000000000e+00,0.0000000000000000e+00,1.9433748681626395e+00,1.9433748681626395e+00,0.0000000000000000e+00,1.6844039341854863e+01,4.1041490399173934e+00,1.9433748681626395e+00,1.9386939004910786e+00,0.0000000000000000e+00,0.0000000000000000e+00,3.1415926535897931e+00,0.0000000000000000e+00,9.7318715605093101e-02,3.0234809531593307e+00,1.2196550882240451e+00,1.4190857897654272e+00,4.3811395863629299e+00
max_c_e_gamma_mixing_angles_polarization_05_local_minimum_480,C_e_gamma,polarization_cluster_05_local_minimum_480,2.3733258374780282e+00,3.1165111253090205e+00,kp,5.3137384826466705e-01,-1.0410297962007972e-02,-1.8748605170592542e-02,-5.2032162150616212e-01,5.2076335729993750e-01,4.2055184955428420e+00,1.6844039341854863e+01,4.1041490399173934e+00,1.9433748681626395e+00,1.9386939004910786e+00,0.0000000000000000e+00,0.0000000000000000e+00,3.1415926535897931e+00,0.0000000000000000e+00,9.7318715605093101e-02,3.0234809531593307e+00,1.2196550882240451e+00,1.4190857897654272e+00,4.3811395863629299e+00
max_c_e_gamma_mixing_angles_polarization_05_local_minimum_480,C_e_gamma,polarization_cluster_05_local_minimum_480,2.3733258374780282e+00,3.1165111253090205e+00,pp,2.1536894018872155e+00,6.4794772465785161e-02,1.7687911903747688e-01,1.9295205245114511e+00,1.9386939004910786e+00,1.2196550882240451e+00,1.6844039341854863e+01,4.1041490399173934e+00,1.9433748681626395e+00,1.9386939004910786e+00,0.0000000000000000e+00,0.0000000000000000e+00,3.1415926535897931e+00,0.0000000000000000e+00,9.7318715605093101e-02,3.0234809531593307e+00,1.2196550882240451e+00,1.4190857897654272e+00,4.3811395863629299e+00
max_c_e_gamma_mixing_angles_polarization_05_local_minimum_480,C_e_gamma,polarization_cluster_05_local_minimum_480,2.3733258374780282e+00,3.1165111253090205e+00,qout,1.4190857897654272e+00,-5.4384474503777189e-02,-1.5813051386688434e-01,-1.4091989030052889e+00,1.4190857897654272e+00,4.3811395863629299e+00,1.6844039341854863e+01,4.1041490399173934e+00,1.9433748681626395e+00,1.9386939004910786e+00,0.0000000000000000e+00,0.0000000000000000e+00,3.1415926535897931e+00,0.0000000000000000e+00,9.7318715605093101e-02,3.0234809531593307e+00,1.2196550882240451e+00,1.4190857897654272e+00,4.3811395863629299e+00
max_c_e_gamma_mixing_angles_polarization_05_local_minimum_483,C_e_gamma,polarization_cluster_05_local_minimum_483,2.3018148434068997e+00,3.1010519832535022e+00,k,1.5076169648677284e+00,0.0000000000000000e+00,0.0000000000000000e+00,-1.5039099775065270e+00,1.5039099775065270e+00,0.0000000000000000e+00,1.0758858203168892e+01,3.2800698473003425e+00,1.5039099775065270e+00,1.4973899736538057e+00,0.0000000000000000e+00,0.0000000000000000e+00,3.1415926535897931e+00,0.0000000000000000e+00,1.3858376517145428e-02,3.0729803660507948e+00,2.1037605035450091e+00,8.7003668906217724e-01,2.1469558971678020e+00
max_c_e_gamma_mixing_angles_polarization_05_local_minimum_483,C_e_gamma,polarization_cluster_05_local_minimum_483,2.3018148434068997e+00,3.1010519832535022e+00,p,1.7724528824326140e+00,0.0000000000000000e+00,0.0000000000000000e+00,1.5039099775065270e+00,1.5039099775065270e+00,0.0000000000000000e+00,1.0758858203168892e+01,3.2800698473003425e+00,1.5039099775065270e+00,1.4973899736538057e+00,0.0000000000000000e+00,0.0000000000000000e+00,3.1415926535897931e+00,0.0000000000000000e+00,1.3858376517145428e-02,3.0729803660507948e+00,2.1037605035450091e+00,8.7003668906217724e-01,2.1469558971678020e+00
max_c_e_gamma_mixing_angles_polarization_05_local_minimum_483,C_e_gamma,polarization_cluster_05_local_minimum_483,2.3018148434068997e+00,3.1010519832535022e+00,kp,6.4310907011186180e-01,4.3040096935642418e-02,-6.7891516585097955e-02,-6.2925660566925357e-01,6.3437022608792459e-01,5.2774012150475773e+00,1.0758858203168892e+01,3.2800698473003425e+00,1.5039099775065270e+00,1.4973899736538057e+00,0.0000000000000000e+00,0.0000000000000000e+00,3.1415926535897931e+00,0.0000000000000000e+00,1.3858376517145428e-02,3.0729803660507948e+00,2.1037605035450091e+00,8.7003668906217724e-01,2.1469558971678020e+00
max_c_e_gamma_mixing_angles_polarization_05_local_minimum_483,C_e_gamma,polarization_cluster_05_local_minimum_483,2.3018148434068997e+00,3.1010519832535022e+00,pp,1.7669240881257307e+00,-1.0543209870074323e-02,1.7872703033745371e-02,1.4972461856391046e+00,1.4973899736538059e+00,2.1037605035450091e+00,1.0758858203168892e+01,3.2800698473003425e+00,1.5039099775065270e+00,1.4973899736538057e+00,0.0000000000000000e+00,0.0000000000000000e+00,3.1415926535897931e+00,0.0000000000000000e+00,1.3858376517145428e-02,3.0729803660507948e+00,2.1037605035450091e+00,8.7003668906217724e-01,2.1469558971678020e+00
max_c_e_gamma_mixing_angles_polarization_05_local_minimum_483,C_e_gamma,polarization_cluster_05_local_minimum_483,2.3018148434068997e+00,3.1010519832535022e+00,qout,8.7003668906217724e-01,-3.2496887065568095e-02,5.0018813551352584e-02,-8.6798957996985104e-01,8.7003668906217724e-01,2.1469558971678020e+00,1.0758858203168892e+01,3.2800698473003425e+00,1.5039099775065270e+00,1.4973899736538057e+00,0.0000000000000000e+00,0.0000000000000000e+00,3.1415926535897931e+00,0.0000000000000000e+00,1.3858376517145428e-02,3.0729803660507948e+00,2.1037605035450091e+00,8.7003668906217724e-01,2.1469558971678020e+00
max_c_e_gamma_mixing_angles_polarization_05_local_minimum_484,C_e_gamma,polarization_cluster_05_local_minimum_484,1.5718638886938197e+00,3.1409917364908067e+00,k,1.7154345470602519e+00,0.0000000000000000e+00,0.0000000000000000e+00,-1.7121775588222481e+00,1.7121775588222481e+00,0.0000000000000000e+00,1.3452127734030219e+01,3.6677142383274925e+00,1.7121775588222481e+00,1.6827645437951206e+00,0.0000000000000000e+00,0.0000000000000000e+00,3.1415926535897931e+00,0.0000000000000000e+00,3.1365653412788923e+00,9.1246881914936007e-01,1.1599284991320736e-05,1.3143652179469170e-01,0.0000000000000000e+00
max_c_e_gamma_mixing_angles_polarization_05_local_minimum_484,C_e_gamma,polarization_cluster_05_local_minimum_484,1.5718638886938197e+00,3.1409917364908067e+00,p,1.9522796912672407e+00,0.0000000000000000e+00,0.0000000000000000e+00,1.7121775588222481e+00,1.7121775588222481e+00,0.0000000000000000e+00,1.3452127734030219e+01,3.6677142383274925e+00,1.7121775588222481e+00,1.6827645437951206e+00,0.0000000000000000e+00,0.0000000000000000e+00,3.1415926535897931e+00,0.0000000000000000e+00,3.1365653412788923e+00,9.1246881914936007e-01,1.1599284991320736e-05,1.3143652179469170e-01,0.0000000000000000e+00
max_c_e_gamma_mixing_angles_polarization_05_local_minimum_484,C_e_gamma,polarization_cluster_05_local_minimum_484,1.5718638886938197e+00,3.1409917364908067e+00,kp,1.6097418331770688e+00,-1.1242821251741469e-01,-9.8127019562281321e-08,1.6023311062939207e+00,1.6062705491812301e+00,3.1415935263869081e+00,1.3452127734030219e+01,3.6677142383274925e+00,1.7121775588222481e+00,1.6827645437951206e+00,0.0000000000000000e+00,0.0000000000000000e+00,3.1415926535897931e+00,0.0000000000000000e+00,3.1365653412788923e+00,9.1246881914936007e-01,1.1599284991320736e-05,1.3143652179469170e-01,0.0000000000000000e+00
max_c_e_gamma_mixing_angles_polarization_05_local_minimum_484,C_e_gamma,polarization_cluster_05_local_minimum_484,1.5718638886938197e+00,3.1409917364908067e+00,pp,1.9265358833548885e+00,8.4597472716038038e-03,9.8127019562281321e-08,-1.6827432788545291e+00,1.6827645437951206e+00,1.1599284991320734e-05,1.3452127734030219e+01,3.6677142383274925e+00,1.7121775588222481e+00,1.6827645437951206e+00,0.0000000000000000e+00,0.0000000000000000e+00,3.1415926535897931e+00,0.0000000000000000e+00,3.1365653412788923e+00,9.1246881914936007e-01,1.1599284991320736e-05,1.3143652179469170e-01,0.0000000000000000e+00
max_c_e_gamma_mixing_angles_polarization_05_local_minimum_484,C_e_gamma,polarization_cluster_05_local_minimum_484,1.5718638886938197e+00,3.1409917364908067e+00,qout,1.3143652179469170e-01,1.0396846524581090e-01,0.0000000000000000e+00,8.0412172560608508e-02,1.3143652179469170e-01,0.0000000000000000e+00,1.3452127734030219e+01,3.6677142383274925e+00,1.7121775588222481e+00,1.6827645437951206e+00,0.0000000000000000e+00,0.0000000000000000e+00,3.1415926535897931e+00,0.0000000000000000e+00,3.1365653412788923e+00,9.1246881914936007e-01,1.1599284991320736e-05,1.3143652179469170e-01,0.0000000000000000e+00
max_c_e_gamma_mixing_angles_polarization_05_local_minimum_489,C_e_gamma,polarization_cluster_05_local_minimum_489,8.0848785888044972e-01,3.0910454254660960e+00,k,1.9910246727015475e+00,0.0000000000000000e+00,0.0000000000000000e+00,-1.9882191918883103e+00,1.9882191918883103e+00,0.0000000000000000e+00,1.7551082794203683e+01,4.1894012453098446e+00,1.9882191918883103e+00,1.9865234855348697e+00,0.0000000000000000e+00,0.0000000000000000e+00,3.1415926535897931e+00,0.0000000000000000e+00,1.0556392091916683e-01,3.0134381228255012e+00,9.7387530953729551e-01,9.8184041719642567e-01,4.1265853003609978e+00
max_c_e_gamma_mixing_angles_polarization_05_local_minimum_489,C_e_gamma,polarization_cluster_05_local_minimum_489,8.0848785888044972e-01,3.0910454254660960e+00,p,2.1983765726082973e+00,0.0000000000000000e+00,0.0000000000000000e+00,1.9882191918883103e+00,1.9882191918883103e+00,0.0000000000000000e+00,1.7551082794203683e+01,4.1894012453098446e+00,1.9882191918883103e+00,1.9865234855348697e+00,0.0000000000000000e+00,0.0000000000000000e+00,3.1415926535897931e+00,0.0000000000000000e+00,1.0556392091916683e-01,3.0134381228255012e+00,9.7387530953729551e-01,9.8184041719642567e-01,4.1265853003609978e+00
max_c_e_gamma_mixing_angles_polarization_05_local_minimum_489,C_e_gamma,polarization_cluster_05_local_minimum_489,8.0848785888044972e-01,3.0910454254660960e+00,kp,1.0107177389106075e+00,-4.8280420709129135e-02,-6.8557879476659714e-02,-1.0016763317424873e+00,1.0051799119736089e+00,4.0988306517744642e+00,1.7551082794203683e+01,4.1894012453098446e+00,1.9882191918883103e+00,1.9865234855348697e+00,0.0000000000000000e+00,0.0000000000000000e+00,3.1415926535897931e+00,0.0000000000000000e+00,1.0556392091916683e-01,3.0134381228255012e+00,9.7387530953729551e-01,9.8184041719642567e-01,4.1265853003609978e+00
max_c_e_gamma_mixing_angles_polarization_05_local_minimum_489,C_e_gamma,polarization_cluster_05_local_minimum_489,8.0848785888044972e-01,3.0910454254660960e+00,pp,2.1968430892035982e+00,1.1765619919586391e-01,1.7311898284462543e-01,1.9754651085633563e+00,1.9865234855348699e+00,9.7387530953729551e-01,1.7551082794203683e+01,4.1894012453098446e+00,1.9882191918883103e+00,1.9865234855348697e+00,0.0000000000000000e+00,0.0000000000000000e+00,3.1415926535897931e+00,0.0000000000000000e+00,1.0556392091916683e-01,3.0134381228255012e+00,9.7387530953729551e-01,9.8184041719642567e-01,4.1265853003609978e+00
max_c_e_gamma_mixing_angles_polarization_05_local_minimum_489,C_e_gamma,polarization_cluster_05_local_minimum_489,8.0848785888044972e-01,3.0910454254660960e+00,qout,9.8184041719642567e-01,-6.9375778486734777e-02,-1.0456110336796572e-01,-9.7378877682086906e-01,9.8184041719642567e-01,4.1265853003609978e+00,1.7551082794203683e+01,4.1894012453098446e+00,1.9882191918883103e+00,1.9865234855348697e+00,0.0000000000000000e+00,0.0000000000000000e+00,3.1415926535897931e+00,0.0000000000000000e+00,1.0556392091916683e-01,3.0134381228255012e+00,9.7387530953729551e-01,9.8184041719642567e-01,4.1265853003609978e+00
max_c_e_gamma_mixing_angles_polarization_05_local_minimum_496,C_e_gamma,polarization_cluster_05_local_minimum_496,2.3197657513874903e+00,3.1252966479636819e+00,k,2.0956901022794527e+00,0.0000000000000000e+00,0.0000000000000000e+00,-2.0930249192206869e+00,2.0930249192206869e+00,0.0000000000000000e+00,1.9265860621662213e+01,4.3892893071273189e+00,2.0930249192206869e+00,2.0862171989788014e+00,0.0000000000000000e+00,0.0000000000000000e+00,3.1415926535897931e+00,0.0000000000000000e+00,8.3284777196602447e-02,3.1161529335640896e+00,4.9660554205140102e+00,9.7415463393904844e-01,4.8750288139159670e+00
max_c_e_gamma_mixing_angles_polarization_05_local_minimum_496,C_e_gamma,polarization_cluster_05_local_minimum_496,2.3197657513874903e+00,3.1252966479636819e+00,p,2.2935992048478662e+00,0.0000000000000000e+00,0.0000000000000000e+00,2.0930249192206869e+00,2.0930249192206869e+00,0.0000000000000000e+00,1.9265860621662213e+01,4.3892893071273189e+00,2.0930249192206869e+00,2.0862171989788014e+00,0.0000000000000000e+00,0.0000000000000000e+00,3.1415926535897931e+00,0.0000000000000000e+00,8.3284777196602447e-02,3.1161529335640896e+00,4.9660554205140102e+00,9.7415463393904844e-01,4.8750288139159670e+00
max_c_e_gamma_mixing_angles_polarization_05_local_minimum_496,C_e_gamma,polarization_cluster_05_local_minimum_496,2.3197657513874903e+00,3.1252966479636819e+00,kp,1.1277461619559546e+00,-4.7565428266858896e-02,1.9244809427630832e-01,-1.1051465850900932e+00,1.1227856934843297e+00,1.8131000586006265e+00,1.9265860621662213e+01,4.3892893071273189e+00,2.0930249192206869e+00,2.0862171989788014e+00,0.0000000000000000e+00,0.0000000000000000e+00,3.1415926535897931e+00,0.0000000000000000e+00,8.3284777196602447e-02,3.1161529335640896e+00,4.9660554205140102e+00,9.7415463393904844e-01,4.8750288139159670e+00
max_c_e_gamma_mixing_angles_polarization_05_local_minimum_496,C_e_gamma,polarization_cluster_05_local_minimum_496,2.3197657513874903e+00,3.1252966479636819e+00,pp,2.2873885112317400e+00,4.3553030557199335e-02,-1.6799555512581640e-01,2.0789860096456176e+00,2.0862171989788014e+00,4.9660554205140102e+00,1.9265860621662213e+01,4.3892893071273189e+00,2.0930249192206869e+00,2.0862171989788014e+00,0.0000000000000000e+00,0.0000000000000000e+00,3.1415926535897931e+00,0.0000000000000000e+00,8.3284777196602447e-02,3.1161529335640896e+00,4.9660554205140102e+00,9.7415463393904844e-01,4.8750288139159670e+00
max_c_e_gamma_mixing_angles_polarization_05_local_minimum_496,C_e_gamma,polarization_cluster_05_local_minimum_496,2.3197657513874903e+00,3.1252966479636819e+00,qout,9.7415463393904844e-01,4.0123977096595612e-03,-2.4452539150491916e-02,-9.7383942455552430e-01,9.7415463393904844e-01,4.8750288139159670e+00,1.9265860621662213e+01,4.3892893071273189e+00,2.0930249192206869e+00,2.0862171989788014e+00,0.0000000000000000e+00,0.0000000000000000e+00,3.1415926535897931e+00,0.0000000000000000e+00,8.3284777196602447e-02,3.1161529335640896e+00,4.9660554205140102e+00,9.7415463393904844e-01,4.8750288139159670e+00
max_c_e_gamma_mixing_angles_polarization_05_local_minimum_498,C_e_gamma,polarization_cluster_05_local_minimum_498,9.9641213881438984e-01,2.9341472921618426e+00,k,1.2828579664703343e+00,0.0000000000000000e+00,0.0000000000000000e+00,-1.2784994602357493e+00,1.2784994602357493e+00,0.0000000000000000e+00,8.2285531333078570e+00,2.8685454734600002e+00,1.2784994602357493e+00,1.2711478978305710e+00,0.0000000000000000e+00,0.0000000000000000e+00,3.1415926535897931e+00,0.0000000000000000e+00,1.0256575894103384e+00,2.1136012126325410e+00,6.2728733357217710e+00,9.6220277738248416e-01,3.1375164816183965e+00
max_c_e_gamma_mixing_angles_polarization_05_local_minimum_498,C_e_gamma,polarization_cluster_05_local_minimum_498,9.9641213881438984e-01,2.9341472921618426e+00,p,1.5856875069896661e+00,0.0000000000000000e+00,0.0000000000000000e+00,1.2784994602357493e+00,1.2784994602357493e+00,0.0000000000000000e+00,8.2285531333078570e+00,2.8685454734600002e+00,1.2784994602357493e+00,1.2711478978305710e+00,0.0000000000000000e+00,0.0000000000000000e+00,3.1415926535897931e+00,0.0000000000000000e+00,1.0256575894103384e+00,2.1136012126325410e+00,6.2728733357217710e+00,9.6220277738248416e-01,3.1375164816183965e+00
max_c_e_gamma_mixing_angles_polarization_05_local_minimum_498,C_e_gamma,polarization_cluster_05_local_minimum_498,9.9641213881438984e-01,2.9341472921618426e+00,kp,3.2657658106045323e-01,-2.6295203277921408e-01,7.8495578440810638e-03,-1.6212089280153663e-01,3.0901225054006481e-01,3.1117498439781981e+00,8.2285531333078570e+00,2.8685454734600002e+00,1.2784994602357493e+00,1.2711478978305710e+00,0.0000000000000000e+00,0.0000000000000000e+00,3.1415926535897931e+00,0.0000000000000000e+00,1.0256575894103384e+00,2.1136012126325410e+00,6.2728733357217710e+00,9.6220277738248416e-01,3.1375164816183965e+00
max_c_e_gamma_mixing_angles_polarization_05_local_minimum_498,C_e_gamma,polarization_cluster_05_local_minimum_498,9.9641213881438984e-01,2.9341472921618426e+00,pp,1.5797661150180049e+00,1.0868440332945541e+00,-1.1207901923888465e-02,6.5913686620122414e-01,1.2711478978305710e+00,6.2728733357217710e+00,8.2285531333078570e+00,2.8685454734600002e+00,1.2784994602357493e+00,1.2711478978305710e+00,0.0000000000000000e+00,0.0000000000000000e+00,3.1415926535897931e+00,0.0000000000000000e+00,1.0256575894103384e+00,2.1136012126325410e+00,6.2728733357217710e+00,9.6220277738248416e-01,3.1375164816183965e+00
max_c_e_gamma_mixing_angles_polarization_05_local_minimum_498,C_e_gamma,polarization_cluster_05_local_minimum_498,9.9641213881438984e-01,2.9341472921618426e+00,qout,9.6220277738248416e-01,-8.2389200051534006e-01,3.3583440798074017e-03,-4.9701597339968751e-01,9.6220277738248416e-01,3.1375164816183965e+00,8.2285531333078570e+00,2.8685454734600002e+00,1.2784994602357493e+00,1.2711478978305710e+00,0.0000000000000000e+00,0.0000000000000000e+00,3.1415926535897931e+00,0.0000000000000000e+00,1.0256575894103384e+00,2.1136012126325410e+00,6.2728733357217710e+00,9.6220277738248416e-01,3.1375164816183965e+00
max_c_e_gamma_mixing_angles_polarization_05_local_minimum_505,C_e_gamma,polarization_cluster_05_local_minimum_505,2.2428776403082415e+00,2.9712446567603701e+00,k,2.2073917924708053e+00,0.0000000000000000e+00,0.0000000000000000e+00,-2.2048616358298259e+00,2.2048616358298259e+00,0.0000000000000000e+00,2.1192066794510719e+01,4.6034842016141120e+00,2.2048616358298259e+00,1.9582755917056858e+00,0.0000000000000000e+00,0.0000000000000000e+00,3.1415926535897931e+00,0.0000000000000000e+00,3.6348637675337137e-01,3.0868165215235970e+00,7.1547303531163909e-03,1.8265808919246127e+00,3.1333931294139856e+00
max_c_e_gamma_mixing_angles_polarization_05_local_minimum_505,C_e_gamma,polarization_cluster_05_local_minimum_505,2.2428776403082415e+00,2.9712446567603701e+00,p,2.3960924091433067e+00,0.0000000000000000e+00,0.0000000000000000e+00,2.2048616358298259e+00,2.2048616358298259e+00,0.0000000000000000e+00,2.1192066794510719e+01,4.6034842016141120e+00,2.2048616358298259e+00,1.9582755917056858e+00,0.0000000000000000e+00,0.0000000000000000e+00,3.1415926535897931e+00,0.0000000000000000e+00,3.6348637675337137e-01,3.0868165215235970e+00,7.1547303531163909e-03,1.8265808919246127e+00,3.1333931294139856e+00
max_c_e_gamma_mixing_angles_polarization_05_local_minimum_505,C_e_gamma,polarization_cluster_05_local_minimum_505,2.2428776403082415e+00,2.9712446567603701e+00,kp,6.0557024148730876e-01,-5.9621799440802170e-01,-5.8013024105925759e-03,-6.4863777345680607e-03,5.9628149817154175e-01,3.1513225164816068e+00,2.1192066794510719e+01,4.6034842016141120e+00,2.2048616358298259e+00,1.9582755917056858e+00,0.0000000000000000e+00,0.0000000000000000e+00,3.1415926535897931e+00,0.0000000000000000e+00,3.6348637675337137e-01,3.0868165215235970e+00,7.1547303531163909e-03,1.8265808919246127e+00,3.1333931294139856e+00
max_c_e_gamma_mixing_angles_polarization_05_local_minimum_505,C_e_gamma,polarization_cluster_05_local_minimum_505,2.2428776403082415e+00,2.9712446567603701e+00,pp,2.1713330682026317e+00,6.9621764278781439e-01,4.9813344999665521e-03,1.8303276955911016e+00,1.9582755917056858e+00,7.1547303531163901e-03,2.1192066794510719e+01,4.6034842016141120e+00,2.2048616358298259e+00,1.9582755917056858e+00,0.0000000000000000e+00,0.0000000000000000e+00,3.1415926535897931e+00,0.0000000000000000e+00,3.6348637675337137e-01,3.0868165215235970e+00,7.1547303531163909e-03,1.8265808919246127e+00,3.1333931294139856e+00
max_c_e_gamma_mixing_angles_polarization_05_local_minimum_505,C_e_gamma,polarization_cluster_05_local_minimum_505,2.2428776403082415e+00,2.9712446567603701e+00,qout,1.8265808919246127e+00,-9.9999648379792722e-02,8.1996791062602370e-04,-1.8238413178565336e+00,1.8265808919246127e+00,3.1333931294139856e+00,2.1192066794510719e+01,4.6034842016141120e+00,2.2048616358298259e+00,1.9582755917056858e+00,0.0000000000000000e+00,0.0000000000000000e+00,3.1415926535897931e+00,0.0000000000000000e+00,3.6348637675337137e-01,3.0868165215235970e+00,7.1547303531163909e-03,1.8265808919246127e+00,3.1333931294139856e+00
max_c_e_gamma_mixing_angles_polarization_05_local_minimum_506,C_e_gamma,polarization_cluster_05_local_minimum_506,7.7643281226685923e-01,3.1332352393658511e+00,k,2.3975101821973981e+00,0.0000000000000000e+00,0.0000000000000000e+00,-2.3951808661199059e+00,2.3951808661199059e+00,0.0000000000000000e+00,2.4699028880105583e+01,4.9698117549969218e+00,2.3951808661199059e+00,2.3885741920601422e+00,0.0000000000000000e+00,0.0000000000000000e+00,3.1415926535897931e+00,0.0000000000000000e+00,8.8653898637299722e-02,3.0379701816311639e+00,1.4821869239018510e+00,1.9891474394105426e+00,4.5894147346056480e+00
max_c_e_gamma_mixing_angles_polarization_05_local_minimum_506,C_e_gamma,polarization_cluster_05_local_minimum_506,7.7643281226685923e-01,3.1332352393658511e+00,p,2.5723015727995238e+00,0.0000000000000000e+00,0.0000000000000000e+00,2.3951808661199059e+00,2.3951808661199059e+00,0.0000000000000000e+00,2.4699028880105583e+01,4.9698117549969218e+00,2.3951808661199059e+00,2.3885741920601422e+00,0.0000000000000000e+00,0.0000000000000000e+00,3.1415926535897931e+00,0.0000000000000000e+00,8.8653898637299722e-02,3.0379701816311639e+00,1.4821869239018510e+00,1.9891474394105426e+00,4.5894147346056480e+00
max_c_e_gamma_mixing_angles_polarization_05_local_minimum_506,C_e_gamma,polarization_cluster_05_local_minimum_506,7.7643281226685923e-01,3.1332352393658511e+00,kp,4.1451337088725437e-01,6.5239076275420450e-03,-6.4515533014261883e-03,-4.0071618187974600e-01,4.0082120993157971e-01,5.5033633292129043e+00,2.4699028880105583e+01,4.9698117549969218e+00,2.3951808661199059e+00,2.3885741920601422e+00,0.0000000000000000e+00,0.0000000000000000e+00,3.1415926535897931e+00,0.0000000000000000e+00,8.8653898637299722e-02,3.0379701816311639e+00,1.4821869239018510e+00,1.9891474394105426e+00,4.5894147346056480e+00
max_c_e_gamma_mixing_angles_polarization_05_local_minimum_506,C_e_gamma,polarization_cluster_05_local_minimum_506,7.7643281226685923e-01,3.1332352393658511e+00,pp,2.5661509446982578e+00,1.8714527915083035e-02,2.1064945504637891e-01,2.3791938223922280e+00,2.3885741920601422e+00,1.4821869239018510e+00,2.4699028880105583e+01,4.9698117549969218e+00,2.3951808661199059e+00,2.3885741920601422e+00,0.0000000000000000e+00,0.0000000000000000e+00,3.1415926535897931e+00,0.0000000000000000e+00,8.8653898637299722e-02,3.0379701816311639e+00,1.4821869239018510e+00,1.9891474394105426e+00,4.5894147346056480e+00
max_c_e_gamma_mixing_angles_polarization_05_local_minimum_506,C_e_gamma,polarization_cluster_05_local_minimum_506,7.7643281226685923e-01,3.1332352393658511e+00,qout,1.9891474394105426e+00,-2.5238435542625080e-02,-2.0419790174495273e-01,-1.9784776405124820e+00,1.9891474394105426e+00,4.5894147346056480e+00,2.4699028880105583e+01,4.9698117549969218e+00,2.3951808661199059e+00,2.3885741920601422e+00,0.0000000000000000e+00,0.0000000000000000e+00,3.1415926535897931e+00,0.0000000000000000e+00,8.8653898637299722e-02,3.0379701816311639e+00,1.4821869239018510e+00,1.9891474394105426e+00,4.5894147346056480e+00
max_c_e_gamma_mixing_angles_polarization_05_local_minimum_509,C_e_gamma,polarization_cluster_05_local_minimum_509,7.8443620333756914e-01,3.0760059915984210e+00,k,2.3996146252887725e+00,0.0000000000000000e+00,0.0000000000000000e+00,-2.3972873539871014e+00,2.3972873539871014e+00,0.0000000000000000e+00,2.4739459915106465e+01,4.9738777543388082e+00,2.3972873539871014e+00,2.3935363394996214e+00,0.0000000000000000e+00,0.0000000000000000e+00,3.1415926535897931e+00,0.0000000000000000e+00,1.0903352109307989e-01,3.0182616344400719e+00,5.3651482464374354e+00,1.7690078125635234e+00,2.2409677430718742e+00
max_c_e_gamma_mixing_angles_polarization_05_local_minimum_509,C_e_gamma,polarization_cluster_05_local_minimum_509,7.8443620333756914e-01,3.0760059915984210e+00,p,2.5742631290500353e+00,0.0000000000000000e+00,0.0000000000000000e+00,2.3972873539871014e+00,2.3972873539871014e+00,0.0000000000000000e+00,2.4739459915106465e+01,4.9738777543388082e+00,2.3972873539871014e+00,2.3935363394996214e+00,0.0000000000000000e+00,0.0000000000000000e+00,3.1415926535897931e+00,0.0000000000000000e+00,1.0903352109307989e-01,3.0182616344400719e+00,5.3651482464374354e+00,1.7690078125635234e+00,2.2409677430718742e+00
max_c_e_gamma_mixing_angles_polarization_05_local_minimum_509,C_e_gamma,polarization_cluster_05_local_minimum_509,7.8443620333756914e-01,3.0760059915984210e+00,kp,6.3409958865084393e-01,-2.3028969441037828e-02,3.6358613102664722e-02,-6.2375180467362568e-01,6.2523483269398095e-01,2.1354019921117819e+00,2.4739459915106465e+01,4.9738777543388082e+00,2.3972873539871014e+00,2.3935363394996214e+00,0.0000000000000000e+00,0.0000000000000000e+00,3.1415926535897931e+00,0.0000000000000000e+00,1.0903352109307989e-01,3.0182616344400719e+00,5.3651482464374354e+00,1.7690078125635234e+00,2.2409677430718742e+00
max_c_e_gamma_mixing_angles_polarization_05_local_minimum_509,C_e_gamma,polarization_cluster_05_local_minimum_509,7.8443620333756914e-01,3.0760059915984210e+00,pp,2.5707703531247685e+00,1.5819771605089120e-01,-2.0691139624918364e-01,2.3793228795696777e+00,2.3935363394996219e+00,5.3651482464374354e+00,2.4739459915106465e+01,4.9738777543388082e+00,2.3972873539871014e+00,2.3935363394996214e+00,0.0000000000000000e+00,0.0000000000000000e+00,3.1415926535897931e+00,0.0000000000000000e+00,1.0903352109307989e-01,3.0182616344400719e+00,5.3651482464374354e+00,1.7690078125635234e+00,2.2409677430718742e+00
max_c_e_gamma_mixing_angles_polarization_05_local_minimum_509,C_e_gamma,polarization_cluster_05_local_minimum_509,7.8443620333756914e-01,3.0760059915984210e+00,qout,1.7690078125635234e+00,-1.3516874660985337e-01,1.7055278314651892e-01,-1.7555710748960520e+00,1.7690078125635234e+00,2.2409677430718742e+00,2.4739459915106465e+01,4.9738777543388082e+00,2.3972873539871014e+00,2.3935363394996214e+00,0.0000000000000000e+00,0.0000000000000000e+00,3.1415926535897931e+00,0.0000000000000000e+00,1.0903352109307989e-01,3.0182616344400719e+00,5.3651482464374354e+00,1.7690078125635234e+00,2.2409677430718742e+00
max_c_e_gamma_mixing_angles_polarization_05_local_minimum_511,C_e_gamma,polarization_cluster_05_local_minimum_511,7.4650481776636868e-01,3.1202796893024036e+00,k,1.1676183515599527e+00,0.0000000000000000e+00,0.0000000000000000e+00,-1.1628279849514640e+00,1.1628279849514640e+00,0.0000000000000000e+00,7.0841711360156667e+00,2.6616106281752914e+00,1.1628279849514640e+00,1.1551054156024554e+00,0.0000000000000000e+00,0.0000000000000000e+00,3.1415926535897931e+00,0.0000000000000000e+00,3.0152350490091625e-02,3.0696974673368995e+00,4.2774467085007153e+00,6.5175292128832041e-01,4.1847383349545835e+00
max_c_e_gamma_mixing_angles_polarization_05_local_minimum_511,C_e_gamma,polarization_cluster_05_local_minimum_511,7.4650481776636868e-01,3.1202796893024036e+00,p,1.4939922766153386e+00,0.0000000000000000e+00,0.0000000000000000e+00,1.1628279849514640e+00,1.1628279849514640e+00,0.0000000000000000e+00,7.0841711360156667e+00,2.6616106281752914e+00,1.1628279849514640e+00,1.1551054156024554e+00,0.0000000000000000e+00,0.0000000000000000e+00,3.1415926535897931e+00,0.0000000000000000e+00,3.0152350490091625e-02,3.0696974673368995e+00,4.2774467085007153e+00,6.5175292128832041e-01,4.1847383349545835e+00
max_c_e_gamma_mixing_angles_polarization_05_local_minimum_511,C_e_gamma,polarization_cluster_05_local_minimum_511,7.4650481776636868e-01,3.1202796893024036e+00,kp,5.2186828449377531e-01,3.8246177747629978e-02,7.2031565659032071e-02,-5.0451114703600186e-01,5.1106047983303993e-01,1.0826853485849819e+00,7.0841711360156667e+00,2.6616106281752914e+00,1.1628279849514640e+00,1.1551054156024554e+00,0.0000000000000000e+00,0.0000000000000000e+00,3.1415926535897931e+00,0.0000000000000000e+00,3.0152350490091625e-02,3.0696974673368995e+00,4.2774467085007153e+00,6.5175292128832041e-01,4.1847383349545835e+00
max_c_e_gamma_mixing_angles_polarization_05_local_minimum_511,C_e_gamma,polarization_cluster_05_local_minimum_511,7.4650481776636868e-01,3.1202796893024036e+00,pp,1.4879894223932242e+00,-1.4673316234780286e-02,-3.1581567962068652e-02,1.1545803651153317e+00,1.1551054156024554e+00,4.2774467085007153e+00,7.0841711360156667e+00,2.6616106281752914e+00,1.1628279849514640e+00,1.1551054156024554e+00,0.0000000000000000e+00,0.0000000000000000e+00,3.1415926535897931e+00,0.0000000000000000e+00,3.0152350490091625e-02,3.0696974673368995e+00,4.2774467085007153e+00,6.5175292128832041e-01,4.1847383349545835e+00
max_c_e_gamma_mixing_angles_polarization_05_local_minimum_511,C_e_gamma,polarization_cluster_05_local_minimum_511,7.4650481776636868e-01,3.1202796893024036e+00,qout,6.5175292128832041e-01,-2.3572861512849690e-02,-4.0449997696963419e-02,-6.5006921807932982e-01,6.5175292128832041e-01,4.1847383349545835e+00,7.0841711360156667e+00,2.6616106281752914e+00,1.1628279849514640e+00,1.1551054156024554e+00,0.0000000000000000e+00,0.0000000000000000e+00,3.1415926535897931e+00,0.0000000000000000e+00,3.0152350490091625e-02,3.0696974673368995e+00,4.2774467085007153e+00,6.5175292128832041e-01,4.1847383349545835e+00
max_c_e_gamma_mixing_angles_polarization_05_local_minimum_516,C_e_gamma,polarization_cluster_05_local_minimum_516,1.0542174792618466e+00,2.9492352517941911e+00,k,1.2307814089143045e+00,0.0000000000000000e+00,0.0000000000000000e+00,-1.2262378171528481e+00,1.2262378171528481e+00,0.0000000000000000e+00,7.6986340218080045e+00,2.7746412420001265e+00,1.2262378171528481e+00,1.2193327909466245e+00,0.0000000000000000e+00,0.0000000000000000e+00,3.1415926535897931e+00,0.0000000000000000e+00,1.2169057190928354e+00,1.9222712694488835e+00,5.7965561262194581e-03,8.9686455280062105e-01,3.1414899110466408e+00
max_c_e_gamma_mixing_angles_polarization_05_local_minimum_516,C_e_gamma,polarization_cluster_05_local_minimum_516,1.0542174792618466e+00,2.9492352517941911e+00,p,1.5438598330858218e+00,0.0000000000000000e+00,0.0000000000000000e+00,1.2262378171528481e+00,1.2262378171528481e+00,0.0000000000000000e+00,7.6986340218080045e+00,2.7746412420001265e+00,1.2262378171528481e+00,1.2193327909466245e+00,0.0000000000000000e+00,0.0000000000000000e+00,3.1415926535897931e+00,0.0000000000000000e+00,1.2169057190928354e+00,1.9222712694488835e+00,5.7965561262194581e-03,8.9686455280062105e-01,3.1414899110466408e+00
max_c_e_gamma_mixing_angles_polarization_05_local_minimum_516,C_e_gamma,polarization_cluster_05_local_minimum_516,1.0542174792618466e+00,2.9492352517941911e+00,kp,3.3939557417127725e-01,-3.0171780903319856e-01,-6.7164178109487653e-03,-1.1378451958745106e-01,3.2253009697352580e-01,3.1638495722568845e+00,7.6986340218080045e+00,2.7746412420001265e+00,1.2262378171528481e+00,1.2193327909466245e+00,0.0000000000000000e+00,0.0000000000000000e+00,3.1415926535897931e+00,0.0000000000000000e+00,1.2169057190928354e+00,1.9222712694488835e+00,5.7965561262194581e-03,8.9686455280062105e-01,3.1414899110466408e+00
max_c_e_gamma_mixing_angles_polarization_05_local_minimum_516,C_e_gamma,polarization_cluster_05_local_minimum_516,1.0542174792618466e+00,2.9492352517941911e+00,pp,1.5383811150289399e+00,1.1437533829994269e+00,6.6299049343502160e-03,4.2255969793108777e-01,1.2193327909466243e+00,5.7965561262194581e-03,7.6986340218080045e+00,2.7746412420001265e+00,1.2262378171528481e+00,1.2193327909466245e+00,0.0000000000000000e+00,0.0000000000000000e+00,3.1415926535897931e+00,0.0000000000000000e+00,1.2169057190928354e+00,1.9222712694488835e+00,5.7965561262194581e-03,8.9686455280062105e-01,3.1414899110466408e+00
max_c_e_gamma_mixing_angles_polarization_05_local_minimum_516,C_e_gamma,polarization_cluster_05_local_minimum_516,1.0542174792618466e+00,2.9492352517941911e+00,qout,8.9686455280062105e-01,-8.4203557396622830e-01,8.6512876598549135e-05,-3.0877517834363671e-01,8.9686455280062105e-01,3.1414899110466408e+00,7.6986340218080045e+00,2.7746412420001265e+00,1.2262378171528481e+00,1.2193327909466245e+00,0.0000000000000000e+00,0.0000000000000000e+00,3.1415926535897931e+00,0.0000000000000000e+00,1.2169057190928354e+00,1.9222712694488835e+00,5.7965561262194581e-03,8.9686455280062105e-01,3.1414899110466408e+00
max_c_e_gamma_mixing_angles_polarization_05_local_minimum_517,C_e_gamma,polarization_cluster_05_local_minimum_517,1.8289851196762004e+00,3.0095681885177101e+00,k,2.3591496434599719e+00,0.0000000000000000e+00,0.0000000000000000e+00,-2.3567824142088325e+00,2.3567824142088325e+00,0.0000000000000000e+00,2.3968225198765083e+01,4.8957354093910226e+00,2.3567824142088325e+00,1.8330358080170219e+00,0.0000000000000000e+00,0.0000000000000000e+00,3.1415926535897931e+00,0.0000000000000000e+00,1.8250093407677386e+00,1.6996402597891154e+00,6.2782970168486196e+00,1.9556783618615050e+00,3.3961313007647287e+00
max_c_e_gamma_mixing_angles_polarization_05_local_minimum_517,C_e_gamma,polarization_cluster_05_local_minimum_517,1.8289851196762004e+00,3.0095681885177101e+00,p,2.5365857659310502e+00,0.0000000000000000e+00,0.0000000000000000e+00,2.3567824142088325e+00,2.3567824142088325e+00,0.0000000000000000e+00,2.3968225198765083e+01,4.8957354093910226e+00,2.3567824142088325e+00,1.8330358080170219e+00,0.0000000000000000e+00,0.0000000000000000e+00,3.1415926535897931e+00,0.0000000000000000e+00,1.8250093407677386e+00,1.6996402597891154e+00,6.2782970168486196e+00,1.9556783618615050e+00,3.3961313007647287e+00
max_c_e_gamma_mixing_angles_polarization_05_local_minimum_517,C_e_gamma,polarization_cluster_05_local_minimum_517,1.8289851196762004e+00,3.0095681885177101e+00,kp,8.8096397690920658e-01,1.0287382868434114e-01,4.9702838711427555e-01,7.1225949911025599e-01,8.7460496013822497e-01,1.3667004612332212e+00,2.3968225198765083e+01,4.8957354093910226e+00,2.3567824142088325e+00,1.8330358080170219e+00,0.0000000000000000e+00,0.0000000000000000e+00,3.1415926535897931e+00,0.0000000000000000e+00,1.8250093407677386e+00,1.6996402597891154e+00,6.2782970168486196e+00,1.9556783618615050e+00,3.3961313007647287e+00
max_c_e_gamma_mixing_angles_polarization_05_local_minimum_517,C_e_gamma,polarization_cluster_05_local_minimum_517,1.8289851196762004e+00,3.0095681885177101e+00,pp,2.0590930706193480e+00,1.7741036076825851e+00,-8.6724025884701694e-03,-4.6097879790028962e-01,1.8330358080170219e+00,6.2782970168486196e+00,2.3968225198765083e+01,4.8957354093910226e+00,2.3567824142088325e+00,1.8330358080170219e+00,0.0000000000000000e+00,0.0000000000000000e+00,3.1415926535897931e+00,0.0000000000000000e+00,1.8250093407677386e+00,1.6996402597891154e+00,6.2782970168486196e+00,1.9556783618615050e+00,3.3961313007647287e+00
max_c_e_gamma_mixing_angles_polarization_05_local_minimum_517,C_e_gamma,polarization_cluster_05_local_minimum_517,1.8289851196762004e+00,3.0095681885177101e+00,qout,1.9556783618615050e+00,-1.8769774363669263e+00,-4.8835598452580536e-01,-2.5128070120996632e-01,1.9556783618615050e+00,3.3961313007647282e+00,2.3968225198765083e+01,4.8957354093910226e+00,2.3567824142088325e+00,1.8330358080170219e+00,0.0000000000000000e+00,0.0000000000000000e+00,3.1415926535897931e+00,0.0000000000000000e+00,1.8250093407677386e+00,1.6996402597891154e+00,6.2782970168486196e+00,1.9556783618615050e+00,3.3961313007647287e+00
max_c_e_gamma_mixing_angles_polarization_05_local_minimum_521,C_e_gamma,polarization_cluster_05_local_minimum_521,2.4085688934337539e+00,3.1329305480598020e+00,k,1.1645115876967491e+00,0.0000000000000000e+00,0.0000000000000000e+00,-1.1597083881591546e+00,1.1597083881591546e+00,0.0000000000000000e+00,7.0547453262201127e+00,2.6560770557760769e+00,1.1597083881591546e+00,1.1540157756489235e+00,0.0000000000000000e+00,0.0000000000000000e+00,3.1415926535897931e+00,0.0000000000000000e+00,2.0673329751733489e-02,3.0657182204478461e+00,1.6593199010980333e+00,5.7885091335197458e-01,1.6060618432703679e+00
max_c_e_gamma_mixing_angles_polarization_05_local_minimum_521,C_e_gamma,polarization_cluster_05_local_minimum_521,2.4085688934337539e+00,3.1329305480598020e+00,p,1.4915654680793278e+00,0.0000000000000000e+00,0.0000000000000000e+00,1.1597083881591546e+00,1.1597083881591546e+00,0.0000000000000000e+00,7.0547453262201127e+00,2.6560770557760769e+00,1.1597083881591546e+00,1.1540157756489235e+00,0.0000000000000000e+00,0.0000000000000000e+00,3.1415926535897931e+00,0.0000000000000000e+00,2.0673329751733489e-02,3.0657182204478461e+00,1.6593199010980333e+00,5.7885091335197458e-01,1.6060618432703679e+00
max_c_e_gamma_mixing_angles_polarization_05_local_minimum_521,C_e_gamma,polarization_cluster_05_local_minimum_521,2.4085688934337539e+00,3.1329305480598020e+00,kp,5.9008243368278135e-01,3.6560848341681638e-03,-6.7612813538279665e-02,-5.7658366844441433e-01,5.8054593808560495e-01,4.7664102145424794e+00,7.0547453262201127e+00,2.6560770557760769e+00,1.1597083881591546e+00,1.1540157756489235e+00,0.0000000000000000e+00,0.0000000000000000e+00,3.1415926535897931e+00,0.0000000000000000e+00,2.0673329751733489e-02,3.0657182204478461e+00,1.6593199010980333e+00,5.7885091335197458e-01,1.6060618432703679e+00
max_c_e_gamma_mixing_angles_polarization_05_local_minimum_521,C_e_gamma,polarization_cluster_05_local_minimum_521,2.4085688934337539e+00,3.1329305480598020e+00,pp,1.4871437087405461e+00,-2.1090302823960436e-03,2.3762238862217878e-02,1.1537691790137703e+00,1.1540157756489235e+00,1.6593199010980333e+00,7.0547453262201127e+00,2.6560770557760769e+00,1.1597083881591546e+00,1.1540157756489235e+00,0.0000000000000000e+00,0.0000000000000000e+00,3.1415926535897931e+00,0.0000000000000000e+00,2.0673329751733489e-02,3.0657182204478461e+00,1.6593199010980333e+00,5.7885091335197458e-01,1.6060618432703679e+00
max_c_e_gamma_mixing_angles_polarization_05_local_minimum_521,C_e_gamma,polarization_cluster_05_local_minimum_521,2.4085688934337539e+00,3.1329305480598020e+00,qout,5.7885091335197458e-01,-1.5470545517721201e-03,4.3850574676061793e-02,-5.7718551056935596e-01,5.7885091335197458e-01,1.6060618432703679e+00,7.0547453262201127e+00,2.6560770557760769e+00,1.1597083881591546e+00,1.1540157756489235e+00,0.0000000000000000e+00,0.0000000000000000e+00,3.1415926535897931e+00,0.0000000000000000e+00,2.0673329751733489e-02,3.0657182204478461e+00,1.6593199010980333e+00,5.7885091335197458e-01,1.6060618432703679e+00
max_c_e_gamma_mixing_angles_polarization_05_local_minimum_524,C_e_gamma,polarization_cluster_05_local_minimum_524,2.4255642022559747e+00,3.1343410498830111e+00,k,8.6560149463832570e-01,0.0000000000000000e+00,0.0000000000000000e+00,-8.5912877684710587e-01,8.5912877684710587e-01,0.0000000000000000e+00,4.5692767194421906e+00,2.1375866577620171e+00,8.5912877684710587e-01,7.6218343126961108e-01,0.0000000000000000e+00,0.0000000000000000e+00,3.1415926535897931e+00,0.0000000000000000e+00,4.1788014330846324e-01,3.1270007893122296e+00,3.7415311608675655e-01,5.7820628112202554e-01,5.4987634739791984e+00
max_c_e_gamma_mixing_angles_polarization_05_local_minimum_524,C_e_gamma,polarization_cluster_05_local_minimum_524,2.4255642022559747e+00,3.1343410498830111e+00,p,1.2719851631236916e+00,0.0000000000000000e+00,0.0000000000000000e+00,8.5912877684710587e-01,8.5912877684710587e-01,0.0000000000000000e+00,4.5692767194421906e+00,2.1375866577620171e+00,8.5912877684710587e-01,7.6218343126961108e-01,0.0000000000000000e+00,0.0000000000000000e+00,3.1415926535897931e+00,0.0000000000000000e+00,4.1788014330846324e-01,3.1270007893122296e+00,3.7415311608675655e-01,5.7820628112202554e-01,5.4987634739791984e+00
max_c_e_gamma_mixing_angles_polarization_05_local_minimum_524,C_e_gamma,polarization_cluster_05_local_minimum_524,2.4255642022559747e+00,3.1343410498830111e+00,kp,3.5075819295161320e-01,-2.9388481159691388e-01,-1.0708890133361415e-01,-1.1845379830629332e-01,3.3446616810879709e-01,3.4910297617760633e+00,4.5692767194421906e+00,2.1375866577620171e+00,8.5912877684710587e-01,7.6218343126961108e-01,0.0000000000000000e+00,0.0000000000000000e+00,3.1415926535897931e+00,0.0000000000000000e+00,4.1788014330846324e-01,3.1270007893122296e+00,3.7415311608675655e-01,5.7820628112202554e-01,5.4987634739791984e+00
max_c_e_gamma_mixing_angles_polarization_05_local_minimum_524,C_e_gamma,polarization_cluster_05_local_minimum_524,2.4255642022559747e+00,3.1343410498830111e+00,pp,1.2086221836876558e+00,2.8791326565342279e-01,1.1304879824544972e-01,6.9659852395620181e-01,7.6218343126961097e-01,3.7415311608675661e-01,4.5692767194421906e+00,2.1375866577620171e+00,8.5912877684710587e-01,7.6218343126961108e-01,0.0000000000000000e+00,0.0000000000000000e+00,3.1415926535897931e+00,0.0000000000000000e+00,4.1788014330846324e-01,3.1270007893122296e+00,3.7415311608675655e-01,5.7820628112202554e-01,5.4987634739791984e+00
max_c_e_gamma_mixing_angles_polarization_05_local_minimum_524,C_e_gamma,polarization_cluster_05_local_minimum_524,2.4255642022559747e+00,3.1343410498830111e+00,qout,5.7820628112202554e-01,5.9715459434910960e-03,-5.9598969118355759e-03,-5.7814472564990849e-01,5.7820628112202554e-01,5.4987634739791984e+00,4.5692767194421906e+00,2.1375866577620171e+00,8.5912877684710587e-01,7.6218343126961108e-01,0.0000000000000000e+00,0.0000000000000000e+00,3.1415926535897931e+00,0.0000000000000000e+00,4.1788014330846324e-01,3.1270007893122296e+00,3.7415311608675655e-01,5.7820628112202554e-01,5.4987634739791984e+00
max_c_e_gamma_mixing_angles_polarization_05_local_minimum_528,C_e_gamma,polarization_cluster_05_local_minimum_528,2.3800428509880653e+00,3.1345339992704058e+00,k,1.3075298836698102e+00,0.0000000000000000e+00,0.0000000000000000e+00,-1.3032538909883555e+00,1.3032538909883555e+00,0.0000000000000000e+00,8.4869849447291568e+00,2.9132430287789512e+00,1.3032538909883555e+00,1.2947817693663710e+00,0.0000000000000000e+00,0.0000000000000000e+00,3.1415926535897931e+00,0.0000000000000000e+00,1.1915773148464613e-01,2.9900662588106344e+00,1.3468589734088849e+00,9.8479478303592682e-01,4.5338493916711293e+00
max_c_e_gamma_mixing_angles_polarization_05_local_minimum_528,C_e_gamma,polarization_cluster_05_local_minimum_528,2.3800428509880653e+00,3.1345339992704058e+00,p,1.6057131451091409e+00,0.0000000000000000e+00,0.0000000000000000e+00,1.3032538909883555e+00,1.3032538909883555e+00,0.0000000000000000e+00,8.4869849447291568e+00,2.9132430287789512e+00,1.3032538909883555e+00,1.2947817693663710e+00,0.0000000000000000e+00,0.0000000000000000e+00,3.1415926535897931e+00,0.0000000000000000e+00,1.1915773148464613e-01,2.9900662588106344e+00,1.3468589734088849e+00,9.8479478303592682e-01,4.5338493916711293e+00
max_c_e_gamma_mixing_angles_polarization_05_local_minimum_528,C_e_gamma,polarization_cluster_05_local_minimum_528,2.3800428509880653e+00,3.1345339992704058e+00,kp,3.2960371600094424e-01,-7.7812254924255232e-03,-3.7861029997185991e-03,-3.1208978714825586e-01,3.1220973285330506e-01,3.5944378345249479e+00,8.4869849447291568e+00,2.9132430287789512e+00,1.3032538909883555e+00,1.2947817693663710e+00,0.0000000000000000e+00,0.0000000000000000e+00,3.1415926535897931e+00,0.0000000000000000e+00,1.1915773148464613e-01,2.9900662588106344e+00,1.3468589734088849e+00,9.8479478303592682e-01,4.5338493916711293e+00
max_c_e_gamma_mixing_angles_polarization_05_local_minimum_528,C_e_gamma,polarization_cluster_05_local_minimum_528,2.3800428509880653e+00,3.1345339992704058e+00,pp,1.5988445297412472e+00,3.4180720618375106e-02,1.5007517297357059e-01,1.2856006188075952e+00,1.2947817693663710e+00,1.3468589734088849e+00,8.4869849447291568e+00,2.9132430287789512e+00,1.3032538909883555e+00,1.2947817693663710e+00,0.0000000000000000e+00,0.0000000000000000e+00,3.1415926535897931e+00,0.0000000000000000e+00,1.1915773148464613e-01,2.9900662588106344e+00,1.3468589734088849e+00,9.8479478303592682e-01,4.5338493916711293e+00
max_c_e_gamma_mixing_angles_polarization_05_local_minimum_528,C_e_gamma,polarization_cluster_05_local_minimum_528,2.3800428509880653e+00,3.1345339992704058e+00,qout,9.8479478303592682e-01,-2.6399495125949583e-02,-1.4628906997385199e-01,-9.7351083165933938e-01,9.8479478303592682e-01,4.5338493916711293e+00,8.4869849447291568e+00,2.9132430287789512e+00,1.3032538909883555e+00,1.2947817693663710e+00,0.0000000000000000e+00,0.0000000000000000e+00,3.1415926535897931e+00,0.0000000000000000e+00,1.1915773148464613e-01,2.9900662588106344e+00,1.3468589734088849e+00,9.8479478303592682e-01,4.5338493916711293e+00
max_c_e_gamma_mixing_angles_polarization_05_local_minimum_529,C_e_gamma,polarization_cluster_05_local_minimum_529,2.4212083611541271e+00,3.0465812328737298e+00,k,1.2294168012630002e+00,0.0000000000000000e+00,0.0000000000000000e+00,-1.2248681475630137e+00,1.2248681475630137e+00,0.0000000000000000e+00,7.6850317110581789e+00,2.7721889746296475e+00,1.2248681475630137e+00,1.2163464973824685e+00,0.0000000000000000e+00,0.0000000000000000e+00,3.1415926535897931e+00,0.0000000000000000e+00,1.7489338982558875e-02,3.0737222758158333e+00,3.6790831053437252e+00,7.7227319959752283e-01,3.7132640000111179e+00
max_c_e_gamma_mixing_angles_polarization_05_local_minimum_529,C_e_gamma,polarization_cluster_05_local_minimum_529,2.4212083611541271e+00,3.0465812328737298e+00,p,1.5427721733666473e+00,0.0000000000000000e+00,0.0000000000000000e+00,1.2248681475630137e+00,1.2248681475630137e+00,0.0000000000000000e+00,7.6850317110581789e+00,2.7721889746296475e+00,1.2248681475630137e+00,1.2163464973824685e+00,0.0000000000000000e+00,0.0000000000000000e+00,3.1415926535897931e+00,0.0000000000000000e+00,1.7489338982558875e-02,3.0737222758158333e+00,3.6790831053437252e+00,7.7227319959752283e-01,3.7132640000111179e+00
max_c_e_gamma_mixing_angles_polarization_05_local_minimum_529,C_e_gamma,polarization_cluster_05_local_minimum_529,2.4212083611541271e+00,3.0465812328737298e+00,kp,4.6390054018049048e-01,6.2319205437329911e-02,3.9227361953729438e-02,-4.4566528872491606e-01,4.5170789108277914e-01,5.6179910144447909e-01,7.6850317110581789e+00,2.7721889746296475e+00,1.2248681475630137e+00,1.2163464973824685e+00,0.0000000000000000e+00,0.0000000000000000e+00,3.1415926535897931e+00,0.0000000000000000e+00,1.7489338982558875e-02,3.0737222758158333e+00,3.6790831053437252e+00,7.7227319959752283e-01,3.7132640000111179e+00
max_c_e_gamma_mixing_angles_polarization_05_local_minimum_529,C_e_gamma,polarization_cluster_05_local_minimum_529,2.4212083611541271e+00,3.0465812328737298e+00,pp,1.5360152348510738e+00,-1.8272577849747437e-02,-1.0890885276188823e-02,1.2161604759287423e+00,1.2163464973824685e+00,3.6790831053437252e+00,7.6850317110581789e+00,2.7721889746296475e+00,1.2248681475630137e+00,1.2163464973824685e+00,0.0000000000000000e+00,0.0000000000000000e+00,3.1415926535897931e+00,0.0000000000000000e+00,1.7489338982558875e-02,3.0737222758158333e+00,3.6790831053437252e+00,7.7227319959752283e-01,3.7132640000111179e+00
max_c_e_gamma_mixing_angles_polarization_05_local_minimum_529,C_e_gamma,polarization_cluster_05_local_minimum_529,2.4212083611541271e+00,3.0465812328737298e+00,qout,7.7227319959752283e-01,-4.4046627587582474e-02,-2.8336476677540613e-02,-7.7049518720382626e-01,7.7227319959752283e-01,3.7132640000111174e+00,7.6850317110581789e+00,2.7721889746296475e+00,1.2248681475630137e+00,1.2163464973824685e+00,0.0000000000000000e+00,0.0000000000000000e+00,3.1415926535897931e+00,0.0000000000000000e+00,1.7489338982558875e-02,3.0737222758158333e+00,3.6790831053437252e+00,7.7227319959752283e-01,3.7132640000111179e+00
max_c_e_gamma_mixing_angles_polarization_05_local_minimum_532,C_e_gamma,polarization_cluster_05_local_minimum_532,2.2949131650646128e+00,3.1092843848315628e+00,k,1.1579569007699912e+00,0.0000000000000000e+00,0.0000000000000000e+00,-1.1531263988512033e+00,1.1531263988512033e+00,0.0000000000000000e+00,6.9929072288557785e+00,2.6444105635955584e+00,1.1531263988512033e+00,1.1425683474791515e+00,0.0000000000000000e+00,0.0000000000000000e+00,3.1415926535897931e+00,0.0000000000000000e+00,1.4417723241878877e-01,2.9402590695302817e+00,5.5007057325709257e+00,8.4987045214757961e-01,2.3819006268375000e+00
max_c_e_gamma_mixing_angles_polarization_05_local_minimum_532,C_e_gamma,polarization_cluster_05_local_minimum_532,2.2949131650646128e+00,3.1092843848315628e+00,p,1.4864536628255669e+00,0.0000000000000000e+00,0.0000000000000000e+00,1.1531263988512033e+00,1.1531263988512033e+00,0.0000000000000000e+00,6.9929072288557785e+00,2.6444105635955584e+00,1.1531263988512033e+00,1.1425683474791515e+00,0.0000000000000000e+00,0.0000000000000000e+00,3.1415926535897931e+00,0.0000000000000000e+00,1.4417723241878877e-01,2.9402590695302817e+00,5.5007057325709257e+00,8.4987045214757961e-01,2.3819006268375000e+00
max_c_e_gamma_mixing_angles_polarization_05_local_minimum_532,C_e_gamma,polarization_cluster_05_local_minimum_532,2.2949131650646128e+00,3.1092843848315628e+00,kp,3.1626191413235616e-01,6.8061928286514556e-03,-1.3059573844572403e-03,-2.9800985928631962e-01,2.9809043261628310e-01,6.0936116021326923e+00,6.9929072288557785e+00,2.6444105635955584e+00,1.1531263988512033e+00,1.1425683474791515e+00,0.0000000000000000e+00,0.0000000000000000e+00,3.1415926535897931e+00,0.0000000000000000e+00,1.4417723241878877e-01,2.9402590695302817e+00,5.5007057325709257e+00,8.4987045214757961e-01,2.3819006268375000e+00
max_c_e_gamma_mixing_angles_polarization_05_local_minimum_532,C_e_gamma,polarization_cluster_05_local_minimum_532,2.2949131650646128e+00,3.1092843848315628e+00,pp,1.4782781973164723e+00,1.1641851298904247e-01,-1.1574093310853849e-01,1.1307135777454094e+00,1.1425683474791515e+00,5.5007057325709257e+00,6.9929072288557785e+00,2.6444105635955584e+00,1.1531263988512033e+00,1.1425683474791515e+00,0.0000000000000000e+00,0.0000000000000000e+00,3.1415926535897931e+00,0.0000000000000000e+00,1.4417723241878877e-01,2.9402590695302817e+00,5.5007057325709257e+00,8.4987045214757961e-01,2.3819006268375000e+00
max_c_e_gamma_mixing_angles_polarization_05_local_minimum_532,C_e_gamma,polarization_cluster_05_local_minimum_532,2.2949131650646128e+00,3.1092843848315628e+00,qout,8.4987045214757961e-01,-1.2322470581769393e-01,1.1704689049299573e-01,-8.3270371845908975e-01,8.4987045214757972e-01,2.3819006268375000e+00,6.9929072288557785e+00,2.6444105635955584e+00,1.1531263988512033e+00,1.1425683474791515e+00,0.0000000000000000e+00,0.0000000000000000e+00,3.1415926535897931e+00,0.0000000000000000e+00,1.4417723241878877e-01,2.9402590695302817e+00,5.5007057325709257e+00,8.4987045214757961e-01,2.3819006268375000e+00
max_c_e_gamma_mixing_angles_polarization_05_local_minimum_533,C_e_gamma,polarization_cluster_05_local_minimum_533,2.3278128476737985e+00,3.1330397165331076e+00,k,1.9884954046585026e+00,0.0000000000000000e+00,0.0000000000000000e+00,-1.9856863503672182e+00,1.9856863503672182e+00,0.0000000000000000e+00,1.7510722604306228e+01,4.1845815327588287e+00,1.9856863503672182e+00,1.9781711069885737e+00,0.0000000000000000e+00,0.0000000000000000e+00,3.1415926535897931e+00,0.0000000000000000e+00,9.7277368994614810e-02,3.0161362410728421e+00,1.4507952345953445e+00,1.5867578179199318e+00,4.5613276209215918e+00
max_c_e_gamma_mixing_angles_polarization_05_local_minimum_533,C_e_gamma,polarization_cluster_05_local_minimum_533,2.3278128476737985e+00,3.1330397165331076e+00,p,2.1960861281003261e+00,0.0000000000000000e+00,0.0000000000000000e+00,1.9856863503672182e+00,1.9856863503672182e+00,0.0000000000000000e+00,1.7510722604306228e+01,4.1845815327588287e+00,1.9856863503672182e+00,1.9781711069885737e+00,0.0000000000000000e+00,0.0000000000000000e+00,3.1415926535897931e+00,0.0000000000000000e+00,9.7277368994614810e-02,3.0161362410728421e+00,1.4507952345953445e+00,1.5867578179199318e+00,4.5613276209215918e+00
max_c_e_gamma_mixing_angles_polarization_05_local_minimum_533,C_e_gamma,polarization_cluster_05_local_minimum_533,2.3278128476737985e+00,3.1330397165331076e+00,kp,4.0853046620336220e-01,6.8785954846273326e-03,5.5398359940742881e-03,-3.9453193108334728e-01,3.9463077617316855e-01,6.7800866615653488e-01,1.7510722604306228e+01,4.1845815327588287e+00,1.9856863503672182e+00,1.9781711069885737e+00,0.0000000000000000e+00,0.0000000000000000e+00,3.1415926535897931e+00,0.0000000000000000e+00,9.7277368994614810e-02,3.0161362410728421e+00,1.4507952345953445e+00,1.5867578179199318e+00,4.5613276209215918e+00
max_c_e_gamma_mixing_angles_polarization_05_local_minimum_533,C_e_gamma,polarization_cluster_05_local_minimum_533,2.3278128476737985e+00,3.1330397165331076e+00,pp,2.1892932486362806e+00,2.3000267119889957e-02,1.9074624467011325e-01,1.9688188810505303e+00,1.9781711069885737e+00,1.4507952345953445e+00,1.7510722604306228e+01,4.1845815327588287e+00,1.9856863503672182e+00,1.9781711069885737e+00,0.0000000000000000e+00,0.0000000000000000e+00,3.1415926535897931e+00,0.0000000000000000e+00,9.7277368994614810e-02,3.0161362410728421e+00,1.4507952345953445e+00,1.5867578179199318e+00,4.5613276209215918e+00
max_c_e_gamma_mixing_angles_polarization_05_local_minimum_533,C_e_gamma,polarization_cluster_05_local_minimum_533,2.3278128476737985e+00,3.1330397165331076e+00,qout,1.5867578179199318e+00,-2.9878862604517289e-02,-1.9628608066418754e-01,-1.5742869499671830e+00,1.5867578179199318e+00,4.5613276209215918e+00,1.7510722604306228e+01,4.1845815327588287e+00,1.9856863503672182e+00,1.9781711069885737e+00,0.0000000000000000e+00,0.0000000000000000e+00,3.1415926535897931e+00,0.0000000000000000e+00,9.7277368994614810e-02,3.0161362410728421e+00,1.4507952345953445e+00,1.5867578179199318e+00,4.5613276209215918e+00
max_c_e_gamma_mixing_angles_polarization_05_local_minimum_535,C_e_gamma,polarization_cluster_05_local_minimum_535,2.3693848942504556e+00,3.0567661991369715e+00,k,2.0737698208511142e+00,0.0000000000000000e+00,0.0000000000000000e+00,-2.0710764296760185e+00,2.0710764296760185e+00,0.0000000000000000e+00,1.8899518461878213e+01,4.3473576413585082e+00,2.0710764296760185e+00,2.0663189158004505e+00,0.0000000000000000e+00,0.0000000000000000e+00,3.1415926535897931e+00,0.0000000000000000e+00,1.3482016963392124e-01,2.9932411258163132e+00,5.5783815832313097e+00,1.5730768478901087e+00,2.4283822657122314e+00
max_c_e_gamma_mixing_angles_polarization_05_local_minimum_535,C_e_gamma,polarization_cluster_05_local_minimum_535,2.3693848942504556e+00,3.0567661991369715e+00,p,2.2735878205073945e+00,0.0000000000000000e+00,0.0000000000000000e+00,2.0710764296760185e+00,2.0710764296760185e+00,0.0000000000000000e+00,1.8899518461878213e+01,4.3473576413585082e+00,2.0710764296760185e+00,2.0663189158004505e+00,0.0000000000000000e+00,0.0000000000000000e+00,3.1415926535897931e+00,0.0000000000000000e+00,1.3482016963392124e-01,2.9932411258163132e+00,5.5783815832313097e+00,1.5730768478901087e+00,2.4283822657122314e+00
max_c_e_gamma_mixing_angles_polarization_05_local_minimum_535,C_e_gamma,polarization_cluster_05_local_minimum_535,2.3693848942504556e+00,3.0567661991369715e+00,kp,5.0502588011156413e-01,-3.5722273402635590e-02,2.7816969598717295e-02,-4.9176984723999939e-01,4.9384962009619987e-01,2.4799745109492783e+00,1.8899518461878213e+01,4.3473576413585082e+00,2.0710764296760185e+00,2.0663189158004505e+00,0.0000000000000000e+00,0.0000000000000000e+00,3.1415926535897931e+00,0.0000000000000000e+00,1.3482016963392124e-01,2.9932411258163132e+00,5.5783815832313097e+00,1.5730768478901087e+00,2.4283822657122314e+00
max_c_e_gamma_mixing_angles_polarization_05_local_minimum_535,C_e_gamma,polarization_cluster_05_local_minimum_535,2.3693848942504556e+00,3.0567661991369715e+00,pp,2.2692549133569697e+00,2.1156401633825525e-01,-1.7994228948723648e-01,2.0475681432469268e+00,2.0663189158004505e+00,5.5783815832313097e+00,1.8899518461878213e+01,4.3473576413585082e+00,2.0710764296760185e+00,2.0663189158004505e+00,0.0000000000000000e+00,0.0000000000000000e+00,3.1415926535897931e+00,0.0000000000000000e+00,1.3482016963392124e-01,2.9932411258163132e+00,5.5783815832313097e+00,1.5730768478901087e+00,2.4283822657122314e+00
max_c_e_gamma_mixing_angles_polarization_05_local_minimum_535,C_e_gamma,polarization_cluster_05_local_minimum_535,2.3693848942504556e+00,3.0567661991369715e+00,qout,1.5730768478901087e+00,-1.7584174293561966e-01,1.5212531988851918e-01,-1.5557982960069274e+00,1.5730768478901087e+00,2.4283822657122314e+00,1.8899518461878213e+01,4.3473576413585082e+00,2.0710764296760185e+00,2.0663189158004505e+00,0.0000000000000000e+00,0.0000000000000000e+00,3.1415926535897931e+00,0.0000000000000000e+00,1.3482016963392124e-01,2.9932411258163132e+00,5.5783815832313097e+00,1.5730768478901087e+00,2.4283822657122314e+00
max_c_e_gamma_mixing_angles_polarization_05_local_minimum_551,C_e_gamma,polarization_cluster_05_local_minimum_551,7.7515735452560020e-01,3.1201917980230633e+00,k,1.5155482508549989e+00,0.0000000000000000e+00,0.0000000000000000e+00,-1.5118607106332076e+00,1.5118607106332076e+00,0.0000000000000000e+00,1.0855392273665439e+01,3.2947522325154344e+00,1.5118607106332076e+00,1.5040505915457631e+00,0.0000000000000000e+00,0.0000000000000000e+00,3.1415926535897931e+00,0.0000000000000000e+00,1.1433148150809422e-01,2.9991188851219035e+00,5.0504851306207810e+00,1.1650299520500187e+00,1.9584927205512448e+00
max_c_e_gamma_mixing_angles_polarization_05_local_minimum_551,C_e_gamma,polarization_cluster_05_local_minimum_551,7.7515735452560020e-01,3.1201917980230633e+00,p,1.7792039816604355e+00,0.0000000000000000e+00,0.0000000000000000e+00,1.5118607106332076e+00,1.5118607106332076e+00,0.0000000000000000e+00,1.0855392273665439e+01,3.2947522325154344e+00,1.5118607106332076e+00,1.5040505915457631e+00,0.0000000000000000e+00,0.0000000000000000e+00,3.1415926535897931e+00,0.0000000000000000e+00,1.1433148150809422e-01,2.9991188851219035e+00,5.0504851306207810e+00,1.1650299520500187e+00,1.9584927205512448e+00
max_c_e_gamma_mixing_angles_polarization_05_local_minimum_551,C_e_gamma,polarization_cluster_05_local_minimum_551,7.7515735452560020e-01,3.1201917980230633e+00,kp,3.5715008675074505e-01,5.6265080549019811e-03,8.7243325730984034e-03,-3.4100545535376381e-01,3.4116343906222674e-01,9.9799964706807520e-01,1.0855392273665439e+01,3.2947522325154344e+00,1.5118607106332076e+00,1.5040505915457631e+00,0.0000000000000000e+00,0.0000000000000000e+00,3.1415926535897931e+00,0.0000000000000000e+00,1.1433148150809422e-01,2.9991188851219035e+00,5.0504851306207810e+00,1.1650299520500187e+00,1.9584927205512448e+00
max_c_e_gamma_mixing_angles_polarization_05_local_minimum_551,C_e_gamma,polarization_cluster_05_local_minimum_551,7.7515735452560020e-01,3.1201917980230633e+00,pp,1.7725721937143095e+00,5.6913619991405061e-02,-1.6187209552868020e-01,1.4942310552514253e+00,1.5040505915457631e+00,5.0504851306207810e+00,1.0855392273665439e+01,3.2947522325154344e+00,1.5118607106332076e+00,1.5040505915457631e+00,0.0000000000000000e+00,0.0000000000000000e+00,3.1415926535897931e+00,0.0000000000000000e+00,1.1433148150809422e-01,2.9991188851219035e+00,5.0504851306207810e+00,1.1650299520500187e+00,1.9584927205512448e+00
max_c_e_gamma_mixing_angles_polarization_05_local_minimum_551,C_e_gamma,polarization_cluster_05_local_minimum_551,7.7515735452560020e-01,3.1201917980230633e+00,qout,1.1650299520500187e+00,-6.2540128046307042e-02,1.5314776295558180e-01,-1.1532255998976615e+00,1.1650299520500187e+00,1.9584927205512448e+00,1.0855392273665439e+01,3.2947522325154344e+00,1.5118607106332076e+00,1.5040505915457631e+00,0.0000000000000000e+00,0.0000000000000000e+00,3.1415926535897931e+00,0.0000000000000000e+00,1.1433148150809422e-01,2.9991188851219035e+00,5.0504851306207810e+00,1.1650299520500187e+00,1.9584927205512448e+00
max_c_e_gamma_mixing_angles_polarization_05_local_minimum_556,C_e_gamma,polarization_cluster_05_local_minimum_556,2.3363768270169363e+00,3.0703555278943071e+00,k,2.0977645989797793e+00,0.0000000000000000e+00,0.0000000000000000e+00,-2.0951020548936263e+00,2.0951020548936263e+00,0.0000000000000000e+00,1.9300728612926413e+01,4.3932594520385910e+00,2.0951020548936263e+00,2.0802595825152608e+00,0.0000000000000000e+00,0.0000000000000000e+00,3.1415926535897931e+00,0.0000000000000000e+00,1.1217316471882759e-01,3.1210174451237860e+00,5.6837017427784664e+00,1.2084417296577918e+00,5.4533511371605030e+00
max_c_e_gamma_mixing_angles_polarization_05_local_minimum_556,C_e_gamma,polarization_cluster_05_local_minimum_556,2.3363768270169363e+00,3.0703555278943071e+00,p,2.2954948530588117e+00,0.0000000000000000e+00,0.0000000000000000e+00,2.0951020548936263e+00,2.0951020548936263e+00,0.0000000000000000e+00,1.9300728612926413e+01,4.3932594520385910e+00,2.0951020548936263e+00,2.0802595825152608e+00,0.0000000000000000e+00,0.0000000000000000e+00,3.1415926535897931e+00,0.0000000000000000e+00,1.1217316471882759e-01,3.1210174451237860e+00,5.6837017427784664e+00,1.2084417296577918e+00,5.4533511371605030e+00
max_c_e_gamma_mixing_angles_polarization_05_local_minimum_556,C_e_gamma,polarization_cluster_05_local_minimum_556,2.3363768270169363e+00,3.0703555278943071e+00,kp,9.0286155920729805e-01,-2.0903765783300640e-01,1.4972731801307673e-01,-8.5899958709491608e-01,8.9665785156933431e-01,2.5200307506785347e+00,1.9300728612926413e+01,4.3932594520385910e+00,2.0951020548936263e+00,2.0802595825152608e+00,0.0000000000000000e+00,0.0000000000000000e+00,3.1415926535897931e+00,0.0000000000000000e+00,1.1217316471882759e-01,3.1210174451237860e+00,5.6837017427784664e+00,1.2084417296577918e+00,5.4533511371605030e+00
max_c_e_gamma_mixing_angles_polarization_05_local_minimum_556,C_e_gamma,polarization_cluster_05_local_minimum_556,2.3363768270169363e+00,3.0703555278943071e+00,pp,2.2819561631737288e+00,1.9225572882024886e-01,-1.3138351353401573e-01,2.0671855353968156e+00,2.0802595825152608e+00,5.6837017427784664e+00,1.9300728612926413e+01,4.3932594520385910e+00,2.0951020548936263e+00,2.0802595825152608e+00,0.0000000000000000e+00,0.0000000000000000e+00,3.1415926535897931e+00,0.0000000000000000e+00,1.1217316471882759e-01,3.1210174451237860e+00,5.6837017427784664e+00,1.2084417296577918e+00,5.4533511371605030e+00
max_c_e_gamma_mixing_angles_polarization_05_local_minimum_556,C_e_gamma,polarization_cluster_05_local_minimum_556,2.3363768270169363e+00,3.0703555278943071e+00,qout,1.2084417296577918e+00,1.6781929012757546e-02,-1.8343804479060997e-02,-1.2081859483018995e+00,1.2084417296577918e+00,5.4533511371605030e+00,1.9300728612926413e+01,4.3932594520385910e+00,2.0951020548936263e+00,2.0802595825152608e+00,0.0000000000000000e+00,0.0000000000000000e+00,3.1415926535897931e+00,0.0000000000000000e+00,1.1217316471882759e-01,3.1210174451237860e+00,5.6837017427784664e+00,1.2084417296577918e+00,5.4533511371605030e+00
max_c_e_gamma_mixing_angles_polarization_05_local_minimum_557,C_e_gamma,polarization_cluster_05_local_minimum_557,8.2636304513263525e-01,3.0575212869346617e+00,k,8.6615650467417205e-01,0.0000000000000000e+00,0.0000000000000000e+00,-8.5968796564572203e-01,8.5968796564572203e-01,0.0000000000000000e+00,4.5732653264903806e+00,2.1385194239216956e+00,8.5968796564572203e-01,8.5288297778485678e-01,0.0000000000000000e+00,0.0000000000000000e+00,3.1415926535897931e+00,0.0000000000000000e+00,3.0619174152662193e-01,2.7921812856203752e+00,6.2038997132215199e+00,5.2500616328391536e-01,3.0360746770837639e+00
max_c_e_gamma_mixing_angles_polarization_05_local_minimum_557,C_e_gamma,polarization_cluster_05_local_minimum_557,8.2636304513263525e-01,3.0575212869346617e+00,p,1.2723629192475234e+00,0.0000000000000000e+00,0.0000000000000000e+00,8.5968796564572203e-01,8.5968796564572203e-01,0.0000000000000000e+00,4.5732653264903806e+00,2.1385194239216956e+00,8.5968796564572203e-01,8.5288297778485678e-01,0.0000000000000000e+00,0.0000000000000000e+00,3.1415926535897931e+00,0.0000000000000000e+00,3.0619174152662193e-01,2.7921812856203752e+00,6.2038997132215199e+00,5.2500616328391536e-01,3.0360746770837639e+00
max_c_e_gamma_mixing_angles_polarization_05_local_minimum_557,C_e_gamma,polarization_cluster_05_local_minimum_557,8.2636304513263525e-01,3.0575212869346617e+00,kp,3.4573829093929120e-01,-7.7543160266726724e-02,1.4318266986796495e-03,-3.1993168282693829e-01,3.2919792452007191e-01,3.1231298517292019e+00,4.5732653264903806e+00,2.1385194239216956e+00,8.5968796564572203e-01,8.5288297778485678e-01,0.0000000000000000e+00,0.0000000000000000e+00,3.1415926535897931e+00,0.0000000000000000e+00,3.0619174152662193e-01,2.7921812856203752e+00,6.2038997132215199e+00,5.2500616328391536e-01,3.0360746770837639e+00
max_c_e_gamma_mixing_angles_polarization_05_local_minimum_557,C_e_gamma,polarization_cluster_05_local_minimum_557,8.2636304513263525e-01,3.0575212869346617e+00,pp,1.2677749696989462e+00,2.5627664171073083e-01,-2.0361729651836805e-02,8.1321402882280613e-01,8.5288297778485678e-01,6.2038997132215199e+00,4.5732653264903806e+00,2.1385194239216956e+00,8.5968796564572203e-01,8.5288297778485678e-01,0.0000000000000000e+00,0.0000000000000000e+00,3.1415926535897931e+00,0.0000000000000000e+00,3.0619174152662193e-01,2.7921812856203752e+00,6.2038997132215199e+00,5.2500616328391536e-01,3.0360746770837639e+00
max_c_e_gamma_mixing_angles_polarization_05_local_minimum_557,C_e_gamma,polarization_cluster_05_local_minimum_557,8.2636304513263525e-01,3.0575212869346617e+00,qout,5.2500616328391536e-01,-1.7873348144400411e-01,1.8929902953157156e-02,-4.9328234599586784e-01,5.2500616328391536e-01,3.0360746770837639e+00,4.5732653264903806e+00,2.1385194239216956e+00,8.5968796564572203e-01,8.5288297778485678e-01,0.0000000000000000e+00,0.0000000000000000e+00,3.1415926535897931e+00,0.0000000000000000e+00,3.0619174152662193e-01,2.7921812856203752e+00,6.2038997132215199e+00,5.2500616328391536e-01,3.0360746770837639e+00
max_c_e_gamma_mixing_angles_polarization_05_local_minimum_559,C_e_gamma,polarization_cluster_05_local_minimum_559,1.3324511758968207e+00,3.0140805261335553e+00,k,2.4131319692313298e+00,0.0000000000000000e+00,0.0000000000000000e+00,-2.4108177468678500e+00,2.4108177468678500e+00,0.0000000000000000e+00,2.5000000000000000e+01,5.0000000000000000e+00,2.4108177468678500e+00,1.7667913630009480e+00,0.0000000000000000e+00,0.0000000000000000e+00,3.1415926535897931e+00,0.0000000000000000e+00,1.8307444452929116e+00,1.7322602598205088e+00,4.2927201805480660e-03,1.9670323776807339e+00,2.7936938798440143e+00
max_c_e_gamma_mixing_angles_polarization_05_local_minimum_559,C_e_gamma,polarization_cluster_05_local_minimum_559,1.3324511758968207e+00,3.0140805261335553e+00,p,2.5868680307686698e+00,0.0000000000000000e+00,0.0000000000000000e+00,2.4108177468678500e+00,2.4108177468678500e+00,0.0000000000000000e+00,2.5000000000000000e+01,5.0000000000000000e+00,2.4108177468678500e+00,1.7667913630009480e+00,0.0000000000000000e+00,0.0000000000000000e+00,3.1415926535897931e+00,0.0000000000000000e+00,1.8307444452929116e+00,1.7322602598205088e+00,4.2927201805480660e-03,1.9670323776807339e+00,2.7936938798440143e+00
max_c_e_gamma_mixing_angles_polarization_05_local_minimum_559,C_e_gamma,polarization_cluster_05_local_minimum_559,1.3324511758968207e+00,3.0140805261335553e+00,kp,1.0326187226583161e+00,1.1772000055988752e-01,-6.6921392741457331e-01,7.7034567234049911e-01,1.0271989749173203e+00,4.8865154093155123e+00,2.5000000000000000e+01,5.0000000000000000e+00,2.4108177468678500e+00,1.7667913630009480e+00,0.0000000000000000e+00,0.0000000000000000e+00,3.1415926535897931e+00,0.0000000000000000e+00,1.8307444452929116e+00,1.7322602598205088e+00,4.2927201805480660e-03,1.9670323776807339e+00,2.7936938798440143e+00
max_c_e_gamma_mixing_angles_polarization_05_local_minimum_559,C_e_gamma,polarization_cluster_05_local_minimum_559,1.3324511758968207e+00,3.0140805261335553e+00,pp,2.0003488996609433e+00,1.7074172975471507e+00,7.3295097112356144e-03,-4.5411911509968944e-01,1.7667913630009480e+00,4.2927201805480660e-03,2.5000000000000000e+01,5.0000000000000000e+00,2.4108177468678500e+00,1.7667913630009480e+00,0.0000000000000000e+00,0.0000000000000000e+00,3.1415926535897931e+00,0.0000000000000000e+00,1.8307444452929116e+00,1.7322602598205088e+00,4.2927201805480660e-03,1.9670323776807339e+00,2.7936938798440143e+00
max_c_e_gamma_mixing_angles_polarization_05_local_minimum_559,C_e_gamma,polarization_cluster_05_local_minimum_559,1.3324511758968207e+00,3.0140805261335553e+00,qout,1.9670323776807339e+00,-1.8251372981070382e+00,6.6188441770333772e-01,-3.1622655724080961e-01,1.9670323776807339e+00,2.7936938798440143e+00,2.5000000000000000e+01,5.0000000000000000e+00,2.4108177468678500e+00,1.7667913630009480e+00,0.0000000000000000e+00,0.0000000000000000e+00,3.1415926535897931e+00,0.0000000000000000e+00,1.8307444452929116e+00,1.7322602598205088e+00,4.2927201805480660e-03,1.9670323776807339e+00,2.7936938798440143e+00
max_c_e_gamma_mixing_angles_polarization_05_local_minimum_564,C_e_gamma,polarization_cluster_05_local_minimum_564,7.8430046670523823e-01,3.0754496105730942e+00,k,2.1169972759721452e+00,0.0000000000000000e+00,0.0000000000000000e+00,-2.1143589511150145e+00,2.1143589511150145e+00,0.0000000000000000e+00,1.9625620462405088e+01,4.4300813155522434e+00,2.1143589511150145e+00,2.1076881078484417e+00,0.0000000000000000e+00,0.0000000000000000e+00,3.1415926535897931e+00,0.0000000000000000e+00,1.2004963075943256e-01,3.0056215105555566e+00,8.8598383519435497e-01,1.7208854919012089e+00,3.9926473187185612e+00
max_c_e_gamma_mixing_angles_polarization_05_local_minimum_564,C_e_gamma,polarization_cluster_05_local_minimum_564,7.8430046670523823e-01,3.0754496105730942e+00,p,2.3130840395800978e+00,0.0000000000000000e+00,0.0000000000000000e+00,2.1143589511150145e+00,2.1143589511150145e+00,0.0000000000000000e+00,1.9625620462405088e+01,4.4300813155522434e+00,2.1143589511150145e+00,2.1076881078484417e+00,0.0000000000000000e+00,0.0000000000000000e+00,3.1415926535897931e+00,0.0000000000000000e+00,1.2004963075943256e-01,3.0056215105555566e+00,8.8598383519435497e-01,1.7208854919012089e+00,3.9926473187185612e+00
max_c_e_gamma_mixing_angles_polarization_05_local_minimum_564,C_e_gamma,polarization_cluster_05_local_minimum_564,7.8430046670523823e-01,3.0754496105730942e+00,kp,4.0220792598764660e-01,-5.8929383708425098e-03,-2.0094908910302939e-02,-3.8751644007348807e-01,3.8808185143598922e-01,4.4271314204698946e+00,1.9625620462405088e+01,4.4300813155522434e+00,2.1143589511150145e+00,2.1076881078484417e+00,0.0000000000000000e+00,0.0000000000000000e+00,3.1415926535897931e+00,0.0000000000000000e+00,1.2004963075943256e-01,3.0056215105555566e+00,8.8598383519435497e-01,1.7208854919012089e+00,3.9926473187185612e+00
max_c_e_gamma_mixing_angles_polarization_05_local_minimum_564,C_e_gamma,polarization_cluster_05_local_minimum_564,7.8430046670523823e-01,3.0754496105730942e+00,pp,2.3069878976634759e+00,1.5966256948305188e-01,1.9550868063819746e-01,2.0925184299467769e+00,2.1076881078484413e+00,8.8598383519435497e-01,1.9625620462405088e+01,4.4300813155522434e+00,2.1143589511150145e+00,2.1076881078484417e+00,0.0000000000000000e+00,0.0000000000000000e+00,3.1415926535897931e+00,0.0000000000000000e+00,1.2004963075943256e-01,3.0056215105555566e+00,8.8598383519435497e-01,1.7208854919012089e+00,3.9926473187185612e+00
max_c_e_gamma_mixing_angles_polarization_05_local_minimum_564,C_e_gamma,polarization_cluster_05_local_minimum_564,7.8430046670523823e-01,3.0754496105730942e+00,qout,1.7208854919012089e+00,-1.5376963111220937e-01,-1.7541377172789452e-01,-1.7050019898732889e+00,1.7208854919012089e+00,3.9926473187185612e+00,1.9625620462405088e+01,4.4300813155522434e+00,2.1143589511150145e+00,2.1076881078484417e+00,0.0000000000000000e+00,0.0000000000000000e+00,3.1415926535897931e+00,0.0000000000000000e+00,1.2004963075943256e-01,3.0056215105555566e+00,8.8598383519435497e-01,1.7208854919012089e+00,3.9926473187185612e+00
max_c_e_gamma_mixing_angles_polarization_05_local_minimum_567,C_e_gamma,polarization_cluster_05_local_minimum_567,2.4043445998482738e+00,3.1279510289304806e+00,k,8.5384315232518493e-01,0.0000000000000000e+00,0.0000000000000000e+00,-8.4728061258316889e-01,8.4728061258316889e-01,0.0000000000000000e+00,4.4853139653132290e+00,2.1178559831379538e+00,8.4728061258316889e-01,7.6038956727770168e-01,0.0000000000000000e+00,0.0000000000000000e+00,3.1415926535897931e+00,0.0000000000000000e+00,4.1855256592230744e-01,3.1227781856302563e+00,6.0191723396698871e+00,5.4856160838018830e-01,8.6657489438628688e-01
max_c_e_gamma_mixing_angles_polarization_05_local_minimum_567,C_e_gamma,polarization_cluster_05_local_minimum_567,2.4043445998482738e+00,3.1279510289304806e+00,p,1.2640128308127689e+00,0.0000000000000000e+00,0.0000000000000000e+00,8.4728061258316889e-01,8.4728061258316889e-01,0.0000000000000000e+00,4.4853139653132290e+00,2.1178559831379538e+00,8.4728061258316889e-01,7.6038956727770168e-01,0.0000000000000000e+00,0.0000000000000000e+00,3.1415926535897931e+00,0.0000000000000000e+00,4.1855256592230744e-01,3.1227781856302563e+00,6.0191723396698871e+00,5.4856160838018830e-01,8.6657489438628688e-01
max_c_e_gamma_mixing_angles_polarization_05_local_minimum_567,C_e_gamma,polarization_cluster_05_local_minimum_567,2.4043445998482738e+00,3.1279510289304806e+00,kp,3.6180263812994540e-01,-3.0502481768707418e-01,7.2783766755783907e-02,-1.4628684334654307e-01,3.4603100532248443e-01,2.9073568155492926e+00,4.4853139653132290e+00,2.1178559831379538e+00,8.4728061258316889e-01,7.6038956727770168e-01,0.0000000000000000e+00,0.0000000000000000e+00,3.1415926535897931e+00,0.0000000000000000e+00,4.1855256592230744e-01,3.1227781856302563e+00,6.0191723396698871e+00,5.4856160838018830e-01,8.6657489438628688e-01
max_c_e_gamma_mixing_angles_polarization_05_local_minimum_567,C_e_gamma,polarization_cluster_05_local_minimum_567,2.4043445998482738e+00,3.1279510289304806e+00,pp,1.2074917366279450e+00,2.9834304489277413e-01,-8.0649020317272307e-02,6.9475136351844802e-01,7.6038956727770168e-01,6.0191723396698871e+00,4.4853139653132290e+00,2.1178559831379538e+00,8.4728061258316889e-01,7.6038956727770168e-01,0.0000000000000000e+00,0.0000000000000000e+00,3.1415926535897931e+00,0.0000000000000000e+00,4.1855256592230744e-01,3.1227781856302563e+00,6.0191723396698871e+00,5.4856160838018830e-01,8.6657489438628688e-01
max_c_e_gamma_mixing_angles_polarization_05_local_minimum_567,C_e_gamma,polarization_cluster_05_local_minimum_567,2.4043445998482738e+00,3.1279510289304806e+00,qout,5.4856160838018830e-01,6.6817727943000241e-03,7.8652535614883983e-03,-5.4846452017190495e-01,5.4856160838018830e-01,8.6657489438628688e-01,4.4853139653132290e+00,2.1178559831379538e+00,8.4728061258316889e-01,7.6038956727770168e-01,0.0000000000000000e+00,0.0000000000000000e+00,3.1415926535897931e+00,0.0000000000000000e+00,4.1855256592230744e-01,3.1227781856302563e+00,6.0191723396698871e+00,5.4856160838018830e-01,8.6657489438628688e-01
max_c_e_gamma_mixing_angles_polarization_05_local_minimum_569,C_e_gamma,polarization_cluster_05_local_minimum_569,9.2491440403260328e-01,3.0694783424530394e+00,k,2.1736552890665219e+00,0.0000000000000000e+00,0.0000000000000000e+00,-2.1710858166764311e+00,2.1710858166764311e+00,0.0000000000000000e+00,2.0599838256670225e+01,4.5387044689724210e+00,2.1710858166764311e+00,1.9940047349458141e+00,0.0000000000000000e+00,0.0000000000000000e+00,3.1415926535897931e+00,0.0000000000000000e+00,1.8955983783163152e-01,3.0726026830174993e+00,5.5332614954193095e-02,1.7987287142571822e+00,2.6790685100541577e-02
max_c_e_gamma_mixing_angles_polarization_05_local_minimum_569,C_e_gamma,polarization_cluster_05_local_minimum_569,9.2491440403260328e-01,3.0694783424530394e+00,p,2.3650491799058990e+00,0.0000000000000000e+00,0.0000000000000000e+00,2.1710858166764311e+00,2.1710858166764311e+00,0.0000000000000000e+00,2.0599838256670225e+01,4.5387044689724210e+00,2.1710858166764311e+00,1.9940047349458141e+00,0.0000000000000000e+00,0.0000000000000000e+00,3.1415926535897931e+00,0.0000000000000000e+00,1.8955983783163152e-01,3.0726026830174993e+00,5.5332614954193095e-02,1.7987287142571822e+00,2.6790685100541577e-02
max_c_e_gamma_mixing_angles_polarization_05_local_minimum_569,C_e_gamma,polarization_cluster_05_local_minimum_569,9.2491440403260328e-01,3.0694783424530394e+00,kp,5.3636533474895598e-01,-4.9909990268330823e-01,-2.4100698157460614e-02,-1.6383688075917413e-01,5.2585556953127410e-01,3.1898434984118427e+00,2.0599838256670225e+01,4.5387044689724210e+00,2.1710858166764311e+00,1.9940047349458141e+00,0.0000000000000000e+00,0.0000000000000000e+00,3.1415926535897931e+00,0.0000000000000000e+00,1.8955983783163152e-01,3.0726026830174993e+00,5.5332614954193095e-02,1.7987287142571822e+00,2.6790685100541577e-02
max_c_e_gamma_mixing_angles_polarization_05_local_minimum_569,C_e_gamma,polarization_cluster_05_local_minimum_569,9.2491440403260328e-01,3.0694783424530394e+00,pp,2.2036104199668158e+00,3.7514857412176728e-01,2.0779162440904494e-02,1.9582866635732845e+00,1.9940047349458143e+00,5.5332614954193095e-02,2.0599838256670225e+01,4.5387044689724210e+00,2.1710858166764311e+00,1.9940047349458141e+00,0.0000000000000000e+00,0.0000000000000000e+00,3.1415926535897931e+00,0.0000000000000000e+00,1.8955983783163152e-01,3.0726026830174993e+00,5.5332614954193095e-02,1.7987287142571822e+00,2.6790685100541577e-02
max_c_e_gamma_mixing_angles_polarization_05_local_minimum_569,C_e_gamma,polarization_cluster_05_local_minimum_569,9.2491440403260328e-01,3.0694783424530394e+00,qout,1.7987287142571822e+00,1.2395132856154094e-01,3.3215357165561218e-03,-1.7944497828141104e+00,1.7987287142571819e+00,2.6790685100541573e-02,2.0599838256670225e+01,4.5387044689724210e+00,2.1710858166764311e+00,1.9940047349458141e+00,0.0000000000000000e+00,0.0000000000000000e+00,3.1415926535897931e+00,0.0000000000000000e+00,1.8955983783163152e-01,3.0726026830174993e+00,5.5332614954193095e-02,1.7987287142571822e+00,2.6790685100541577e-02
max_c_e_gamma_mixing_angles_polarization_05_local_minimum_574,C_e_gamma,polarization_cluster_05_local_minimum_574,8.2951441777216062e-01,3.1177422197629410e+00,k,7.9539087293551791e-01,0.0000000000000000e+00,0.0000000000000000e+00,-7.8834189818620326e-01,7.8834189818620326e-01,0.0000000000000000e+00,4.0831369487770202e+00,2.0206773490037988e+00,7.8834189818620326e-01,7.8267334839058644e-01,0.0000000000000000e+00,0.0000000000000000e+00,3.1415926535897931e+00,0.0000000000000000e+00,1.5700084415760407e-01,2.9031021189562272e+00,9.4182727900952501e-01,3.8769998315038606e-01,4.1148094535140274e+00
max_c_e_gamma_mixing_angles_polarization_05_local_minimum_574,C_e_gamma,polarization_cluster_05_local_minimum_574,8.2951441777216062e-01,3.1177422197629410e+00,p,1.2252864760682809e+00,0.0000000000000000e+00,0.0000000000000000e+00,7.8834189818620326e-01,7.8834189818620326e-01,0.0000000000000000e+00,4.0831369487770202e+00,2.0206773490037988e+00,7.8834189818620326e-01,7.8267334839058644e-01,0.0000000000000000e+00,0.0000000000000000e+00,3.1415926535897931e+00,0.0000000000000000e+00,1.5700084415760407e-01,2.9031021189562272e+00,9.4182727900952501e-01,3.8769998315038606e-01,4.1148094535140274e+00
max_c_e_gamma_mixing_angles_polarization_05_local_minimum_574,C_e_gamma,polarization_cluster_05_local_minimum_574,8.2951441777216062e-01,3.1177422197629410e+00,kp,4.1133029313571301e-01,-2.0463520668745648e-02,-2.3241182804745367e-02,-3.9632058927273617e-01,3.9752851185520344e-01,3.9904606737236548e+00,4.0831369487770202e+00,2.0206773490037988e+00,7.8834189818620326e-01,7.8267334839058644e-01,0.0000000000000000e+00,0.0000000000000000e+00,3.1415926535897931e+00,0.0000000000000000e+00,1.5700084415760407e-01,2.9031021189562272e+00,9.4182727900952501e-01,3.8769998315038606e-01,4.1148094535140274e+00
max_c_e_gamma_mixing_angles_polarization_05_local_minimum_574,C_e_gamma,polarization_cluster_05_local_minimum_574,8.2951441777216062e-01,3.1177422197629410e+00,pp,1.2216470727181938e+00,7.1995302497593061e-02,9.8957595858233063e-02,7.7304698493763691e-01,7.8267334839058655e-01,9.4182727900952512e-01,4.0831369487770202e+00,2.0206773490037988e+00,7.8834189818620326e-01,7.8267334839058644e-01,0.0000000000000000e+00,0.0000000000000000e+00,3.1415926535897931e+00,0.0000000000000000e+00,1.5700084415760407e-01,2.9031021189562272e+00,9.4182727900952501e-01,3.8769998315038606e-01,4.1148094535140274e+00
max_c_e_gamma_mixing_angles_polarization_05_local_minimum_574,C_e_gamma,polarization_cluster_05_local_minimum_574,8.2951441777216062e-01,3.1177422197629410e+00,qout,3.8769998315038606e-01,-5.1531781828847413e-02,-7.5716413053487697e-02,-3.7672639566490074e-01,3.8769998315038606e-01,4.1148094535140274e+00,4.0831369487770202e+00,2.0206773490037988e+00,7.8834189818620326e-01,7.8267334839058644e-01,0.0000000000000000e+00,0.0000000000000000e+00,3.1415926535897931e+00,0.0000000000000000e+00,1.5700084415760407e-01,2.9031021189562272e+00,9.4182727900952501e-01,3.8769998315038606e-01,4.1148094535140274e+00
max_c_e_gamma_mixing_angles_polarization_05_local_minimum_575,C_e_gamma,polarization_cluster_05_local_minimum_575,8.3944033864795586e-01,3.1324494242494607e+00,k,8.3422149185118566e-01,0.0000000000000000e+00,0.0000000000000000e+00,-8.2750335658117957e-01,8.2750335658117957e-01,0.0000000000000000e+00,4.3474899253909891e+00,2.0850635303009328e+00,8.2750335658117957e-01,8.1792620519780290e-01,0.0000000000000000e+00,0.0000000000000000e+00,3.1415926535897931e+00,0.0000000000000000e+00,1.3944974855210096e-01,2.9161653320775316e+00,5.0802771102491340e+00,5.1306075554329178e-01,1.8878966891864164e+00
max_c_e_gamma_mixing_angles_polarization_05_local_minimum_575,C_e_gamma,polarization_cluster_05_local_minimum_575,8.3944033864795586e-01,3.1324494242494607e+00,p,1.2508420384497472e+00,0.0000000000000000e+00,0.0000000000000000e+00,8.2750335658117957e-01,8.2750335658117957e-01,0.0000000000000000e+00,4.3474899253909891e+00,2.0850635303009328e+00,8.2750335658117957e-01,8.1792620519780290e-01,0.0000000000000000e+00,0.0000000000000000e+00,3.1415926535897931e+00,0.0000000000000000e+00,1.3944974855210096e-01,2.9161653320775316e+00,5.0802771102491340e+00,5.1306075554329178e-01,1.8878966891864164e+00
max_c_e_gamma_mixing_angles_polarization_05_local_minimum_575,C_e_gamma,polarization_cluster_05_local_minimum_575,8.3944033864795586e-01,3.1324494242494607e+00,kp,3.2747584570018340e-01,-5.1292720967749048e-03,-2.8800911682933111e-03,-3.0990665182659582e-01,3.0996247708997188e-01,3.6532228696222213e+00,4.3474899253909891e+00,2.0850635303009328e+00,8.2750335658117957e-01,8.1792620519780290e-01,0.0000000000000000e+00,0.0000000000000000e+00,3.1415926535897931e+00,0.0000000000000000e+00,1.3944974855210096e-01,2.9161653320775316e+00,5.0802771102491340e+00,5.1306075554329178e-01,1.8878966891864164e+00
max_c_e_gamma_mixing_angles_polarization_05_local_minimum_575,C_e_gamma,polarization_cluster_05_local_minimum_575,8.3944033864795586e-01,3.1324494242494607e+00,pp,1.2445269290574947e+00,4.0888221308964974e-02,-1.0608315464738394e-01,8.0998629297508895e-01,8.1792620519780290e-01,5.0802771102491340e+00,4.3474899253909891e+00,2.0850635303009328e+00,8.2750335658117957e-01,8.1792620519780290e-01,0.0000000000000000e+00,0.0000000000000000e+00,3.1415926535897931e+00,0.0000000000000000e+00,1.3944974855210096e-01,2.9161653320775316e+00,5.0802771102491340e+00,5.1306075554329178e-01,1.8878966891864164e+00
max_c_e_gamma_mixing_angles_polarization_05_local_minimum_575,C_e_gamma,polarization_cluster_05_local_minimum_575,8.3944033864795586e-01,3.1324494242494607e+00,qout,5.1306075554329178e-01,-3.5758949212190069e-02,1.0896324581567725e-01,-5.0007964114849313e-01,5.1306075554329178e-01,1.8878966891864164e+00,4.3474899253909891e+00,2.0850635303009328e+00,8.2750335658117957e-01,8.1792620519780290e-01,0.0000000000000000e+00,0.0000000000000000e+00,3.1415926535897931e+00,0.0000000000000000e+00,1.3944974855210096e-01,2.9161653320775316e+00,5.0802771102491340e+00,5.1306075554329178e-01,1.8878966891864164e+00
max_c_e_gamma_mixing_angles_polarization_05_local_minimum_576,C_e_gamma,polarization_cluster_05_local_minimum_576,1.7509113229922733e+00,3.0319186264574571e+00,k,2.0075047555930934e+00,0.0000000000000000e+00,0.0000000000000000e+00,-2.0047223377354748e+00,2.0047223377354748e+00,0.0000000000000000e+00,1.7815304843802892e+01,4.2208180301693758e+00,2.0047223377354748e+00,1.7618333026345927e+00,0.0000000000000000e+00,0.0000000000000000e+00,3.1415926535897931e+00,0.0000000000000000e+00,2.1403682207684644e+00,1.2757258439702874e+00,6.2786971435674417e+00,1.6245706896057197e+00,3.3618583030208331e+00
max_c_e_gamma_mixing_angles_polarization_05_local_minimum_576,C_e_gamma,polarization_cluster_05_local_minimum_576,1.7509113229922733e+00,3.0319186264574571e+00,p,2.2133132745762829e+00,0.0000000000000000e+00,0.0000000000000000e+00,2.0047223377354748e+00,2.0047223377354748e+00,0.0000000000000000e+00,1.7815304843802892e+01,4.2208180301693758e+00,2.0047223377354748e+00,1.7618333026345927e+00,0.0000000000000000e+00,0.0000000000000000e+00,3.1415926535897931e+00,0.0000000000000000e+00,2.1403682207684644e+00,1.2757258439702874e+00,6.2786971435674417e+00,1.6245706896057197e+00,3.3618583030208331e+00
max_c_e_gamma_mixing_angles_polarization_05_local_minimum_576,C_e_gamma,polarization_cluster_05_local_minimum_576,1.7509113229922733e+00,3.0319186264574571e+00,kp,6.0027625202658008e-01,3.3124116474156473e-02,3.4626926937697733e-01,4.7766962686224890e-01,5.9090429549443901e-01,1.4754265300153191e+00,1.7815304843802892e+01,4.2208180301693758e+00,2.0047223377354748e+00,1.7618333026345927e+00,0.0000000000000000e+00,0.0000000000000000e+00,3.1415926535897931e+00,0.0000000000000000e+00,2.1403682207684644e+00,1.2757258439702874e+00,6.2786971435674417e+00,1.6245706896057197e+00,3.3618583030208331e+00
max_c_e_gamma_mixing_angles_polarization_05_local_minimum_576,C_e_gamma,polarization_cluster_05_local_minimum_576,1.7509113229922733e+00,3.0319186264574571e+00,pp,1.9959710885361832e+00,1.4836811144076398e+00,-6.6590483022006298e-03,-9.5010662248935462e-01,1.7618333026345927e+00,6.2786971435674417e+00,1.7815304843802892e+01,4.2208180301693758e+00,2.0047223377354748e+00,1.7618333026345927e+00,0.0000000000000000e+00,0.0000000000000000e+00,3.1415926535897931e+00,0.0000000000000000e+00,2.1403682207684644e+00,1.2757258439702874e+00,6.2786971435674417e+00,1.6245706896057197e+00,3.3618583030208331e+00
max_c_e_gamma_mixing_angles_polarization_05_local_minimum_576,C_e_gamma,polarization_cluster_05_local_minimum_576,1.7509113229922733e+00,3.0319186264574571e+00,qout,1.6245706896057197e+00,-1.5168052308817963e+00,-3.3961022107477667e-01,4.7243699562710573e-01,1.6245706896057199e+00,3.3618583030208327e+00,1.7815304843802892e+01,4.2208180301693758e+00,2.0047223377354748e+00,1.7618333026345927e+00,0.0000000000000000e+00,0.0000000000000000e+00,3.1415926535897931e+00,0.0000000000000000e+00,2.1403682207684644e+00,1.2757258439702874e+00,6.2786971435674417e+00,1.6245706896057197e+00,3.3618583030208331e+00
max_c_e_gamma_mixing_angles_polarization_05_local_minimum_584,C_e_gamma,polarization_cluster_05_local_minimum_584,1.8778948250433449e+00,3.0055430118341406e+00,k,1.1045721220062232e+00,0.0000000000000000e+00,0.0000000000000000e+00,-1.0995071079352019e+00,1.0995071079352019e+00,0.0000000000000000e+00,6.5016145860528676e+00,2.5498263835118005e+00,1.0995071079352019e+00,1.0970556696401634e+00,0.0000000000000000e+00,0.0000000000000000e+00,3.1415926535897931e+00,0.0000000000000000e+00,1.7845800347218159e+00,1.3556879228030922e+00,5.2349062955121730e-03,5.0647413196241464e-01,3.1443348293738800e+00
max_c_e_gamma_mixing_angles_polarization_05_local_minimum_584,C_e_gamma,polarization_cluster_05_local_minimum_584,1.8778948250433449e+00,3.0055430118341406e+00,p,1.4452542615055772e+00,0.0000000000000000e+00,0.0000000000000000e+00,1.0995071079352019e+00,1.0995071079352019e+00,0.0000000000000000e+00,6.5016145860528676e+00,2.5498263835118005e+00,1.0995071079352019e+00,1.0970556696401634e+00,0.0000000000000000e+00,0.0000000000000000e+00,3.1415926535897931e+00,0.0000000000000000e+00,1.7845800347218159e+00,1.3556879228030922e+00,5.2349062955121730e-03,5.0647413196241464e-01,3.1443348293738800e+00
max_c_e_gamma_mixing_angles_polarization_05_local_minimum_584,C_e_gamma,polarization_cluster_05_local_minimum_584,1.8778948250433449e+00,3.0055430118341406e+00,kp,5.9996209560041691e-01,-5.7726699341213905e-01,-4.2553887786065132e-03,1.2464162156838759e-01,5.9058515376188114e-01,3.1489641329043003e+00,6.5016145860528676e+00,2.5498263835118005e+00,1.0995071079352019e+00,1.0970556696401634e+00,0.0000000000000000e+00,0.0000000000000000e+00,3.1415926535897931e+00,0.0000000000000000e+00,1.7845800347218159e+00,1.3556879228030922e+00,5.2349062955121730e-03,5.0647413196241464e-01,3.1443348293738800e+00
max_c_e_gamma_mixing_angles_polarization_05_local_minimum_584,C_e_gamma,polarization_cluster_05_local_minimum_584,1.8778948250433449e+00,3.0055430118341406e+00,pp,1.4433901559487052e+00,1.0720666877842577e+00,5.6122199193988954e-03,-2.3275021422223113e-01,1.0970556696401634e+00,5.2349062955121739e-03,6.5016145860528676e+00,2.5498263835118005e+00,1.0995071079352019e+00,1.0970556696401634e+00,0.0000000000000000e+00,0.0000000000000000e+00,3.1415926535897931e+00,0.0000000000000000e+00,1.7845800347218159e+00,1.3556879228030922e+00,5.2349062955121730e-03,5.0647413196241464e-01,3.1443348293738800e+00
max_c_e_gamma_mixing_angles_polarization_05_local_minimum_584,C_e_gamma,polarization_cluster_05_local_minimum_584,1.8778948250433449e+00,3.0055430118341406e+00,qout,5.0647413196241464e-01,-4.9479969437211874e-01,-1.3568311407923818e-03,1.0810859265384354e-01,5.0647413196241464e-01,3.1443348293738795e+00,6.5016145860528676e+00,2.5498263835118005e+00,1.0995071079352019e+00,1.0970556696401634e+00,0.0000000000000000e+00,0.0000000000000000e+00,3.1415926535897931e+00,0.0000000000000000e+00,1.7845800347218159e+00,1.3556879228030922e+00,5.2349062955121730e-03,5.0647413196241464e-01,3.1443348293738800e+00
max_c_e_gamma_mixing_angles_polarization_05_local_minimum_586,C_e_gamma,polarization_cluster_05_local_minimum_586,7.9040073794638388e-01,3.1119171901650535e+00,k,2.1728351265787960e+00,0.0000000000000000e+00,0.0000000000000000e+00,-2.1702646831622618e+00,2.1702646831622618e+00,0.0000000000000000e+00,2.0585553523676644e+01,4.5371305385316667e+00,2.1702646831622618e+00,2.1690349673734475e+00,0.0000000000000000e+00,0.0000000000000000e+00,3.1415926535897931e+00,0.0000000000000000e+00,1.1763182587789246e-01,3.0069350999585889e+00,1.2966220483371680e+00,9.7672597517781234e-01,4.4369082566501667e+00
max_c_e_gamma_mixing_angles_polarization_05_local_minimum_586,C_e_gamma,polarization_cluster_05_local_minimum_586,7.9040073794638388e-01,3.1119171901650535e+00,p,2.3642954119528703e+00,0.0000000000000000e+00,0.0000000000000000e+00,2.1702646831622618e+00,2.1702646831622618e+00,0.0000000000000000e+00,2.0585553523676644e+01,4.5371305385316667e+00,2.1702646831622618e+00,2.1690349673734475e+00,0.0000000000000000e+00,0.0000000000000000e+00,3.1415926535897931e+00,0.0000000000000000e+00,1.1763182587789246e-01,3.0069350999585889e+00,1.2966220483371680e+00,9.7672597517781234e-01,4.4369082566501667e+00
max_c_e_gamma_mixing_angles_polarization_05_local_minimum_586,C_e_gamma,polarization_cluster_05_local_minimum_586,7.9040073794638388e-01,3.1119171901650535e+00,kp,1.1972378976926494e+00,-3.3254900670188506e-02,-1.1886926639332987e-01,-1.1861614984675330e+00,1.1925665144377549e+00,4.4396025723324701e+00,2.0585553523676644e+01,4.5371305385316667e+00,2.1702646831622618e+00,2.1690349673734475e+00,0.0000000000000000e+00,0.0000000000000000e+00,3.1415926535897931e+00,0.0000000000000000e+00,1.1763182587789246e-01,3.0069350999585889e+00,1.2966220483371680e+00,9.7672597517781234e-01,4.4369082566501667e+00
max_c_e_gamma_mixing_angles_polarization_05_local_minimum_586,C_e_gamma,polarization_cluster_05_local_minimum_586,7.9040073794638388e-01,3.1119171901650535e+00,pp,2.3631666656604504e+00,6.8922539140246458e-02,2.4505149776546389e-01,2.1540455280077291e+00,2.1690349673734475e+00,1.2966220483371680e+00,2.0585553523676644e+01,4.5371305385316667e+00,2.1702646831622618e+00,2.1690349673734475e+00,0.0000000000000000e+00,0.0000000000000000e+00,3.1415926535897931e+00,0.0000000000000000e+00,1.1763182587789246e-01,3.0069350999585889e+00,1.2966220483371680e+00,9.7672597517781234e-01,4.4369082566501667e+00
max_c_e_gamma_mixing_angles_polarization_05_local_minimum_586,C_e_gamma,polarization_cluster_05_local_minimum_586,7.9040073794638388e-01,3.1119171901650535e+00,qout,9.7672597517781234e-01,-3.5667638470057952e-02,-1.2618223137213402e-01,-9.6788402954019603e-01,9.7672597517781234e-01,4.4369082566501667e+00,2.0585553523676644e+01,4.5371305385316667e+00,2.1702646831622618e+00,2.1690349673734475e+00,0.0000000000000000e+00,0.0000000000000000e+00,3.1415926535897931e+00,0.0000000000000000e+00,1.1763182587789246e-01,3.0069350999585889e+00,1.2966220483371680e+00,9.7672597517781234e-01,4.4369082566501667e+00
max_c_e_gamma_mixing_angles_polarization_05_local_minimum_591,C_e_gamma,polarization_cluster_05_local_minimum_591,2.3247685682048922e+00,3.0106637710082991e+00,k,2.1986001611194896e+00,0.0000000000000000e+00,0.0000000000000000e+00,-2.1960598753589000e+00,2.1960598753589000e+00,0.0000000000000000e+00,2.1036860657753373e+01,4.5865957591391648e+00,2.1960598753589000e+00,2.1895732517821385e+00,0.0000000000000000e+00,0.0000000000000000e+00,3.1415926535897931e+00,0.0000000000000000e+00,1.7314642246010564e-01,2.9520797164892620e+00,5.8147451091086699e+00,1.7896115813209832e+00,2.6779562422499295e+00
max_c_e_gamma_mixing_angles_polarization_05_local_minimum_591,C_e_gamma,polarization_cluster_05_local_minimum_591,2.3247685682048922e+00,3.0106637710082991e+00,p,2.3879955980196756e+00,0.0000000000000000e+00,0.0000000000000000e+00,2.1960598753589000e+00,2.1960598753589000e+00,0.0000000000000000e+00,2.1036860657753373e+01,4.5865957591391648e+00,2.1960598753589000e+00,2.1895732517821385e+00,0.0000000000000000e+00,0.0000000000000000e+00,3.1415926535897931e+00,0.0000000000000000e+00,1.7314642246010564e-01,2.9520797164892620e+00,5.8147451091086699e+00,1.7896115813209832e+00,2.6779562422499295e+00
max_c_e_gamma_mixing_angles_polarization_05_local_minimum_591,C_e_gamma,polarization_cluster_05_local_minimum_591,2.3247685682048922e+00,3.0106637710082991e+00,kp,4.1495247674453206e-01,-3.5050003384453521e-02,1.9550492479172232e-02,-3.9926324793260659e-01,4.0127529906925796e-01,2.6327893804217060e+00,2.1036860657753373e+01,4.5865957591391648e+00,2.1960598753589000e+00,2.1895732517821385e+00,0.0000000000000000e+00,0.0000000000000000e+00,3.1415926535897931e+00,0.0000000000000000e+00,1.7314642246010564e-01,2.9520797164892620e+00,5.8147451091086699e+00,1.7896115813209832e+00,2.6779562422499295e+00
max_c_e_gamma_mixing_angles_polarization_05_local_minimum_591,C_e_gamma,polarization_cluster_05_local_minimum_591,2.3247685682048922e+00,3.0106637710082991e+00,pp,2.3820317010736463e+00,3.3658819380381572e-01,-1.7031536705946190e-01,2.1568338110422633e+00,2.1895732517821385e+00,5.8147451091086699e+00,2.1036860657753373e+01,4.5865957591391648e+00,2.1960598753589000e+00,2.1895732517821385e+00,0.0000000000000000e+00,0.0000000000000000e+00,3.1415926535897931e+00,0.0000000000000000e+00,1.7314642246010564e-01,2.9520797164892620e+00,5.8147451091086699e+00,1.7896115813209832e+00,2.6779562422499295e+00
max_c_e_gamma_mixing_angles_polarization_05_local_minimum_591,C_e_gamma,polarization_cluster_05_local_minimum_591,2.3247685682048922e+00,3.0106637710082991e+00,qout,1.7896115813209832e+00,-3.0153819041936220e-01,1.5076487458028967e-01,-1.7575705631096568e+00,1.7896115813209832e+00,2.6779562422499295e+00,2.1036860657753373e+01,4.5865957591391648e+00,2.1960598753589000e+00,2.1895732517821385e+00,0.0000000000000000e+00,0.0000000000000000e+00,3.1415926535897931e+00,0.0000000000000000e+00,1.7314642246010564e-01,2.9520797164892620e+00,5.8147451091086699e+00,1.7896115813209832e+00,2.6779562422499295e+00
max_c_e_gamma_mixing_angles_polarization_05_local_minimum_594,C_e_gamma,polarization_cluster_05_local_minimum_594,7.9274119288285771e-01,3.0799658395584557e+00,k,2.4130605472366216e+00,0.0000000000000000e+00,0.0000000000000000e+00,-2.4107462563108140e+00,2.4107462563108140e+00,0.0000000000000000e+00,2.4998619548007852e+01,4.9998619528950847e+00,2.4107462563108140e+00,2.4085948947790294e+00,0.0000000000000000e+00,0.0000000000000000e+00,3.1415926535897931e+00,0.0000000000000000e+00,1.2208293433026440e-01,3.0063342879779298e+00,5.2305626571788286e+00,1.5006332944939098e+00,2.0922503262248977e+00
max_c_e_gamma_mixing_angles_polarization_05_local_minimum_594,C_e_gamma,polarization_cluster_05_local_minimum_594,7.9274119288285771e-01,3.0799658395584557e+00,p,2.5868014056584636e+00,0.0000000000000000e+00,0.0000000000000000e+00,2.4107462563108140e+00,2.4107462563108140e+00,0.0000000000000000e+00,2.4998619548007852e+01,4.9998619528950847e+00,2.4107462563108140e+00,2.4085948947790294e+00,0.0000000000000000e+00,0.0000000000000000e+00,3.1415926535897931e+00,0.0000000000000000e+00,1.2208293433026440e-01,3.0063342879779298e+00,5.2305626571788286e+00,1.5006332944939098e+00,2.0922503262248977e+00
max_c_e_gamma_mixing_angles_polarization_05_local_minimum_594,C_e_gamma,polarization_cluster_05_local_minimum_594,7.9274119288285771e-01,3.0799658395584557e+00,kp,9.1443207701323415e-01,-4.4477635415890227e-02,7.9352060677851194e-02,-9.0374073802801891e-01,9.0830739904364899e-01,2.0816729243132532e+00,2.4998619548007852e+01,4.9998619528950847e+00,2.4107462563108140e+00,2.4085948947790294e+00,0.0000000000000000e+00,0.0000000000000000e+00,3.1415926535897931e+00,0.0000000000000000e+00,1.2208293433026440e-01,3.0063342879779298e+00,5.2305626571788286e+00,1.5006332944939098e+00,2.0922503262248977e+00
max_c_e_gamma_mixing_angles_polarization_05_local_minimum_594,C_e_gamma,polarization_cluster_05_local_minimum_594,7.9274119288285771e-01,3.0799658395584557e+00,pp,2.5847965813880989e+00,1.4527898256030164e-01,-2.5481312658381727e-01,2.3906680352785132e+00,2.4085948947790294e+00,5.2305626571788286e+00,2.4998619548007852e+01,4.9998619528950847e+00,2.4107462563108140e+00,2.4085948947790294e+00,0.0000000000000000e+00,0.0000000000000000e+00,3.1415926535897931e+00,0.0000000000000000e+00,1.2208293433026440e-01,3.0063342879779298e+00,5.2305626571788286e+00,1.5006332944939098e+00,2.0922503262248977e+00
max_c_e_gamma_mixing_angles_polarization_05_local_minimum_594,C_e_gamma,polarization_cluster_05_local_minimum_594,7.9274119288285771e-01,3.0799658395584557e+00,qout,1.5006332944939098e+00,-1.0080134714441141e-01,1.7546106590596608e-01,-1.4869272972504943e+00,1.5006332944939098e+00,2.0922503262248977e+00,2.4998619548007852e+01,4.9998619528950847e+00,2.4107462563108140e+00,2.4085948947790294e+00,0.0000000000000000e+00,0.0000000000000000e+00,3.1415926535897931e+00,0.0000000000000000e+00,1.2208293433026440e-01,3.0063342879779298e+00,5.2305626571788286e+00,1.5006332944939098e+00,2.0922503262248977e+00
max_c_e_gamma_mixing_angles_polarization_05_local_minimum_595,C_e_gamma,polarization_cluster_05_local_minimum_595,8.5439099936710150e-01,3.1400249119869135e+00,k,1.2237433730616023e+00,0.0000000000000000e+00,0.0000000000000000e+00,-1.2191735523701657e+00,1.2191735523701657e+00,0.0000000000000000e+00,7.6286344845001812e+00,2.7619982774252740e+00,1.2191735523701657e+00,1.1967404618147088e+00,0.0000000000000000e+00,0.0000000000000000e+00,3.1415926535897931e+00,0.0000000000000000e+00,8.2662250702079054e-02,3.0719679656396592e+00,4.7728170740455473e+00,8.3758662400544204e-01,4.9780338794955998e+00
max_c_e_gamma_mixing_angles_polarization_05_local_minimum_595,C_e_gamma,polarization_cluster_05_local_minimum_595,8.5439099936710150e-01,3.1400249119869135e+00,p,1.5382549043636717e+00,0.0000000000000000e+00,0.0000000000000000e+00,1.2191735523701657e+00,1.2191735523701657e+00,0.0000000000000000e+00,7.6286344845001812e+00,2.7619982774252740e+00,1.2191735523701657e+00,1.1967404618147088e+00,0.0000000000000000e+00,0.0000000000000000e+00,3.1415926535897931e+00,0.0000000000000000e+00,8.2662250702079054e-02,3.0719679656396592e+00,4.7728170740455473e+00,8.3758662400544204e-01,4.9780338794955998e+00
max_c_e_gamma_mixing_angles_polarization_05_local_minimum_595,C_e_gamma,polarization_cluster_05_local_minimum_595,8.5439099936710150e-01,3.1400249119869135e+00,kp,4.0387499389912879e-01,-2.1265038188895781e-02,1.5485798634934927e-01,-3.5709679443866738e-01,3.8980933593709927e-01,1.7072624415466948e+00,7.6286344845001812e+00,2.7619982774252740e+00,1.2191735523701657e+00,1.1967404618147088e+00,0.0000000000000000e+00,0.0000000000000000e+00,3.1415926535897931e+00,0.0000000000000000e+00,8.2662250702079054e-02,3.0719679656396592e+00,4.7728170740455473e+00,8.3758662400544204e-01,4.9780338794955998e+00
max_c_e_gamma_mixing_angles_polarization_05_local_minimum_595,C_e_gamma,polarization_cluster_05_local_minimum_595,8.5439099936710150e-01,3.1400249119869135e+00,pp,1.5205366595200795e+00,5.9674260897264689e-03,-9.8632283418198463e-02,1.1926540971455464e+00,1.1967404618147088e+00,4.7728170740455473e+00,7.6286344845001812e+00,2.7619982774252740e+00,1.2191735523701657e+00,1.1967404618147088e+00,0.0000000000000000e+00,0.0000000000000000e+00,3.1415926535897931e+00,0.0000000000000000e+00,8.2662250702079054e-02,3.0719679656396592e+00,4.7728170740455473e+00,8.3758662400544204e-01,4.9780338794955998e+00
max_c_e_gamma_mixing_angles_polarization_05_local_minimum_595,C_e_gamma,polarization_cluster_05_local_minimum_595,8.5439099936710150e-01,3.1400249119869135e+00,qout,8.3758662400544204e-01,1.5297612099169314e-02,-5.6225702931150819e-02,-8.3555730270687900e-01,8.3758662400544204e-01,4.9780338794955998e+00,7.6286344845001812e+00,2.7619982774252740e+00,1.2191735523701657e+00,1.1967404618147088e+00,0.0000000000000000e+00,0.0000000000000000e+00,3.1415926535897931e+00,0.0000000000000000e+00,8.2662250702079054e-02,3.0719679656396592e+00,4.7728170740455473e+00,8.3758662400544204e-01,4.9780338794955998e+00
max_c_e_gamma_mixing_angles_polarization_05_local_minimum_597,C_e_gamma,polarization_cluster_05_local_minimum_597,7.2403651873789354e-01,3.1348322279896847e+00,k,7.6084644464139584e-01,0.0000000000000000e+00,0.0000000000000000e+00,-7.5347436586134342e-01,7.5347436586134342e-01,0.0000000000000000e+00,3.8572782760280591e+00,1.9639954877820009e+00,7.5347436586134342e-01,7.4441536995091007e-01,0.0000000000000000e+00,0.0000000000000000e+00,3.1415926535897931e+00,0.0000000000000000e+00,1.9931453187289569e-01,2.8888563043400670e+00,3.5709127168659771e+00,4.7955119905329835e-01,4.4372512659968921e-01
max_c_e_gamma_mixing_angles_polarization_05_local_minimum_597,C_e_gamma,polarization_cluster_05_local_minimum_597,7.2403651873789354e-01,3.1348322279896847e+00,p,1.2031490431406051e+00,0.0000000000000000e+00,0.0000000000000000e+00,7.5347436586134342e-01,7.5347436586134342e-01,0.0000000000000000e+00,3.8572782760280591e+00,1.9639954877820009e+00,7.5347436586134342e-01,7.4441536995091007e-01,0.0000000000000000e+00,0.0000000000000000e+00,3.1415926535897931e+00,0.0000000000000000e+00,1.9931453187289569e-01,2.8888563043400670e+00,3.5709127168659771e+00,4.7955119905329835e-01,4.4372512659968921e-01
max_c_e_gamma_mixing_angles_polarization_05_local_minimum_597,C_e_gamma,polarization_cluster_05_local_minimum_597,7.2403651873789354e-01,3.1348322279896847e+00,kp,2.8694763194034500e-01,2.5715126243253783e-02,9.8726346985663765e-03,-2.6536110214060177e-01,2.6678690215764472e-01,3.6657074718257043e-01,3.8572782760280591e+00,1.9639954877820009e+00,7.5347436586134342e-01,7.4441536995091007e-01,0.0000000000000000e+00,0.0000000000000000e+00,3.1415926535897931e+00,0.0000000000000000e+00,1.9931453187289569e-01,2.8888563043400670e+00,3.5709127168659771e+00,4.7955119905329835e-01,4.4372512659968921e-01
max_c_e_gamma_mixing_angles_polarization_05_local_minimum_597,C_e_gamma,polarization_cluster_05_local_minimum_597,7.2403651873789354e-01,3.1348322279896847e+00,pp,1.1974966567882976e+00,-1.3401636027665764e-01,-6.1352465911507621e-02,7.2967782830775718e-01,7.4441536995091007e-01,3.5709127168659771e+00,3.8572782760280591e+00,1.9639954877820009e+00,7.5347436586134342e-01,7.4441536995091007e-01,0.0000000000000000e+00,0.0000000000000000e+00,3.1415926535897931e+00,0.0000000000000000e+00,1.9931453187289569e-01,2.8888563043400670e+00,3.5709127168659771e+00,4.7955119905329835e-01,4.4372512659968921e-01
max_c_e_gamma_mixing_angles_polarization_05_local_minimum_597,C_e_gamma,polarization_cluster_05_local_minimum_597,7.2403651873789354e-01,3.1348322279896847e+00,qout,4.7955119905329835e-01,1.0830123403340386e-01,5.1479831212941245e-02,-4.6431672616715541e-01,4.7955119905329840e-01,4.4372512659968921e-01,3.8572782760280591e+00,1.9639954877820009e+00,7.5347436586134342e-01,7.4441536995091007e-01,0.0000000000000000e+00,0.0000000000000000e+00,3.1415926535897931e+00,0.0000000000000000e+00,1.9931453187289569e-01,2.8888563043400670e+00,3.5709127168659771e+00,4.7955119905329835e-01,4.4372512659968921e-01
max_c_e_gamma_mixing_angles_polarization_05_local_minimum_599,C_e_gamma,polarization_cluster_05_local_minimum_599,2.3996647872913961e+00,3.1310727458431629e+00,k,8.0964706112238616e-01,0.0000000000000000e+00,0.0000000000000000e+00,-8.0272328437065910e-01,8.0272328437065910e-01,0.0000000000000000e+00,4.1788988752659417e+00,2.0442355234331342e+00,8.0272328437065910e-01,7.4558597509954039e-01,0.0000000000000000e+00,0.0000000000000000e+00,3.1415926535897931e+00,0.0000000000000000e+00,3.5442073186366169e-01,3.1091693420880433e+00,5.9429204986513193e+00,4.8399759722319524e-01,3.5233338853007401e-01
max_c_e_gamma_mixing_angles_polarization_05_local_minimum_599,C_e_gamma,polarization_cluster_05_local_minimum_599,2.3996647872913961e+00,3.1310727458431629e+00,p,1.2345884623107481e+00,0.0000000000000000e+00,0.0000000000000000e+00,8.0272328437065910e-01,8.0272328437065910e-01,0.0000000000000000e+00,4.1788988752659417e+00,2.0442355234331342e+00,8.0272328437065910e-01,7.4558597509954039e-01,0.0000000000000000e+00,0.0000000000000000e+00,3.1415926535897931e+00,0.0000000000000000e+00,3.5442073186366169e-01,3.1091693420880433e+00,5.9429204986513193e+00,4.8399759722319524e-01,3.5233338853007401e-01
max_c_e_gamma_mixing_angles_polarization_05_local_minimum_599,C_e_gamma,polarization_cluster_05_local_minimum_599,2.3996647872913961e+00,3.1310727458431629e+00,kp,3.6201322012751874e-01,-2.5864442042940883e-01,8.0941082595841471e-02,-2.1550286346762243e-01,3.4625117939697525e-01,2.8383038202650845e+00,4.1788988752659417e+00,2.0442355234331342e+00,8.0272328437065910e-01,7.4558597509954039e-01,0.0000000000000000e+00,0.0000000000000000e+00,3.1415926535897931e+00,0.0000000000000000e+00,3.5442073186366169e-01,3.1091693420880433e+00,5.9429204986513193e+00,4.8399759722319524e-01,3.5233338853007401e-01
max_c_e_gamma_mixing_angles_polarization_05_local_minimum_599,C_e_gamma,polarization_cluster_05_local_minimum_599,2.3996647872913961e+00,3.1310727458431629e+00,pp,1.1982247060819320e+00,2.4391820442891921e-01,-8.6355544897437797e-02,6.9924607662737093e-01,7.4558597509954039e-01,5.9429204986513193e+00,4.1788988752659417e+00,2.0442355234331342e+00,8.0272328437065910e-01,7.4558597509954039e-01,0.0000000000000000e+00,0.0000000000000000e+00,3.1415926535897931e+00,0.0000000000000000e+00,3.5442073186366169e-01,3.1091693420880433e+00,5.9429204986513193e+00,4.8399759722319524e-01,3.5233338853007401e-01
max_c_e_gamma_mixing_angles_polarization_05_local_minimum_599,C_e_gamma,polarization_cluster_05_local_minimum_599,2.3996647872913961e+00,3.1310727458431629e+00,qout,4.8399759722319524e-01,1.4726216000489595e-02,5.4144623015963270e-03,-4.8374321315974850e-01,4.8399759722319524e-01,3.5233338853007401e-01,4.1788988752659417e+00,2.0442355234331342e+00,8.0272328437065910e-01,7.4558597509954039e-01,0.0000000000000000e+00,0.0000000000000000e+00,3.1415926535897931e+00,0.0000000000000000e+00,3.5442073186366169e-01,3.1091693420880433e+00,5.9429204986513193e+00,4.8399759722319524e-01,3.5233338853007401e-01
max_c_e_gamma_mixing_angles_polarization_05_local_minimum_600,C_e_gamma,polarization_cluster_05_local_minimum_600,2.3483966739327862e+00,3.0857968064722296e+00,k,9.7474065650683850e-01,0.0000000000000000e+00,0.0000000000000000e+00,-9.6899724206732585e-01,9.6899724206732585e-01,0.0000000000000000e+00,5.3980456571749800e+00,2.3233694620475194e+00,9.6899724206732585e-01,8.5586426233964907e-01,0.0000000000000000e+00,0.0000000000000000e+00,3.1415926535897931e+00,0.0000000000000000e+00,5.0262668484012762e-01,3.1300123835969074e+00,6.2830127872908443e+00,6.1297648634548429e-01,3.1435631177419809e+00
max_c_e_gamma_mixing_angles_polarization_05_local_minimum_600,C_e_gamma,polarization_cluster_05_local_minimum_600,2.3483966739327862e+00,3.0857968064722296e+00,p,1.3486288055406808e+00,0.0000000000000000e+00,0.0000000000000000e+00,9.6899724206732585e-01,9.6899724206732585e-01,0.0000000000000000e+00,5.3980456571749800e+00,2.3233694620475194e+00,9.6899724206732585e-01,8.5586426233964907e-01,0.0000000000000000e+00,0.0000000000000000e+00,3.1415926535897931e+00,0.0000000000000000e+00,5.0262668484012762e-01,3.1300123835969074e+00,6.2830127872908443e+00,6.1297648634548429e-01,3.1435631177419809e+00
max_c_e_gamma_mixing_angles_polarization_05_local_minimum_600,C_e_gamma,polarization_cluster_05_local_minimum_600,2.3483966739327862e+00,3.0857968064722296e+00,kp,4.4061046064305776e-01,-4.0519638104828409e-01,8.5115912952560434e-05,-1.3707578653957697e-01,4.2775446895945873e-01,3.1413825927015879e+00,5.3980456571749800e+00,2.3233694620475194e+00,9.6899724206732585e-01,8.5586426233964907e-01,0.0000000000000000e+00,0.0000000000000000e+00,3.1415926535897931e+00,0.0000000000000000e+00,5.0262668484012762e-01,3.1300123835969074e+00,6.2830127872908443e+00,6.1297648634548429e-01,3.1435631177419809e+00
max_c_e_gamma_mixing_angles_polarization_05_local_minimum_600,C_e_gamma,polarization_cluster_05_local_minimum_600,2.3483966739327862e+00,3.0857968064722296e+00,pp,1.2697825150592488e+00,4.1229464182706432e-01,-7.1129026442659507e-05,7.5001117245781479e-01,8.5586426233964907e-01,6.2830127872908443e+00,5.3980456571749800e+00,2.3233694620475194e+00,9.6899724206732585e-01,8.5586426233964907e-01,0.0000000000000000e+00,0.0000000000000000e+00,3.1415926535897931e+00,0.0000000000000000e+00,5.0262668484012762e-01,3.1300123835969074e+00,6.2830127872908443e+00,6.1297648634548429e-01,3.1435631177419809e+00
max_c_e_gamma_mixing_angles_polarization_05_local_minimum_600,C_e_gamma,polarization_cluster_05_local_minimum_600,2.3483966739327862e+00,3.0857968064722296e+00,qout,6.1297648634548429e-01,-7.0982607787802333e-03,-1.3986886509900929e-05,-6.1293538591823782e-01,6.1297648634548429e-01,3.1435631177419805e+00,5.3980456571749800e+00,2.3233694620475194e+00,9.6899724206732585e-01,8.5586426233964907e-01,0.0000000000000000e+00,0.0000000000000000e+00,3.1415926535897931e+00,0.0000000000000000e+00,5.0262668484012762e-01,3.1300123835969074e+00,6.2830127872908443e+00,6.1297648634548429e-01,3.1435631177419809e+00
max_c_e_gamma_mixing_angles_polarization_05_local_minimum_602,C_e_gamma,polarization_cluster_05_local_minimum_602,8.7140115839455079e-01,3.1302760681863417e+00,k,9.9249660031099396e-01,0.0000000000000000e+00,0.0000000000000000e+00,-9.8685652924606115e-01,9.8685652924606115e-01,0.0000000000000000e+00,5.5413822228210226e+00,2.3540140659777338e+00,9.8685652924606115e-01,9.4415433331528220e-01,0.0000000000000000e+00,0.0000000000000000e+00,3.1415926535897931e+00,0.0000000000000000e+00,2.1522048494335955e-01,3.0769580674844672e+00,4.4282265963382299e+00,6.3038545876293817e-01,4.8848697174911626e+00
max_c_e_gamma_mixing_angles_polarization_05_local_minimum_602,C_e_gamma,polarization_cluster_05_local_minimum_602,8.7140115839455079e-01,3.1302760681863417e+00,p,1.3615174656667397e+00,0.0000000000000000e+00,0.0000000000000000e+00,9.8685652924606115e-01,9.8685652924606115e-01,0.0000000000000000e+00,5.5413822228210226e+00,2.3540140659777338e+00,9.8685652924606115e-01,9.4415433331528220e-01,0.0000000000000000e+00,0.0000000000000000e+00,3.1415926535897931e+00,0.0000000000000000e+00,2.1522048494335955e-01,3.0769580674844672e+00,4.4282265963382299e+00,6.3038545876293817e-01,4.8848697174911626e+00
max_c_e_gamma_mixing_angles_polarization_05_local_minimum_602,C_e_gamma,polarization_cluster_05_local_minimum_602,8.7140115839455079e-01,3.1302760681863417e+00,kp,3.9273740012147335e-01,4.9541424658404436e-02,2.3366220906491278e-01,-2.9330290219940869e-01,3.7825781305992245e-01,1.3618687530360003e+00,5.5413822228210226e+00,2.3540140659777338e+00,9.8685652924606115e-01,9.4415433331528220e-01,0.0000000000000000e+00,0.0000000000000000e+00,3.1415926535897931e+00,0.0000000000000000e+00,2.1522048494335955e-01,3.0769580674844672e+00,4.4282265963382299e+00,6.3038545876293817e-01,4.8848697174911626e+00
max_c_e_gamma_mixing_angles_polarization_05_local_minimum_602,C_e_gamma,polarization_cluster_05_local_minimum_602,8.7140115839455079e-01,3.1302760681863417e+00,pp,1.3308912070932113e+00,-5.6529439868162279e-02,-1.9355001681899994e-01,9.2237206079519862e-01,9.4415433331528209e-01,4.4282265963382299e+00,5.5413822228210226e+00,2.3540140659777338e+00,9.8685652924606115e-01,9.4415433331528220e-01,0.0000000000000000e+00,0.0000000000000000e+00,3.1415926535897931e+00,0.0000000000000000e+00,2.1522048494335955e-01,3.0769580674844672e+00,4.4282265963382299e+00,6.3038545876293817e-01,4.8848697174911626e+00
max_c_e_gamma_mixing_angles_polarization_05_local_minimum_602,C_e_gamma,polarization_cluster_05_local_minimum_602,8.7140115839455079e-01,3.1302760681863417e+00,qout,6.3038545876293817e-01,6.9880152097578424e-03,-4.0112192245912844e-02,-6.2906915859578993e-01,6.3038545876293817e-01,4.8848697174911626e+00,5.5413822228210226e+00,2.3540140659777338e+00,9.8685652924606115e-01,9.4415433331528220e-01,0.0000000000000000e+00,0.0000000000000000e+00,3.1415926535897931e+00,0.0000000000000000e+00,2.1522048494335955e-01,3.0769580674844672e+00,4.4282265963382299e+00,6.3038545876293817e-01,4.8848697174911626e+00
max_c_e_gamma_mixing_angles_polarization_05_local_minimum_613,C_e_gamma,polarization_cluster_05_local_minimum_613,1.7744771417297587e+00,3.0259607513908531e+00,k,2.2152985968071977e+00,0.0000000000000000e+00,0.0000000000000000e+00,-2.2127774810637062e+00,2.2127774810637062e+00,0.0000000000000000e+00,2.1332178060078405e+01,4.6186770898254403e+00,2.2127774810637062e+00,1.9061241968419282e+00,0.0000000000000000e+00,0.0000000000000000e+00,3.1415926535897931e+00,0.0000000000000000e+00,2.0658855553913278e+00,1.3653413930764540e+00,6.2774597209135363e+00,1.8148704158968183e+00,2.9081194790636862e+00
max_c_e_gamma_mixing_angles_polarization_05_local_minimum_613,C_e_gamma,polarization_cluster_05_local_minimum_613,1.7744771417297587e+00,3.0259607513908531e+00,p,2.4033784930182427e+00,0.0000000000000000e+00,0.0000000000000000e+00,2.2127774810637062e+00,2.2127774810637062e+00,0.0000000000000000e+00,2.1332178060078405e+01,4.6186770898254403e+00,2.2127774810637062e+00,1.9061241968419282e+00,0.0000000000000000e+00,0.0000000000000000e+00,3.1415926535897931e+00,0.0000000000000000e+00,2.0658855553913278e+00,1.3653413930764540e+00,6.2774597209135363e+00,1.8148704158968183e+00,2.9081194790636862e+00
max_c_e_gamma_mixing_angles_polarization_05_local_minimum_613,C_e_gamma,polarization_cluster_05_local_minimum_613,1.7744771417297587e+00,3.0259607513908531e+00,kp,6.7938829381016574e-01,5.1275036632389304e-02,-4.0145044958293091e-01,5.3536265148121687e-01,6.7112201681437123e-01,4.8394256016438746e+00,2.1332178060078405e+01,4.6186770898254403e+00,2.2127774810637062e+00,1.9061241968419282e+00,0.0000000000000000e+00,0.0000000000000000e+00,3.1415926535897931e+00,0.0000000000000000e+00,2.0658855553913278e+00,1.3653413930764540e+00,6.2774597209135363e+00,1.8148704158968183e+00,2.9081194790636862e+00
max_c_e_gamma_mixing_angles_polarization_05_local_minimum_613,C_e_gamma,polarization_cluster_05_local_minimum_613,1.7744771417297587e+00,3.0259607513908531e+00,pp,2.1244183801187293e+00,1.6772213578541533e+00,-9.6031805101218139e-03,-9.0561898691902776e-01,1.9061241968419282e+00,6.2774597209135363e+00,2.1332178060078405e+01,4.6186770898254403e+00,2.2127774810637062e+00,1.9061241968419282e+00,0.0000000000000000e+00,0.0000000000000000e+00,3.1415926535897931e+00,0.0000000000000000e+00,2.0658855553913278e+00,1.3653413930764540e+00,6.2774597209135363e+00,1.8148704158968183e+00,2.9081194790636862e+00
max_c_e_gamma_mixing_angles_polarization_05_local_minimum_613,C_e_gamma,polarization_cluster_05_local_minimum_613,1.7744771417297587e+00,3.0259607513908531e+00,qout,1.8148704158968183e+00,-1.7284963944865426e+00,4.1105363009305274e-01,3.7025633543781084e-01,1.8148704158968183e+00,2.9081194790636862e+00,2.1332178060078405e+01,4.6186770898254403e+00,2.2127774810637062e+00,1.9061241968419282e+00,0.0000000000000000e+00,0.0000000000000000e+00,3.1415926535897931e+00,0.0000000000000000e+00,2.0658855553913278e+00,1.3653413930764540e+00,6.2774597209135363e+00,1.8148704158968183e+00,2.9081194790636862e+00
max_c_e_gamma_mixing_angles_polarization_05_local_minimum_625,C_e_gamma,polarization_cluster_05_local_minimum_625,2.3317099908686689e+00,2.9968205185384802e+00,k,1.3170327510064868e+00,0.0000000000000000e+00,0.0000000000000000e+00,-1.3127877112886210e+00,1.3127877112886210e+00,0.0000000000000000e+00,8.5877921287822137e+00,2.9304934957754494e+00,1.3127877112886210e+00,1.3016614695803137e+00,0.0000000000000000e+00,0.0000000000000000e+00,3.1415926535897931e+00,0.0000000000000000e+00,1.6599100389372460e-02,3.0467929707745616e+00,3.6466043485400692e+00,9.3257630162863236e-01,6.3490007074569310e-01
max_c_e_gamma_mixing_angles_polarization_05_local_minimum_625,C_e_gamma,polarization_cluster_05_local_minimum_625,2.3317099908686689e+00,2.9968205185384802e+00,p,1.6134607447689626e+00,0.0000000000000000e+00,0.0000000000000000e+00,1.3127877112886210e+00,1.3127877112886210e+00,0.0000000000000000e+00,8.5877921287822137e+00,2.9304934957754494e+00,1.3127877112886210e+00,1.3016614695803137e+00,0.0000000000000000e+00,0.0000000000000000e+00,3.1415926535897931e+00,0.0000000000000000e+00,1.6599100389372460e-02,3.0467929707745616e+00,3.6466043485400692e+00,9.3257630162863236e-01,6.3490007074569310e-01
max_c_e_gamma_mixing_angles_polarization_05_local_minimum_625,C_e_gamma,polarization_cluster_05_local_minimum_625,2.3317099908686689e+00,2.9968205185384802e+00,kp,3.9349624520817017e-01,-5.2165013392199797e-02,-4.1902902573848939e-02,-3.7309323340595113e-01,3.7904564722422207e-01,3.8183279586047183e+00,8.5877921287822137e+00,2.9304934957754494e+00,1.3127877112886210e+00,1.3016614695803137e+00,0.0000000000000000e+00,0.0000000000000000e+00,3.1415926535897931e+00,0.0000000000000000e+00,1.6599100389372460e-02,3.0467929707745616e+00,3.6466043485400692e+00,9.3257630162863236e-01,6.3490007074569310e-01
max_c_e_gamma_mixing_angles_polarization_05_local_minimum_625,C_e_gamma,polarization_cluster_05_local_minimum_625,2.3317099908686689e+00,2.9968205185384802e+00,pp,1.6044209489376478e+00,-1.8908387411005780e-02,-1.0453082734446189e-02,1.3014821502182978e+00,1.3016614695803137e+00,3.6466043485400692e+00,8.5877921287822137e+00,2.9304934957754494e+00,1.3127877112886210e+00,1.3016614695803137e+00,0.0000000000000000e+00,0.0000000000000000e+00,3.1415926535897931e+00,0.0000000000000000e+00,1.6599100389372460e-02,3.0467929707745616e+00,3.6466043485400692e+00,9.3257630162863236e-01,6.3490007074569310e-01
max_c_e_gamma_mixing_angles_polarization_05_local_minimum_625,C_e_gamma,polarization_cluster_05_local_minimum_625,2.3317099908686689e+00,2.9968205185384802e+00,qout,9.3257630162863236e-01,7.1073400803205580e-02,5.2355985308295126e-02,-9.2838891681234670e-01,9.3257630162863236e-01,6.3490007074569310e-01,8.5877921287822137e+00,2.9304934957754494e+00,1.3127877112886210e+00,1.3016614695803137e+00,0.0000000000000000e+00,0.0000000000000000e+00,3.1415926535897931e+00,0.0000000000000000e+00,1.6599100389372460e-02,3.0467929707745616e+00,3.6466043485400692e+00,9.3257630162863236e-01,6.3490007074569310e-01
max_c_e_gamma_mixing_angles_polarization_05_local_minimum_628,C_e_gamma,polarization_cluster_05_local_minimum_628,2.2801555018321298e+00,3.1038944113164049e+00,k,1.2444777252965831e+00,0.0000000000000000e+00,0.0000000000000000e+00,-1.2399843210484796e+00,1.2399843210484796e+00,0.0000000000000000e+00,7.8359595217958482e+00,2.7992783930498675e+00,1.2399843210484796e+00,1.2251527349566700e+00,0.0000000000000000e+00,0.0000000000000000e+00,3.1415926535897931e+00,0.0000000000000000e+00,4.3903220032150185e-02,3.0626381005242873e+00,4.0548310642259260e+00,8.1885040396467357e-01,3.9717739734678812e+00
max_c_e_gamma_mixing_angles_polarization_05_local_minimum_628,C_e_gamma,polarization_cluster_05_local_minimum_628,2.2801555018321298e+00,3.1038944113164049e+00,p,1.5548006677532842e+00,0.0000000000000000e+00,0.0000000000000000e+00,1.2399843210484796e+00,1.2399843210484796e+00,0.0000000000000000e+00,7.8359595217958482e+00,2.7992783930498675e+00,1.2399843210484796e+00,1.2251527349566700e+00,0.0000000000000000e+00,0.0000000000000000e+00,3.1415926535897931e+00,0.0000000000000000e+00,4.3903220032150185e-02,3.0626381005242873e+00,4.0548310642259260e+00,8.1885040396467357e-01,3.9717739734678812e+00
max_c_e_gamma_mixing_angles_polarization_05_local_minimum_628,C_e_gamma,polarization_cluster_05_local_minimum_628,2.2801555018321298e+00,3.1038944113164049e+00,kp,4.3742986077413976e-01,7.6442078850682216e-02,9.0226019935659818e-02,-4.0767274214882243e-01,4.2447755038822049e-01,8.6791331280670636e-01,7.8359595217958482e+00,2.7992783930498675e+00,1.2399843210484796e+00,1.2251527349566700e+00,0.0000000000000000e+00,0.0000000000000000e+00,3.1415926535897931e+00,0.0000000000000000e+00,4.3903220032150185e-02,3.0626381005242873e+00,4.0548310642259260e+00,8.1885040396467357e-01,3.9717739734678812e+00
max_c_e_gamma_mixing_angles_polarization_05_local_minimum_628,C_e_gamma,polarization_cluster_05_local_minimum_628,2.2801555018321298e+00,3.1038944113164049e+00,pp,1.5429981283111811e+00,-3.2863993567173504e-02,-4.2558954917182076e-02,1.2239721881051802e+00,1.2251527349566700e+00,4.0548310642259260e+00,7.8359595217958482e+00,2.7992783930498675e+00,1.2399843210484796e+00,1.2251527349566700e+00,0.0000000000000000e+00,0.0000000000000000e+00,3.1415926535897931e+00,0.0000000000000000e+00,4.3903220032150185e-02,3.0626381005242873e+00,4.0548310642259260e+00,8.1885040396467357e-01,3.9717739734678812e+00
max_c_e_gamma_mixing_angles_polarization_05_local_minimum_628,C_e_gamma,polarization_cluster_05_local_minimum_628,2.2801555018321298e+00,3.1038944113164049e+00,qout,8.1885040396467357e-01,-4.3578085283508705e-02,-4.7667065018477742e-02,-8.1629944595635773e-01,8.1885040396467368e-01,3.9717739734678807e+00,7.8359595217958482e+00,2.7992783930498675e+00,1.2399843210484796e+00,1.2251527349566700e+00,0.0000000000000000e+00,0.0000000000000000e+00,3.1415926535897931e+00,0.0000000000000000e+00,4.3903220032150185e-02,3.0626381005242873e+00,4.0548310642259260e+00,8.1885040396467357e-01,3.9717739734678812e+00
max_c_e_gamma_mixing_angles_polarization_05_local_minimum_629,C_e_gamma,polarization_cluster_05_local_minimum_629,8.4638635280263974e-01,3.1293495762079537e+00,k,8.5785513922628687e-01,0.0000000000000000e+00,0.0000000000000000e+00,-8.5132352697646807e-01,8.5132352697646807e-01,0.0000000000000000e+00,4.5138466751030784e+00,2.1245815294083390e+00,8.5132352697646807e-01,8.2198839404903878e-01,0.0000000000000000e+00,0.0000000000000000e+00,3.1415926535897931e+00,0.0000000000000000e+00,2.3417026152890782e-01,3.0785328401871590e+00,4.0501590285619509e+00,4.5757624728280372e-01,4.4110778547710074e+00
max_c_e_gamma_mixing_angles_polarization_05_local_minimum_629,C_e_gamma,polarization_cluster_05_local_minimum_629,8.4638635280263974e-01,3.1293495762079537e+00,p,1.2667263901820522e+00,0.0000000000000000e+00,0.0000000000000000e+00,8.5132352697646807e-01,8.5132352697646807e-01,0.0000000000000000e+00,4.5138466751030784e+00,2.1245815294083390e+00,8.5132352697646807e-01,8.2198839404903878e-01,0.0000000000000000e+00,0.0000000000000000e+00,3.1415926535897931e+00,0.0000000000000000e+00,2.3417026152890782e-01,3.0785328401871590e+00,4.0501590285619509e+00,4.5757624728280372e-01,4.4110778547710074e+00
max_c_e_gamma_mixing_angles_polarization_05_local_minimum_629,C_e_gamma,polarization_cluster_05_local_minimum_629,8.4638635280263974e-01,3.1293495762079537e+00,kp,4.1980484917429278e-01,1.2583362336561793e-01,1.7795122472674801e-01,-3.4288726999683433e-01,4.0629105217436395e-01,9.5530498341828474e-01,4.5138466751030784e+00,2.1245815294083390e+00,8.5132352697646807e-01,8.2198839404903878e-01,0.0000000000000000e+00,0.0000000000000000e+00,3.1415926535897931e+00,0.0000000000000000e+00,2.3417026152890782e-01,3.0785328401871590e+00,4.0501590285619509e+00,4.5757624728280372e-01,4.4110778547710074e+00
max_c_e_gamma_mixing_angles_polarization_05_local_minimum_629,C_e_gamma,polarization_cluster_05_local_minimum_629,8.4638635280263974e-01,3.1293495762079537e+00,pp,1.2472004329502606e+00,-1.1727602369733767e-01,-1.5041476522994393e-01,7.9955403358239663e-01,8.2198839404903878e-01,4.0501590285619500e+00,4.5138466751030784e+00,2.1245815294083390e+00,8.5132352697646807e-01,8.2198839404903878e-01,0.0000000000000000e+00,0.0000000000000000e+00,3.1415926535897931e+00,0.0000000000000000e+00,2.3417026152890782e-01,3.0785328401871590e+00,4.0501590285619509e+00,4.5757624728280372e-01,4.4110778547710074e+00
max_c_e_gamma_mixing_angles_polarization_05_local_minimum_629,C_e_gamma,polarization_cluster_05_local_minimum_629,8.4638635280263974e-01,3.1293495762079537e+00,qout,4.5757624728280372e-01,-8.5575996682802583e-03,-2.7536459496804069e-02,-4.5666676358556230e-01,4.5757624728280372e-01,4.4110778547710074e+00,4.5138466751030784e+00,2.1245815294083390e+00,8.5132352697646807e-01,8.2198839404903878e-01,0.0000000000000000e+00,0.0000000000000000e+00,3.1415926535897931e+00,0.0000000000000000e+00,2.3417026152890782e-01,3.0785328401871590e+00,4.0501590285619509e+00,4.5757624728280372e-01,4.4110778547710074e+00
max_c_e_gamma_mixing_angles_polarization_05_local_minimum_637,C_e_gamma,polarization_cluster_05_local_minimum_637,8.6451649847112388e-01,3.0806483527562669e+00,k,1.6865281129426875e+00,0.0000000000000000e+00,0.0000000000000000e+00,-1.6832151922534218e+00,1.6832151922534218e+00,0.0000000000000000e+00,1.3057076080796218e+01,3.6134576351185048e+00,1.6832151922534218e+00,1.6648978777296892e+00,0.0000000000000000e+00,0.0000000000000000e+00,3.1415926535897931e+00,0.0000000000000000e+00,1.3709182044237253e-01,3.1095876134665748e+00,5.6234027180794595e+00,9.4158462913969920e-01,5.7166808739656929e+00
max_c_e_gamma_mixing_angles_polarization_05_local_minimum_637,C_e_gamma,polarization_cluster_05_local_minimum_637,8.6451649847112388e-01,3.0806483527562669e+00,p,1.9269295221758171e+00,0.0000000000000000e+00,0.0000000000000000e+00,1.6832151922534218e+00,1.6832151922534218e+00,0.0000000000000000e+00,1.3057076080796218e+01,3.6134576351185048e+00,1.6832151922534218e+00,1.6648978777296892e+00,0.0000000000000000e+00,0.0000000000000000e+00,3.1415926535897931e+00,0.0000000000000000e+00,1.3709182044237253e-01,3.1095876134665748e+00,5.6234027180794595e+00,9.4158462913969920e-01,5.7166808739656929e+00
max_c_e_gamma_mixing_angles_polarization_05_local_minimum_637,C_e_gamma,polarization_cluster_05_local_minimum_637,8.6451649847112388e-01,3.0806483527562669e+00,kp,7.6092325696174756e-01,-2.0520036666710831e-01,1.5563366643585483e-01,-7.0817475390145912e-01,7.5355192964518025e-01,2.4927071497830213e+00,1.3057076080796218e+01,3.6134576351185048e+00,1.6832151922534218e+00,1.6648978777296892e+00,0.0000000000000000e+00,0.0000000000000000e+00,3.1415926535897931e+00,0.0000000000000000e+00,1.3709182044237253e-01,3.1095876134665748e+00,5.6234027180794595e+00,9.4158462913969920e-01,5.7166808739656929e+00
max_c_e_gamma_mixing_angles_polarization_05_local_minimum_637,C_e_gamma,polarization_cluster_05_local_minimum_637,8.6451649847112388e-01,3.0806483527562669e+00,pp,1.9109497490171798e+00,1.7977694952668433e-01,-1.3946315614453045e-01,1.6492771809995763e+00,1.6648978777296892e+00,5.6234027180794595e+00,1.3057076080796218e+01,3.6134576351185048e+00,1.6832151922534218e+00,1.6648978777296892e+00,0.0000000000000000e+00,0.0000000000000000e+00,3.1415926535897931e+00,0.0000000000000000e+00,1.3709182044237253e-01,3.1095876134665748e+00,5.6234027180794595e+00,9.4158462913969920e-01,5.7166808739656929e+00
max_c_e_gamma_mixing_angles_polarization_05_local_minimum_637,C_e_gamma,polarization_cluster_05_local_minimum_637,8.6451649847112388e-01,3.0806483527562669e+00,qout,9.4158462913969920e-01,2.5423417140423982e-02,-1.6170510291324370e-02,-9.4110242709811720e-01,9.4158462913969920e-01,5.7166808739656929e+00,1.3057076080796218e+01,3.6134576351185048e+00,1.6832151922534218e+00,1.6648978777296892e+00,0.0000000000000000e+00,0.0000000000000000e+00,3.1415926535897931e+00,0.0000000000000000e+00,1.3709182044237253e-01,3.1095876134665748e+00,5.6234027180794595e+00,9.4158462913969920e-01,5.7166808739656929e+00
max_c_e_gamma_mixing_angles_polarization_05_local_minimum_638,C_e_gamma,polarization_cluster_05_local_minimum_638,1.0704678304989996e+00,2.9527528476859422e+00,k,1.9303741432209771e+00,0.0000000000000000e+00,0.0000000000000000e+00,-1.9274803865416692e+00,1.9274803865416692e+00,0.0000000000000000e+00,1.6597272314535083e+01,4.0739750017071890e+00,1.9274803865416692e+00,1.5590806866661491e+00,0.0000000000000000e+00,0.0000000000000000e+00,3.1415926535897931e+00,0.0000000000000000e+00,7.4613959463635737e-01,3.0914613012671230e+00,6.2782575633909063e+00,1.1342612970593109e+00,6.2820366047783427e+00
max_c_e_gamma_mixing_angles_polarization_05_local_minimum_638,C_e_gamma,polarization_cluster_05_local_minimum_638,1.0704678304989996e+00,2.9527528476859422e+00,p,2.1436008584862116e+00,0.0000000000000000e+00,0.0000000000000000e+00,1.9274803865416692e+00,1.9274803865416692e+00,0.0000000000000000e+00,1.6597272314535083e+01,4.0739750017071890e+00,1.9274803865416692e+00,1.5590806866661491e+00,0.0000000000000000e+00,0.0000000000000000e+00,3.1415926535897931e+00,0.0000000000000000e+00,7.4613959463635737e-01,3.0914613012671230e+00,6.2782575633909063e+00,1.1342612970593109e+00,6.2820366047783427e+00
max_c_e_gamma_mixing_angles_polarization_05_local_minimum_638,C_e_gamma,polarization_cluster_05_local_minimum_638,1.0704678304989996e+00,2.9527528476859422e+00,kp,1.1202147110963163e+00,-1.1151434661846045e+00,5.2803896158297829e-03,-1.2019731885331453e-02,1.1152207434599235e+00,3.1368575228095810e+00,1.6597272314535083e+01,4.0739750017071890e+00,1.9274803865416692e+00,1.5590806866661491e+00,0.0000000000000000e+00,0.0000000000000000e+00,3.1415926535897931e+00,0.0000000000000000e+00,7.4613959463635737e-01,3.0914613012671230e+00,6.2782575633909063e+00,1.1342612970593109e+00,6.2820366047783427e+00
max_c_e_gamma_mixing_angles_polarization_05_local_minimum_638,C_e_gamma,polarization_cluster_05_local_minimum_638,1.0704678304989996e+00,2.9527528476859422e+00,pp,1.8194989935516290e+00,1.0583052651508229e+00,-5.2150994091027143e-03,1.1448560416172815e+00,1.5590806866661491e+00,6.2782575633909063e+00,1.6597272314535083e+01,4.0739750017071890e+00,1.9274803865416692e+00,1.5590806866661491e+00,0.0000000000000000e+00,0.0000000000000000e+00,3.1415926535897931e+00,0.0000000000000000e+00,7.4613959463635737e-01,3.0914613012671230e+00,6.2782575633909063e+00,1.1342612970593109e+00,6.2820366047783427e+00
max_c_e_gamma_mixing_angles_polarization_05_local_minimum_638,C_e_gamma,polarization_cluster_05_local_minimum_638,1.0704678304989996e+00,2.9527528476859422e+00,qout,1.1342612970593109e+00,5.6838201033781600e-02,-6.5290206727068156e-05,-1.1328363097319500e+00,1.1342612970593109e+00,6.2820366047783427e+00,1.6597272314535083e+01,4.0739750017071890e+00,1.9274803865416692e+00,1.5590806866661491e+00,0.0000000000000000e+00,0.0000000000000000e+00,3.1415926535897931e+00,0.0000000000000000e+00,7.4613959463635737e-01,3.0914613012671230e+00,6.2782575633909063e+00,1.1342612970593109e+00,6.2820366047783427e+00
max_c_e_gamma_mixing_angles_polarization_05_local_minimum_639,C_e_gamma,polarization_cluster_05_local_minimum_639,2.1971943978756268e+00,3.1269293284345476e+00,k,5.9544151121843913e-01,0.0000000000000000e+00,0.0000000000000000e+00,-5.8599223627007169e-01,5.8599223627007169e-01,0.0000000000000000e+00,2.8948953718780128e+00,1.7014392060482249e+00,5.8599223627007169e-01,5.8223563354790109e-01,0.0000000000000000e+00,0.0000000000000000e+00,3.1415926535897931e+00,0.0000000000000000e+00,1.1611998261319322e-01,3.0066852263349508e+00,3.2244909515839355e+00,1.0103595260110967e-01,3.2228082705037537e+00
max_c_e_gamma_mixing_angles_polarization_05_local_minimum_639,C_e_gamma,polarization_cluster_05_local_minimum_639,2.1971943978756268e+00,3.1269293284345476e+00,p,1.1059976948297856e+00,0.0000000000000000e+00,0.0000000000000000e+00,5.8599223627007169e-01,5.8599223627007169e-01,0.0000000000000000e+00,2.8948953718780128e+00,1.7014392060482249e+00,5.8599223627007169e-01,5.8223563354790109e-01,0.0000000000000000e+00,0.0000000000000000e+00,3.1415926535897931e+00,0.0000000000000000e+00,1.1611998261319322e-01,3.0066852263349508e+00,3.2244909515839355e+00,1.0103595260110967e-01,3.2228082705037537e+00
max_c_e_gamma_mixing_angles_polarization_05_local_minimum_639,C_e_gamma,polarization_cluster_05_local_minimum_639,2.1971943978756268e+00,3.1269293284345476e+00,kp,4.9639132734546815e-01,8.0770100053458957e-02,6.6881389520086904e-03,-4.7819673491692682e-01,4.8501614153602840e-01,8.2616160490879234e-02,2.8948953718780128e+00,1.7014392060482249e+00,5.8599223627007169e-01,5.8223563354790109e-01,0.0000000000000000e+00,0.0000000000000000e+00,3.1415926535897931e+00,0.0000000000000000e+00,1.1611998261319322e-01,3.0066852263349508e+00,3.2244909515839355e+00,1.0103595260110967e-01,3.2228082705037537e+00
max_c_e_gamma_mixing_angles_polarization_05_local_minimum_639,C_e_gamma,polarization_cluster_05_local_minimum_639,2.1971943978756268e+00,3.1269293284345476e+00,pp,1.1040119261008576e+00,-6.7225700268918012e-02,-5.5856972079917702e-03,5.7831465326669707e-01,5.8223563354790120e-01,3.2244909515839351e+00,2.8948953718780128e+00,1.7014392060482249e+00,5.8599223627007169e-01,5.8223563354790109e-01,0.0000000000000000e+00,0.0000000000000000e+00,3.1415926535897931e+00,0.0000000000000000e+00,1.1611998261319322e-01,3.0066852263349508e+00,3.2244909515839355e+00,1.0103595260110967e-01,3.2228082705037537e+00
max_c_e_gamma_mixing_angles_polarization_05_local_minimum_639,C_e_gamma,polarization_cluster_05_local_minimum_639,2.1971943978756268e+00,3.1269293284345476e+00,qout,1.0103595260110967e-01,-1.3544399784540950e-02,-1.1024417440169199e-03,-1.0011791834977023e-01,1.0103595260110967e-01,3.2228082705037533e+00,2.8948953718780128e+00,1.7014392060482249e+00,5.8599223627007169e-01,5.8223563354790109e-01,0.0000000000000000e+00,0.0000000000000000e+00,3.1415926535897931e+00,0.0000000000000000e+00,1.1611998261319322e-01,3.0066852263349508e+00,3.2244909515839355e+00,1.0103595260110967e-01,3.2228082705037537e+00
max_c_e_gamma_mixing_angles_polarization_05_local_minimum_644,C_e_gamma,polarization_cluster_05_local_minimum_644,2.3318825271401695e+00,3.0383163144968952e+00,k,8.5891708146403056e-01,0.0000000000000000e+00,0.0000000000000000e+00,-8.5239360656764029e-01,8.5239360656764029e-01,0.0000000000000000e+00,4.5214191113513484e+00,2.1263628832707147e+00,8.5239360656764029e-01,7.7151032215031268e-01,0.0000000000000000e+00,0.0000000000000000e+00,3.1415926535897931e+00,0.0000000000000000e+00,8.0646115644945437e-01,3.1390868002115302e+00,6.2474118876480027e+00,2.9713882510367212e-01,5.2824078253822089e+00
max_c_e_gamma_mixing_angles_polarization_05_local_minimum_644,C_e_gamma,polarization_cluster_05_local_minimum_644,2.3318825271401695e+00,3.0383163144968952e+00,p,1.2674458018066843e+00,0.0000000000000000e+00,0.0000000000000000e+00,8.5239360656764029e-01,8.5239360656764029e-01,0.0000000000000000e+00,4.5214191113513484e+00,2.1263628832707147e+00,8.5239360656764029e-01,7.7151032215031268e-01,0.0000000000000000e+00,0.0000000000000000e+00,3.1415926535897931e+00,0.0000000000000000e+00,8.0646115644945437e-01,3.1390868002115302e+00,6.2474118876480027e+00,2.9713882510367212e-01,5.2824078253822089e+00
max_c_e_gamma_mixing_angles_polarization_05_local_minimum_644,C_e_gamma,polarization_cluster_05_local_minimum_644,2.3318825271401695e+00,3.0383163144968952e+00,kp,6.1469856350443863e-01,-5.5695453341174317e-01,2.0545151103105064e-02,-2.3679141905774242e-01,6.0554985893906488e-01,3.1047209907952715e+00,4.5214191113513484e+00,2.1263628832707147e+00,8.5239360656764029e-01,7.7151032215031268e-01,0.0000000000000000e+00,0.0000000000000000e+00,3.1415926535897931e+00,0.0000000000000000e+00,8.0646115644945437e-01,3.1390868002115302e+00,6.2474118876480027e+00,2.9713882510367212e-01,5.2824078253822089e+00
max_c_e_gamma_mixing_angles_polarization_05_local_minimum_644,C_e_gamma,polarization_cluster_05_local_minimum_644,2.3318825271401695e+00,3.0383163144968952e+00,pp,1.2145254946622073e+00,5.5655271937299311e-01,-1.9918291375002582e-02,5.3392931124981913e-01,7.7151032215031279e-01,6.2474118876480027e+00,4.5214191113513484e+00,2.1263628832707147e+00,8.5239360656764029e-01,7.7151032215031268e-01,0.0000000000000000e+00,0.0000000000000000e+00,3.1415926535897931e+00,0.0000000000000000e+00,8.0646115644945437e-01,3.1390868002115302e+00,6.2474118876480027e+00,2.9713882510367212e-01,5.2824078253822089e+00
max_c_e_gamma_mixing_angles_polarization_05_local_minimum_644,C_e_gamma,polarization_cluster_05_local_minimum_644,2.3318825271401695e+00,3.0383163144968952e+00,qout,2.9713882510367212e-01,4.0181403875009115e-04,-6.2685972810247979e-04,-2.9713789219207670e-01,2.9713882510367212e-01,5.2824078253822089e+00,4.5214191113513484e+00,2.1263628832707147e+00,8.5239360656764029e-01,7.7151032215031268e-01,0.0000000000000000e+00,0.0000000000000000e+00,3.1415926535897931e+00,0.0000000000000000e+00,8.0646115644945437e-01,3.1390868002115302e+00,6.2474118876480027e+00,2.9713882510367212e-01,5.2824078253822089e+00
max_c_e_gamma_mixing_angles_polarization_05_local_minimum_646,C_e_gamma,polarization_cluster_05_local_minimum_646,7.4743377280393630e-01,3.1413238432351900e+00,k,7.7201995068739238e-01,0.0000000000000000e+00,0.0000000000000000e+00,-7.6475558967951640e-01,7.6475558967951640e-01,0.0000000000000000e+00,3.9293778593629933e+00,1.9822658397306334e+00,7.6475558967951640e-01,7.2481108371962899e-01,0.0000000000000000e+00,0.0000000000000000e+00,3.1415926535897931e+00,0.0000000000000000e+00,2.8901645144397237e-01,3.0949062697022303e+00,2.7886985727728342e+00,4.4201034709016734e-01,3.2758091819016206e+00
max_c_e_gamma_mixing_angles_polarization_05_local_minimum_646,C_e_gamma,polarization_cluster_05_local_minimum_646,7.4743377280393630e-01,3.1413238432351900e+00,p,1.2102458890432410e+00,0.0000000000000000e+00,0.0000000000000000e+00,7.6475558967951640e-01,7.6475558967951640e-01,0.0000000000000000e+00,3.9293778593629933e+00,1.9822658397306334e+00,7.6475558967951640e-01,7.2481108371962899e-01,0.0000000000000000e+00,0.0000000000000000e+00,3.1415926535897931e+00,0.0000000000000000e+00,2.8901645144397237e-01,3.0949062697022303e+00,2.7886985727728342e+00,4.4201034709016734e-01,3.2758091819016206e+00
max_c_e_gamma_mixing_angles_polarization_05_local_minimum_646,C_e_gamma,polarization_cluster_05_local_minimum_646,7.4743377280393630e-01,3.1413238432351900e+00,kp,3.5484623542857402e-01,2.1429088366311186e-01,-6.8636132301769889e-02,-2.5322056987154218e-01,3.3875087968082385e-01,5.9732154913500715e+00,3.9293778593629933e+00,1.9822658397306334e+00,7.6475558967951640e-01,7.2481108371962899e-01,0.0000000000000000e+00,0.0000000000000000e+00,3.1415926535897931e+00,0.0000000000000000e+00,2.8901645144397237e-01,3.0949062697022303e+00,2.7886985727728342e+00,4.4201034709016734e-01,3.2758091819016206e+00
max_c_e_gamma_mixing_angles_polarization_05_local_minimum_646,C_e_gamma,polarization_cluster_05_local_minimum_646,7.4743377280393630e-01,3.1413238432351900e+00,pp,1.1854092572115433e+00,-1.9384803624353505e-01,7.1396495381695041e-02,6.9474929749842840e-01,7.2481108371962899e-01,2.7886985727728342e+00,3.9293778593629933e+00,1.9822658397306334e+00,7.6475558967951640e-01,7.2481108371962899e-01,0.0000000000000000e+00,0.0000000000000000e+00,3.1415926535897931e+00,0.0000000000000000e+00,2.8901645144397237e-01,3.0949062697022303e+00,2.7886985727728342e+00,4.4201034709016734e-01,3.2758091819016206e+00
max_c_e_gamma_mixing_angles_polarization_05_local_minimum_646,C_e_gamma,polarization_cluster_05_local_minimum_646,7.4743377280393630e-01,3.1413238432351900e+00,qout,4.4201034709016734e-01,-2.0442847419576794e-02,-2.7603630799251516e-03,-4.4152872762688622e-01,4.4201034709016734e-01,3.2758091819016202e+00,3.9293778593629933e+00,1.9822658397306334e+00,7.6475558967951640e-01,7.2481108371962899e-01,0.0000000000000000e+00,0.0000000000000000e+00,3.1415926535897931e+00,0.0000000000000000e+00,2.8901645144397237e-01,3.0949062697022303e+00,2.7886985727728342e+00,4.4201034709016734e-01,3.2758091819016206e+00
max_c_e_gamma_mixing_angles_polarization_05_local_minimum_649,C_e_gamma,polarization_cluster_05_local_minimum_649,8.4738326183264656e-01,3.0863580318507298e+00,k,2.0213594357508473e+00,0.0000000000000000e+00,0.0000000000000000e+00,-2.0185961151715528e+00,2.0185961151715528e+00,0.0000000000000000e+00,1.8039104841758100e+01,4.2472467366233975e+00,2.0185961151715528e+00,2.0086757557492421e+00,0.0000000000000000e+00,0.0000000000000000e+00,3.1415926535897931e+00,0.0000000000000000e+00,1.2563002476399526e-01,3.1198511640558158e+00,9.8101465607223226e-01,8.7937554386096506e-01,9.0285838778624039e-01
max_c_e_gamma_mixing_angles_polarization_05_local_minimum_649,C_e_gamma,polarization_cluster_05_local_minimum_649,8.4738326183264656e-01,3.0863580318507298e+00,p,2.2258873008725497e+00,0.0000000000000000e+00,0.0000000000000000e+00,2.0185961151715528e+00,2.0185961151715528e+00,0.0000000000000000e+00,1.8039104841758100e+01,4.2472467366233975e+00,2.0185961151715528e+00,2.0086757557492421e+00,0.0000000000000000e+00,0.0000000000000000e+00,3.1415926535897931e+00,0.0000000000000000e+00,1.2563002476399526e-01,3.1198511640558158e+00,9.8101465607223226e-01,8.7937554386096506e-01,9.0285838778624039e-01
max_c_e_gamma_mixing_angles_polarization_05_local_minimum_649,C_e_gamma,polarization_cluster_05_local_minimum_649,8.4738326183264656e-01,3.0863580318507298e+00,kp,1.1509764519750743e+00,-1.5182373960744358e-01,-2.2417639224748956e-01,-1.1136775107446242e+00,1.1461165301520746e+00,4.1170943481737217e+00,1.8039104841758100e+01,4.2472467366233975e+00,2.0185961151715528e+00,2.0086757557492421e+00,0.0000000000000000e+00,0.0000000000000000e+00,3.1415926535897931e+00,0.0000000000000000e+00,1.2563002476399526e-01,3.1198511640558158e+00,9.8101465607223226e-01,8.7937554386096506e-01,9.0285838778624039e-01
max_c_e_gamma_mixing_angles_polarization_05_local_minimum_649,C_e_gamma,polarization_cluster_05_local_minimum_649,8.4738326183264656e-01,3.0863580318507298e+00,pp,2.2168947407882920e+00,1.3998300920637471e-01,2.0916728979210905e-01,1.9928452257386526e+00,2.0086757557492421e+00,9.8101465607223226e-01,1.8039104841758100e+01,4.2472467366233975e+00,2.0185961151715528e+00,2.0086757557492421e+00,0.0000000000000000e+00,0.0000000000000000e+00,3.1415926535897931e+00,0.0000000000000000e+00,1.2563002476399526e-01,3.1198511640558158e+00,9.8101465607223226e-01,8.7937554386096506e-01,9.0285838778624039e-01
max_c_e_gamma_mixing_angles_polarization_05_local_minimum_649,C_e_gamma,polarization_cluster_05_local_minimum_649,8.4738326183264656e-01,3.0863580318507298e+00,qout,8.7937554386096506e-01,1.1840730401068870e-02,1.5009102455380509e-02,-8.7916771499402846e-01,8.7937554386096506e-01,9.0285838778624039e-01,1.8039104841758100e+01,4.2472467366233975e+00,2.0185961151715528e+00,2.0086757557492421e+00,0.0000000000000000e+00,0.0000000000000000e+00,3.1415926535897931e+00,0.0000000000000000e+00,1.2563002476399526e-01,3.1198511640558158e+00,9.8101465607223226e-01,8.7937554386096506e-01,9.0285838778624039e-01
max_c_e_gamma_mixing_angles_polarization_05_local_minimum_650,C_e_gamma,polarization_cluster_05_local_minimum_650,2.1903757897311014e+00,2.9660537128486739e+00,k,2.1581086536454861e+00,0.0000000000000000e+00,0.0000000000000000e+00,-2.1555206490837042e+00,2.1555206490837042e+00,0.0000000000000000e+00,2.0329974583067326e+01,4.5088773084956895e+00,2.1555206490837042e+00,1.8233943186421171e+00,0.0000000000000000e+00,0.0000000000000000e+00,3.1415926535897931e+00,0.0000000000000000e+00,4.5541482675779954e-01,3.0578039621658881e+00,2.1349785221954444e-02,1.7824615310508054e+00,3.1143268453312229e+00
max_c_e_gamma_mixing_angles_polarization_05_local_minimum_650,C_e_gamma,polarization_cluster_05_local_minimum_650,2.1903757897311014e+00,2.9660537128486739e+00,p,2.3507686548502029e+00,0.0000000000000000e+00,0.0000000000000000e+00,2.1555206490837042e+00,2.1555206490837042e+00,0.0000000000000000e+00,2.0329974583067326e+01,4.5088773084956895e+00,2.1555206490837042e+00,1.8233943186421171e+00,0.0000000000000000e+00,0.0000000000000000e+00,3.1415926535897931e+00,0.0000000000000000e+00,4.5541482675779954e-01,3.0578039621658881e+00,2.1349785221954444e-02,1.7824615310508054e+00,3.1143268453312229e+00
max_c_e_gamma_mixing_angles_polarization_05_local_minimum_650,C_e_gamma,polarization_cluster_05_local_minimum_650,2.1903757897311014e+00,2.9660537128486739e+00,kp,6.7590100274601039e-01,-6.5268970248679736e-01,-2.1187950586641940e-02,1.3865675684003742e-01,6.6759154668087528e-01,3.1740437746685450e+00,2.0329974583067326e+01,4.5088773084956895e+00,2.1555206490837042e+00,1.8233943186421171e+00,0.0000000000000000e+00,0.0000000000000000e+00,3.1415926535897931e+00,0.0000000000000000e+00,4.5541482675779954e-01,3.0578039621658881e+00,2.1349785221954444e-02,1.7824615310508054e+00,3.1143268453312229e+00
max_c_e_gamma_mixing_angles_polarization_05_local_minimum_650,C_e_gamma,polarization_cluster_05_local_minimum_650,2.1903757897311014e+00,2.9660537128486739e+00,pp,2.0505147746983807e+00,8.0180968293551258e-01,1.7121065935295079e-02,1.6375515084138399e+00,1.8233943186421171e+00,2.1349785221954444e-02,2.0329974583067326e+01,4.5088773084956895e+00,2.1555206490837042e+00,1.8233943186421171e+00,0.0000000000000000e+00,0.0000000000000000e+00,3.1415926535897931e+00,0.0000000000000000e+00,4.5541482675779954e-01,3.0578039621658881e+00,2.1349785221954444e-02,1.7824615310508054e+00,3.1143268453312229e+00
max_c_e_gamma_mixing_angles_polarization_05_local_minimum_650,C_e_gamma,polarization_cluster_05_local_minimum_650,2.1903757897311014e+00,2.9660537128486739e+00,qout,1.7824615310508054e+00,-1.4911998044871522e-01,4.0668846513468616e-03,-1.7762082652538773e+00,1.7824615310508052e+00,3.1143268453312229e+00,2.0329974583067326e+01,4.5088773084956895e+00,2.1555206490837042e+00,1.8233943186421171e+00,0.0000000000000000e+00,0.0000000000000000e+00,3.1415926535897931e+00,0.0000000000000000e+00,4.5541482675779954e-01,3.0578039621658881e+00,2.1349785221954444e-02,1.7824615310508054e+00,3.1143268453312229e+00
max_c_e_gamma_mixing_angles_polarization_05_local_minimum_663,C_e_gamma,polarization_cluster_05_local_minimum_663,2.3922141973522089e+00,3.1075329584168454e+00,k,8.4652028179695615e-01,0.0000000000000000e+00,0.0000000000000000e+00,-8.3990052695560269e-01,8.3990052695560269e-01,0.0000000000000000e+00,4.4335432632155722e+00,2.1055980773204492e+00,8.3990052695560269e-01,8.3091787583789489e-01,0.0000000000000000e+00,0.0000000000000000e+00,3.1415926535897931e+00,0.0000000000000000e+00,2.5035964269833511e-01,2.8557531588601233e+00,6.6386867800269334e-01,5.6897681875922967e-01,3.8232117301407857e+00
max_c_e_gamma_mixing_angles_polarization_05_local_minimum_663,C_e_gamma,polarization_cluster_05_local_minimum_663,2.3922141973522089e+00,3.1075329584168454e+00,p,1.2590777955234931e+00,0.0000000000000000e+00,0.0000000000000000e+00,8.3990052695560269e-01,8.3990052695560269e-01,0.0000000000000000e+00,4.4335432632155722e+00,2.1055980773204492e+00,8.3990052695560269e-01,8.3091787583789489e-01,0.0000000000000000e+00,0.0000000000000000e+00,3.1415926535897931e+00,0.0000000000000000e+00,2.5035964269833511e-01,2.8557531588601233e+00,6.6386867800269334e-01,5.6897681875922967e-01,3.8232117301407857e+00
max_c_e_gamma_mixing_angles_polarization_05_local_minimum_663,C_e_gamma,polarization_cluster_05_local_minimum_663,2.3922141973522089e+00,3.1075329584168454e+00,kp,2.8351770482556760e-01,-3.7556982196784050e-02,-2.5766257384945881e-02,-2.5912192054108785e-01,2.6309427328670359e-01,3.7428999635480156e+00,4.4335432632155722e+00,2.1055980773204492e+00,8.3990052695560269e-01,8.3091787583789489e-01,0.0000000000000000e+00,0.0000000000000000e+00,3.1415926535897931e+00,0.0000000000000000e+00,2.5035964269833511e-01,2.8557531588601233e+00,6.6386867800269334e-01,5.6897681875922967e-01,3.8232117301407857e+00
max_c_e_gamma_mixing_angles_polarization_05_local_minimum_663,C_e_gamma,polarization_cluster_05_local_minimum_663,2.3922141973522089e+00,3.1075329584168454e+00,pp,1.2531035537364656e+00,1.6213979348669369e-01,1.2684561593670612e-01,8.0501266665356841e-01,8.3091787583789489e-01,6.6386867800269345e-01,4.4335432632155722e+00,2.1055980773204492e+00,8.3990052695560269e-01,8.3091787583789489e-01,0.0000000000000000e+00,0.0000000000000000e+00,3.1415926535897931e+00,0.0000000000000000e+00,2.5035964269833511e-01,2.8557531588601233e+00,6.6386867800269334e-01,5.6897681875922967e-01,3.8232117301407857e+00
max_c_e_gamma_mixing_angles_polarization_05_local_minimum_663,C_e_gamma,polarization_cluster_05_local_minimum_663,2.3922141973522089e+00,3.1075329584168454e+00,qout,5.6897681875922967e-01,-1.2458281128990964e-01,-1.0107935855176024e-01,-5.4589074611248056e-01,5.6897681875922967e-01,3.8232117301407857e+00,4.4335432632155722e+00,2.1055980773204492e+00,8.3990052695560269e-01,8.3091787583789489e-01,0.0000000000000000e+00,0.0000000000000000e+00,3.1415926535897931e+00,0.0000000000000000e+00,2.5035964269833511e-01,2.8557531588601233e+00,6.6386867800269334e-01,5.6897681875922967e-01,3.8232117301407857e+00
max_c_e_gamma_mixing_angles_polarization_05_local_minimum_677,C_e_gamma,polarization_cluster_05_local_minimum_677,2.3635018598329336e+00,3.1406870516258487e+00,k,9.1710785211532209e-01,0.0000000000000000e+00,0.0000000000000000e+00,-9.1100116360972916e-01,9.1100116360972916e-01,0.0000000000000000e+00,4.9492388699288634e+00,2.2246884882897344e+00,9.1100116360972916e-01,8.4514271587260292e-01,0.0000000000000000e+00,0.0000000000000000e+00,3.1415926535897931e+00,0.0000000000000000e+00,2.9832014520255812e-01,3.1062652078563424e+00,3.1048981352989294e-02,6.2712640834650413e-01,5.3272869386965862e+00
max_c_e_gamma_mixing_angles_polarization_05_local_minimum_677,C_e_gamma,polarization_cluster_05_local_minimum_677,2.3635018598329336e+00,3.1406870516258487e+00,p,1.3075806361744122e+00,0.0000000000000000e+00,0.0000000000000000e+00,9.1100116360972916e-01,9.1100116360972916e-01,0.0000000000000000e+00,4.9492388699288634e+00,2.2246884882897344e+00,9.1100116360972916e-01,8.4514271587260292e-01,0.0000000000000000e+00,0.0000000000000000e+00,3.1415926535897931e+00,0.0000000000000000e+00,2.9832014520255812e-01,3.1062652078563424e+00,3.1048981352989294e-02,6.2712640834650413e-01,5.3272869386965862e+00
max_c_e_gamma_mixing_angles_polarization_05_local_minimum_677,C_e_gamma,polarization_cluster_05_local_minimum_677,2.3635018598329336e+00,3.1406870516258487e+00,kp,3.3498130621310468e-01,-2.6105824765660429e-01,1.0381640881592501e-02,-1.8107897741595380e-01,3.1788171258966563e-01,3.1018460703718578e+00,4.9492388699288634e+00,2.2246884882897344e+00,9.1100116360972916e-01,8.4514271587260292e-01,0.0000000000000000e+00,0.0000000000000000e+00,3.1415926535897931e+00,0.0000000000000000e+00,2.9832014520255812e-01,3.1062652078563424e+00,3.1048981352989294e-02,6.2712640834650413e-01,5.3272869386965862e+00
max_c_e_gamma_mixing_angles_polarization_05_local_minimum_677,C_e_gamma,polarization_cluster_05_local_minimum_677,2.3635018598329336e+00,3.1406870516258487e+00,pp,1.2625807737299499e+00,2.4828036669804285e-01,7.7113306436475499e-03,8.0781409066969667e-01,8.4514271587260292e-01,3.1048981352989290e-02,4.9492388699288634e+00,2.2246884882897344e+00,9.1100116360972916e-01,8.4514271587260292e-01,0.0000000000000000e+00,0.0000000000000000e+00,3.1415926535897931e+00,0.0000000000000000e+00,2.9832014520255812e-01,3.1062652078563424e+00,3.1048981352989294e-02,6.2712640834650413e-01,5.3272869386965862e+00
max_c_e_gamma_mixing_angles_polarization_05_local_minimum_677,C_e_gamma,polarization_cluster_05_local_minimum_677,2.3635018598329336e+00,3.1406870516258487e+00,qout,6.2712640834650413e-01,1.2777880958561442e-02,-1.8092971525240052e-02,-6.2673511325374287e-01,6.2712640834650413e-01,5.3272869386965862e+00,4.9492388699288634e+00,2.2246884882897344e+00,9.1100116360972916e-01,8.4514271587260292e-01,0.0000000000000000e+00,0.0000000000000000e+00,3.1415926535897931e+00,0.0000000000000000e+00,2.9832014520255812e-01,3.1062652078563424e+00,3.1048981352989294e-02,6.2712640834650413e-01,5.3272869386965862e+00
max_c_e_gamma_mixing_angles_polarization_05_local_minimum_678,C_e_gamma,polarization_cluster_05_local_minimum_678,8.0632770173736057e-01,3.1010572112699153e+00,k,6.8899577192726358e-01,0.0000000000000000e+00,0.0000000000000000e+00,-6.8084615106523649e-01,6.8084615106523649e-01,0.0000000000000000e+00,3.4152709092993989e+00,1.8480451588907125e+00,6.8084615106523649e-01,6.7251384304973383e-01,0.0000000000000000e+00,0.0000000000000000e+00,3.1415926535897931e+00,0.0000000000000000e+00,2.4930005487686843e-01,2.8225679510497264e+00,5.2799713503216261e-01,3.9102509185294748e-01,3.6264375972195406e+00
max_c_e_gamma_mixing_angles_polarization_05_local_minimum_678,C_e_gamma,polarization_cluster_05_local_minimum_678,8.0632770173736057e-01,3.1010572112699153e+00,p,1.1590493869634488e+00,0.0000000000000000e+00,0.0000000000000000e+00,6.8084615106523649e-01,6.8084615106523649e-01,0.0000000000000000e+00,3.4152709092993989e+00,1.8480451588907125e+00,6.8084615106523649e-01,6.7251384304973383e-01,0.0000000000000000e+00,0.0000000000000000e+00,3.1415926535897931e+00,0.0000000000000000e+00,2.4930005487686843e-01,2.8225679510497264e+00,5.2799713503216261e-01,3.9102509185294748e-01,3.6264375972195406e+00
max_c_e_gamma_mixing_angles_polarization_05_local_minimum_678,C_e_gamma,polarization_cluster_05_local_minimum_678,8.0632770173736057e-01,3.1010572112699153e+00,kp,3.0284552690317562e-01,-3.4823638738072316e-02,-2.6434852775019599e-02,-2.8042866043927522e-01,2.8381635057192012e-01,3.7908965336256504e+00,3.4152709092993989e+00,1.8480451588907125e+00,6.8084615106523649e-01,6.7251384304973383e-01,0.0000000000000000e+00,0.0000000000000000e+00,3.1415926535897931e+00,0.0000000000000000e+00,2.4930005487686843e-01,2.8225679510497264e+00,5.2799713503216261e-01,3.9102509185294748e-01,3.6264375972195406e+00
max_c_e_gamma_mixing_angles_polarization_05_local_minimum_678,C_e_gamma,polarization_cluster_05_local_minimum_678,8.0632770173736057e-01,3.1010572112699153e+00,pp,1.1541745401339965e+00,1.4333023653232183e-01,8.3594453230380186e-02,6.5172331535569938e-01,6.7251384304973372e-01,5.2799713503216261e-01,3.4152709092993989e+00,1.8480451588907125e+00,6.8084615106523649e-01,6.7251384304973383e-01,0.0000000000000000e+00,0.0000000000000000e+00,3.1415926535897931e+00,0.0000000000000000e+00,2.4930005487686843e-01,2.8225679510497264e+00,5.2799713503216261e-01,3.9102509185294748e-01,3.6264375972195406e+00
max_c_e_gamma_mixing_angles_polarization_05_local_minimum_678,C_e_gamma,polarization_cluster_05_local_minimum_678,8.0632770173736057e-01,3.1010572112699153e+00,qout,3.9102509185294748e-01,-1.0850659779424951e-01,-5.7159600455360587e-02,-3.7129465491642416e-01,3.9102509185294748e-01,3.6264375972195402e+00,3.4152709092993989e+00,1.8480451588907125e+00,6.8084615106523649e-01,6.7251384304973383e-01,0.0000000000000000e+00,0.0000000000000000e+00,3.1415926535897931e+00,0.0000000000000000e+00,2.4930005487686843e-01,2.8225679510497264e+00,5.2799713503216261e-01,3.9102509185294748e-01,3.6264375972195406e+00
max_c_e_gamma_mixing_angles_polarization_05_local_minimum_683,C_e_gamma,polarization_cluster_05_local_minimum_683,8.7529211111997463e-01,3.1414786220186377e+00,k,6.9505293395766088e-01,0.0000000000000000e+00,0.0000000000000000e+00,-6.8697517327036905e-01,6.8697517327036905e-01,0.0000000000000000e+00,3.4510983245963036e+00,1.8577131976159031e+00,6.8697517327036905e-01,6.6824052861891126e-01,0.0000000000000000e+00,0.0000000000000000e+00,3.1415926535897931e+00,0.0000000000000000e+00,2.0008671494604016e-01,3.0466181601257145e+00,1.8184499635198121e+00,3.0667733866453517e-01,1.6368071064589644e+00
max_c_e_gamma_mixing_angles_polarization_05_local_minimum_683,C_e_gamma,polarization_cluster_05_local_minimum_683,8.7529211111997463e-01,3.1414786220186377e+00,p,1.1626602636582422e+00,0.0000000000000000e+00,0.0000000000000000e+00,6.8697517327036905e-01,6.8697517327036905e-01,0.0000000000000000e+00,3.4510983245963036e+00,1.8577131976159031e+00,6.8697517327036905e-01,6.6824052861891126e-01,0.0000000000000000e+00,0.0000000000000000e+00,3.1415926535897931e+00,0.0000000000000000e+00,2.0008671494604016e-01,3.0466181601257145e+00,1.8184499635198121e+00,3.0667733866453517e-01,1.6368071064589644e+00
max_c_e_gamma_mixing_angles_polarization_05_local_minimum_683,C_e_gamma,polarization_cluster_05_local_minimum_683,8.7529211111997463e-01,3.1414786220186377e+00,kp,3.9934605518903954e-01,3.4475472901890139e-02,-1.5778293358143486e-01,-3.4961345386065446e-01,3.8511502110635515e-01,4.9275074909007772e+00,3.4510983245963036e+00,1.8577131976159031e+00,6.8697517327036905e-01,6.6824052861891126e-01,0.0000000000000000e+00,0.0000000000000000e+00,3.1415926535897931e+00,0.0000000000000000e+00,2.0008671494604016e-01,3.0466181601257145e+00,1.8184499635198121e+00,3.0667733866453517e-01,1.6368071064589644e+00
max_c_e_gamma_mixing_angles_polarization_05_local_minimum_683,C_e_gamma,polarization_cluster_05_local_minimum_683,8.7529211111997463e-01,3.1414786220186377e+00,pp,1.1516898037617949e+00,-3.2557091345089668e-02,1.2876351649857498e-01,6.5490869341531166e-01,6.6824052861891126e-01,1.8184499635198121e+00,3.4510983245963036e+00,1.8577131976159031e+00,6.8697517327036905e-01,6.6824052861891126e-01,0.0000000000000000e+00,0.0000000000000000e+00,3.1415926535897931e+00,0.0000000000000000e+00,2.0008671494604016e-01,3.0466181601257145e+00,1.8184499635198121e+00,3.0667733866453517e-01,1.6368071064589644e+00
max_c_e_gamma_mixing_angles_polarization_05_local_minimum_683,C_e_gamma,polarization_cluster_05_local_minimum_683,8.7529211111997463e-01,3.1414786220186377e+00,qout,3.0667733866453517e-01,-1.9183815568004708e-03,2.9019417082859884e-02,-3.0529523955465721e-01,3.0667733866453512e-01,1.6368071064589644e+00,3.4510983245963036e+00,1.8577131976159031e+00,6.8697517327036905e-01,6.6824052861891126e-01,0.0000000000000000e+00,0.0000000000000000e+00,3.1415926535897931e+00,0.0000000000000000e+00,2.0008671494604016e-01,3.0466181601257145e+00,1.8184499635198121e+00,3.0667733866453517e-01,1.6368071064589644e+00
max_c_e_gamma_mixing_angles_polarization_05_local_minimum_686,C_e_gamma,polarization_cluster_05_local_minimum_686,2.1005091864527632e+00,2.9549082294501230e+00,k,2.4131319692313298e+00,0.0000000000000000e+00,0.0000000000000000e+00,-2.4108177468678500e+00,2.4108177468678500e+00,0.0000000000000000e+00,2.5000000000000000e+01,5.0000000000000000e+00,2.4108177468678500e+00,1.8284251828117704e+00,0.0000000000000000e+00,0.0000000000000000e+00,3.1415926535897931e+00,0.0000000000000000e+00,6.5188573470777600e-01,3.0401877529323631e+00,4.2439995102192913e-03,1.9177897699129072e+00,3.1380179017037730e+00
max_c_e_gamma_mixing_angles_polarization_05_local_minimum_686,C_e_gamma,polarization_cluster_05_local_minimum_686,2.1005091864527632e+00,2.9549082294501230e+00,p,2.5868680307686698e+00,0.0000000000000000e+00,0.0000000000000000e+00,2.4108177468678500e+00,2.4108177468678500e+00,0.0000000000000000e+00,2.5000000000000000e+01,5.0000000000000000e+00,2.4108177468678500e+00,1.8284251828117704e+00,0.0000000000000000e+00,0.0000000000000000e+00,3.1415926535897931e+00,0.0000000000000000e+00,6.5188573470777600e-01,3.0401877529323631e+00,4.2439995102192913e-03,1.9177897699129072e+00,3.1380179017037730e+00
max_c_e_gamma_mixing_angles_polarization_05_local_minimum_686,C_e_gamma,polarization_cluster_05_local_minimum_686,2.1005091864527632e+00,2.9549082294501230e+00,kp,1.0272205344579326e+00,-9.1513202399893834e-01,-5.4017750240895569e-03,4.5444750365354358e-01,1.0217721537107682e+00,3.1474953126020244e+00,2.5000000000000000e+01,5.0000000000000000e+00,2.4108177468678500e+00,1.8284251828117704e+00,0.0000000000000000e+00,0.0000000000000000e+00,3.1415926535897931e+00,0.0000000000000000e+00,6.5188573470777600e-01,3.0401877529323631e+00,4.2439995102192913e-03,1.9177897699129072e+00,3.1380179017037730e+00
max_c_e_gamma_mixing_angles_polarization_05_local_minimum_686,C_e_gamma,polarization_cluster_05_local_minimum_686,2.1005091864527632e+00,2.9549082294501230e+00,pp,2.0549896956287288e+00,1.1092709426794023e+00,4.7077736022038625e-03,1.4534904408819194e+00,1.8284251828117704e+00,4.2439995102192913e-03,2.5000000000000000e+01,5.0000000000000000e+00,2.4108177468678500e+00,1.8284251828117704e+00,0.0000000000000000e+00,0.0000000000000000e+00,3.1415926535897931e+00,0.0000000000000000e+00,6.5188573470777600e-01,3.0401877529323631e+00,4.2439995102192913e-03,1.9177897699129072e+00,3.1380179017037730e+00
max_c_e_gamma_mixing_angles_polarization_05_local_minimum_686,C_e_gamma,polarization_cluster_05_local_minimum_686,2.1005091864527632e+00,2.9549082294501230e+00,qout,1.9177897699129072e+00,-1.9413891868046396e-01,6.9400142188569475e-04,-1.9079379445354629e+00,1.9177897699129069e+00,3.1380179017037730e+00,2.5000000000000000e+01,5.0000000000000000e+00,2.4108177468678500e+00,1.8284251828117704e+00,0.0000000000000000e+00,0.0000000000000000e+00,3.1415926535897931e+00,0.0000000000000000e+00,6.5188573470777600e-01,3.0401877529323631e+00,4.2439995102192913e-03,1.9177897699129072e+00,3.1380179017037730e+00
max_c_e_gamma_mixing_angles_polarization_05_local_minimum_691,C_e_gamma,polarization_cluster_05_local_minimum_691,2.3272079513441946e+00,3.0357537870329772e+00,k,2.1944260958136947e+00,0.0000000000000000e+00,0.0000000000000000e+00,-2.1918809725153499e+00,2.1918809725153499e+00,0.0000000000000000e+00,2.0963387823815168e+01,4.5785792363805573e+00,2.1918809725153499e+00,2.1847758424341848e+00,0.0000000000000000e+00,0.0000000000000000e+00,3.1415926535897931e+00,0.0000000000000000e+00,1.7724370243033408e-01,2.9483998983041353e+00,7.8515271651720975e-01,1.8164878897259895e+00,3.9195360355554416e+00
max_c_e_gamma_mixing_angles_polarization_05_local_minimum_691,C_e_gamma,polarization_cluster_05_local_minimum_691,2.3272079513441946e+00,3.0357537870329772e+00,p,2.3841531405668630e+00,0.0000000000000000e+00,0.0000000000000000e+00,2.1918809725153499e+00,2.1918809725153499e+00,0.0000000000000000e+00,2.0963387823815168e+01,4.5785792363805573e+00,2.1918809725153499e+00,2.1847758424341848e+00,0.0000000000000000e+00,0.0000000000000000e+00,3.1415926535897931e+00,0.0000000000000000e+00,1.7724370243033408e-01,2.9483998983041353e+00,7.8515271651720975e-01,1.8164878897259895e+00,3.9195360355554416e+00
max_c_e_gamma_mixing_angles_polarization_05_local_minimum_691,C_e_gamma,polarization_cluster_05_local_minimum_691,2.3272079513441946e+00,3.0357537870329772e+00,kp,3.8446869331194838e-01,-2.4016464672312832e-02,-2.7559503302205884e-02,-3.6785345863003283e-01,3.6966536735769284e-01,3.9955785954895573e+00,2.0963387823815168e+01,4.5785792363805573e+00,2.1918809725153499e+00,2.1847758424341848e+00,0.0000000000000000e+00,0.0000000000000000e+00,3.1415926535897931e+00,0.0000000000000000e+00,1.7724370243033408e-01,2.9483998983041353e+00,7.8515271651720975e-01,1.8164878897259895e+00,3.9195360355554416e+00
max_c_e_gamma_mixing_angles_polarization_05_local_minimum_691,C_e_gamma,polarization_cluster_05_local_minimum_691,2.3272079513441946e+00,3.0357537870329772e+00,pp,2.3776226533417790e+00,2.7245386135535393e-01,2.7232014827157081e-01,2.1505478632111186e+00,2.1847758424341843e+00,7.8515271651720975e-01,2.0963387823815168e+01,4.5785792363805573e+00,2.1918809725153499e+00,2.1847758424341848e+00,0.0000000000000000e+00,0.0000000000000000e+00,3.1415926535897931e+00,0.0000000000000000e+00,1.7724370243033408e-01,2.9483998983041353e+00,7.8515271651720975e-01,1.8164878897259895e+00,3.9195360355554416e+00
max_c_e_gamma_mixing_angles_polarization_05_local_minimum_691,C_e_gamma,polarization_cluster_05_local_minimum_691,2.3272079513441946e+00,3.0357537870329772e+00,qout,1.8164878897259895e+00,-2.4843739668304110e-01,-2.4476064496936492e-01,-1.7826944045810857e+00,1.8164878897259893e+00,3.9195360355554412e+00,2.0963387823815168e+01,4.5785792363805573e+00,2.1918809725153499e+00,2.1847758424341848e+00,0.0000000000000000e+00,0.0000000000000000e+00,3.1415926535897931e+00,0.0000000000000000e+00,1.7724370243033408e-01,2.9483998983041353e+00,7.8515271651720975e-01,1.8164878897259895e+00,3.9195360355554416e+00
max_c_e_gamma_mixing_angles_polarization_05_local_minimum_699,C_e_gamma,polarization_cluster_05_local_minimum_699,8.3129251283943095e-01,3.0898578931741523e+00,k,7.2773067023936711e-01,0.0000000000000000e+00,0.0000000000000000e+00,-7.2001960813143095e-01,7.2001960813143095e-01,0.0000000000000000e+00,3.6489262667514835e+00,1.9102162879505251e+00,7.2001960813143095e-01,6.7604773438140997e-01,0.0000000000000000e+00,0.0000000000000000e+00,3.1415926535897931e+00,0.0000000000000000e+00,3.0013531271999960e-01,3.0724720083881238e+00,2.5432945580315489e+00,4.1276984092700381e-01,1.9944787895223466e+00
max_c_e_gamma_mixing_angles_polarization_05_local_minimum_699,C_e_gamma,polarization_cluster_05_local_minimum_699,8.3129251283943095e-01,3.0898578931741523e+00,p,1.1824856177111580e+00,0.0000000000000000e+00,0.0000000000000000e+00,7.2001960813143095e-01,7.2001960813143095e-01,0.0000000000000000e+00,3.6489262667514835e+00,1.9102162879505251e+00,7.2001960813143095e-01,6.7604773438140997e-01,0.0000000000000000e+00,0.0000000000000000e+00,3.1415926535897931e+00,0.0000000000000000e+00,3.0013531271999960e-01,3.0724720083881238e+00,2.5432945580315489e+00,4.1276984092700381e-01,1.9944787895223466e+00
max_c_e_gamma_mixing_angles_polarization_05_local_minimum_699,C_e_gamma,polarization_cluster_05_local_minimum_699,8.3129251283943095e-01,3.0898578931741523e+00,kp,3.4120921394288134e-01,1.7687456297176743e-01,-1.3856350293691766e-01,-2.3404183385373017e-01,3.2443803008620914e-01,5.6186486982597055e+00,3.6489262667514835e+00,1.9102162879505251e+00,7.2001960813143095e-01,6.7604773438140997e-01,0.0000000000000000e+00,0.0000000000000000e+00,3.1415926535897931e+00,0.0000000000000000e+00,3.0013531271999960e-01,3.0724720083881238e+00,2.5432945580315489e+00,4.1276984092700381e-01,1.9944787895223466e+00
max_c_e_gamma_mixing_angles_polarization_05_local_minimum_699,C_e_gamma,polarization_cluster_05_local_minimum_699,8.3129251283943095e-01,3.0898578931741523e+00,pp,1.1562372330807538e+00,-1.6515426712673456e-01,1.1257595983393757e-01,6.4582602957726654e-01,6.7604773438141008e-01,2.5432945580315489e+00,3.6489262667514835e+00,1.9102162879505251e+00,7.2001960813143095e-01,6.7604773438140997e-01,0.0000000000000000e+00,0.0000000000000000e+00,3.1415926535897931e+00,0.0000000000000000e+00,3.0013531271999960e-01,3.0724720083881238e+00,2.5432945580315489e+00,4.1276984092700381e-01,1.9944787895223466e+00
max_c_e_gamma_mixing_angles_polarization_05_local_minimum_699,C_e_gamma,polarization_cluster_05_local_minimum_699,8.3129251283943095e-01,3.0898578931741523e+00,qout,4.1276984092700381e-01,-1.1720295845032865e-02,2.5987543102980092e-02,-4.1178419572353636e-01,4.1276984092700381e-01,1.9944787895223466e+00,3.6489262667514835e+00,1.9102162879505251e+00,7.2001960813143095e-01,6.7604773438140997e-01,0.0000000000000000e+00,0.0000000000000000e+00,3.1415926535897931e+00,0.0000000000000000e+00,3.0013531271999960e-01,3.0724720083881238e+00,2.5432945580315489e+00,4.1276984092700381e-01,1.9944787895223466e+00
max_c_e_gamma_mixing_angles_polarization_05_local_minimum_701,C_e_gamma,polarization_cluster_05_local_minimum_701,2.3076466343670132e+00,3.0524950663334471e+00,k,1.4163058752870910e+00,0.0000000000000000e+00,0.0000000000000000e+00,-1.4123592461054071e+00,1.4123592461054071e+00,0.0000000000000000e+00,9.6831199511464163e+00,3.1117711919655049e+00,1.4123592461054071e+00,1.4101362212002322e+00,0.0000000000000000e+00,0.0000000000000000e+00,3.1415926535897931e+00,0.0000000000000000e+00,2.2586649883961141e-01,2.8913088997817891e+00,7.3454086232524918e-01,6.8244947687715507e-01,3.8730064175283121e+00
max_c_e_gamma_mixing_angles_polarization_05_local_minimum_701,C_e_gamma,polarization_cluster_05_local_minimum_701,2.3076466343670132e+00,3.0524950663334471e+00,p,1.6954653166784137e+00,0.0000000000000000e+00,0.0000000000000000e+00,1.4123592461054071e+00,1.4123592461054071e+00,0.0000000000000000e+00,9.6831199511464163e+00,3.1117711919655049e+00,1.4123592461054071e+00,1.4101362212002322e+00,0.0000000000000000e+00,0.0000000000000000e+00,3.1415926535897931e+00,0.0000000000000000e+00,2.2586649883961141e-01,2.8913088997817891e+00,7.3454086232524918e-01,6.8244947687715507e-01,3.8730064175283121e+00
max_c_e_gamma_mixing_angles_polarization_05_local_minimum_701,C_e_gamma,polarization_cluster_05_local_minimum_701,2.3076466343670132e+00,3.0524950663334471e+00,kp,7.3570777964112377e-01,-1.0857224949195857e-01,-9.8766913503495382e-02,-7.1313351355017829e-01,7.2808120749760696e-01,3.8797347372692399e+00,9.6831199511464163e+00,3.1117711919655049e+00,1.4123592461054071e+00,1.4101362212002322e+00,0.0000000000000000e+00,0.0000000000000000e+00,3.1415926535897931e+00,0.0000000000000000e+00,2.2586649883961141e-01,2.8913088997817891e+00,7.3454086232524918e-01,6.8244947687715507e-01,3.8730064175283121e+00
max_c_e_gamma_mixing_angles_polarization_05_local_minimum_701,C_e_gamma,polarization_cluster_05_local_minimum_701,2.3076466343670132e+00,3.0524950663334471e+00,pp,1.6936139354471758e+00,2.3436834425008110e-01,2.1166472856541479e-01,1.3743193530747047e+00,1.4101362212002322e+00,7.3454086232524918e-01,9.6831199511464163e+00,3.1117711919655049e+00,1.4123592461054071e+00,1.4101362212002322e+00,0.0000000000000000e+00,0.0000000000000000e+00,3.1415926535897931e+00,0.0000000000000000e+00,2.2586649883961141e-01,2.8913088997817891e+00,7.3454086232524918e-01,6.8244947687715507e-01,3.8730064175283121e+00
max_c_e_gamma_mixing_angles_polarization_05_local_minimum_701,C_e_gamma,polarization_cluster_05_local_minimum_701,2.3076466343670132e+00,3.0524950663334471e+00,qout,6.8244947687715507e-01,-1.2579609475812253e-01,-1.1289781506191941e-01,-6.6118583952452636e-01,6.8244947687715507e-01,3.8730064175283117e+00,9.6831199511464163e+00,3.1117711919655049e+00,1.4123592461054071e+00,1.4101362212002322e+00,0.0000000000000000e+00,0.0000000000000000e+00,3.1415926535897931e+00,0.0000000000000000e+00,2.2586649883961141e-01,2.8913088997817891e+00,7.3454086232524918e-01,6.8244947687715507e-01,3.8730064175283121e+00
max_c_e_gamma_mixing_angles_polarization_05_local_minimum_708,C_e_gamma,polarization_cluster_05_local_minimum_708,2.2328060420962865e+00,3.0374026834213677e+00,k,1.3852633363011233e+00,0.0000000000000000e+00,0.0000000000000000e+00,-1.3812280110781203e+00,1.3812280110781203e+00,0.0000000000000000e+00,9.3323192869615053e+00,3.0548844965008914e+00,1.3812280110781203e+00,1.2021855644478112e+00,0.0000000000000000e+00,0.0000000000000000e+00,3.1415926535897931e+00,0.0000000000000000e+00,4.5811162058765487e-01,3.0765780584076552e+00,6.2778140978693644e+00,1.0542510433838521e+00,3.1503760823356166e+00
max_c_e_gamma_mixing_angles_polarization_05_local_minimum_708,C_e_gamma,polarization_cluster_05_local_minimum_708,2.2328060420962865e+00,3.0374026834213677e+00,p,1.6696211601997681e+00,0.0000000000000000e+00,0.0000000000000000e+00,1.3812280110781203e+00,1.3812280110781203e+00,0.0000000000000000e+00,9.3323192869615053e+00,3.0548844965008914e+00,1.3812280110781203e+00,1.2021855644478112e+00,0.0000000000000000e+00,0.0000000000000000e+00,3.1415926535897931e+00,0.0000000000000000e+00,4.5811162058765487e-01,3.0765780584076552e+00,6.2778140978693644e+00,1.0542510433838521e+00,3.1503760823356166e+00
max_c_e_gamma_mixing_angles_polarization_05_local_minimum_708,C_e_gamma,polarization_cluster_05_local_minimum_708,2.2328060420962865e+00,3.0374026834213677e+00,kp,4.7580751834156376e-01,-4.6317439668792704e-01,3.4573118578495117e-03,-2.6203576941916218e-02,4.6392790624951474e-01,3.1341284075642664e+00,9.3323192869615053e+00,3.0548844965008914e+00,1.3812280110781203e+00,1.2021855644478112e+00,0.0000000000000000e+00,0.0000000000000000e+00,3.1415926535897931e+00,0.0000000000000000e+00,4.5811162058765487e-01,3.0765780584076552e+00,6.2778140978693644e+00,1.0542510433838521e+00,3.1503760823356166e+00
max_c_e_gamma_mixing_angles_polarization_05_local_minimum_708,C_e_gamma,polarization_cluster_05_local_minimum_708,2.2328060420962865e+00,3.0374026834213677e+00,pp,1.5248259347763935e+00,5.3166518316706080e-01,-2.8557124441301062e-03,1.0782272994508508e+00,1.2021855644478114e+00,6.2778140978693644e+00,9.3323192869615053e+00,3.0548844965008914e+00,1.3812280110781203e+00,1.2021855644478112e+00,0.0000000000000000e+00,0.0000000000000000e+00,3.1415926535897931e+00,0.0000000000000000e+00,4.5811162058765487e-01,3.0765780584076552e+00,6.2778140978693644e+00,1.0542510433838521e+00,3.1503760823356166e+00
max_c_e_gamma_mixing_angles_polarization_05_local_minimum_708,C_e_gamma,polarization_cluster_05_local_minimum_708,2.2328060420962865e+00,3.0374026834213677e+00,qout,1.0542510433838521e+00,-6.8490786479133731e-02,-6.0159941371940560e-04,-1.0520237225089346e+00,1.0542510433838519e+00,3.1503760823356162e+00,9.3323192869615053e+00,3.0548844965008914e+00,1.3812280110781203e+00,1.2021855644478112e+00,0.0000000000000000e+00,0.0000000000000000e+00,3.1415926535897931e+00,0.0000000000000000e+00,4.5811162058765487e-01,3.0765780584076552e+00,6.2778140978693644e+00,1.0542510433838521e+00,3.1503760823356166e+00
max_c_e_gamma_mixing_angles_polarization_05_local_minimum_710,C_e_gamma,polarization_cluster_05_local_minimum_710,8.0799849584208550e-01,3.0568329470543492e+00,k,7.0504003742975818e-01,0.0000000000000000e+00,0.0000000000000000e+00,-6.9707801720155815e-01,6.9707801720155815e-01,0.0000000000000000e+00,3.5107447220240675e+00,1.8736981405829667e+00,6.9707801720155815e-01,6.6207400599832500e-01,0.0000000000000000e+00,0.0000000000000000e+00,3.1415926535897931e+00,0.0000000000000000e+00,1.9411647024069981e-01,3.0527240529954991e+00,2.7578252439222295e+00,4.3316014017315935e-01,2.3333146069337465e+00
max_c_e_gamma_mixing_angles_polarization_05_local_minimum_710,C_e_gamma,polarization_cluster_05_local_minimum_710,8.0799849584208550e-01,3.0568329470543492e+00,p,1.1686581031532086e+00,0.0000000000000000e+00,0.0000000000000000e+00,6.9707801720155815e-01,6.9707801720155815e-01,0.0000000000000000e+00,3.5107447220240675e+00,1.8736981405829667e+00,6.9707801720155815e-01,6.6207400599832500e-01,0.0000000000000000e+00,0.0000000000000000e+00,3.1415926535897931e+00,0.0000000000000000e+00,1.9411647024069981e-01,3.0527240529954991e+00,2.7578252439222295e+00,4.3316014017315935e-01,2.3333146069337465e+00
max_c_e_gamma_mixing_angles_polarization_05_local_minimum_710,C_e_gamma,polarization_cluster_05_local_minimum_710,8.0799849584208550e-01,3.0568329470543492e+00,kp,2.9241518928775051e-01,1.4497880457125711e-01,-7.5616759413001028e-02,-2.1818845646334623e-01,2.7265903728446628e-01,5.8024300872766652e+00,3.5107447220240675e+00,1.8736981405829667e+00,6.9707801720155815e-01,6.6207400599832500e-01,0.0000000000000000e+00,0.0000000000000000e+00,3.1415926535897931e+00,0.0000000000000000e+00,1.9411647024069981e-01,3.0527240529954991e+00,2.7578252439222295e+00,4.3316014017315935e-01,2.3333146069337465e+00
max_c_e_gamma_mixing_angles_polarization_05_local_minimum_710,C_e_gamma,polarization_cluster_05_local_minimum_710,8.0799849584208550e-01,3.0568329470543492e+00,pp,1.1481228111219939e+00,-1.1842403575971558e-01,4.7818175180263663e-02,6.4963925319786620e-01,6.6207400599832500e-01,2.7578252439222295e+00,3.5107447220240675e+00,1.8736981405829667e+00,6.9707801720155815e-01,6.6207400599832500e-01,0.0000000000000000e+00,0.0000000000000000e+00,3.1415926535897931e+00,0.0000000000000000e+00,1.9411647024069981e-01,3.0527240529954991e+00,2.7578252439222295e+00,4.3316014017315935e-01,2.3333146069337465e+00
max_c_e_gamma_mixing_angles_polarization_05_local_minimum_710,C_e_gamma,polarization_cluster_05_local_minimum_710,8.0799849584208550e-01,3.0568329470543492e+00,qout,4.3316014017315935e-01,-2.6554768811541549e-02,2.7798584232737358e-02,-4.3145079673451997e-01,4.3316014017315940e-01,2.3333146069337465e+00,3.5107447220240675e+00,1.8736981405829667e+00,6.9707801720155815e-01,6.6207400599832500e-01,0.0000000000000000e+00,0.0000000000000000e+00,3.1415926535897931e+00,0.0000000000000000e+00,1.9411647024069981e-01,3.0527240529954991e+00,2.7578252439222295e+00,4.3316014017315935e-01,2.3333146069337465e+00
max_c_e_gamma_mixing_angles_polarization_05_local_minimum_717,C_e_gamma,polarization_cluster_05_local_minimum_717,2.1350650338474497e+00,2.9645265959366607e+00,k,2.1852377078999834e+00,0.0000000000000000e+00,0.0000000000000000e+00,-2.1826818704783055e+00,2.1826818704783055e+00,0.0000000000000000e+00,2.0802140599239145e+01,4.5609363730750667e+00,2.1826818704783055e+00,1.7392206838988331e+00,0.0000000000000000e+00,0.0000000000000000e+00,3.1415926535897931e+00,0.0000000000000000e+00,5.5360514849493481e-01,3.0235602936795654e+00,6.2542745688623480e+00,1.8076216744838589e+00,3.1919278847493735e+00
max_c_e_gamma_mixing_angles_polarization_05_local_minimum_717,C_e_gamma,polarization_cluster_05_local_minimum_717,2.1350650338474497e+00,2.9645265959366607e+00,p,2.3756986651750833e+00,0.0000000000000000e+00,0.0000000000000000e+00,2.1826818704783055e+00,2.1826818704783055e+00,0.0000000000000000e+00,2.0802140599239145e+01,4.5609363730750667e+00,2.1826818704783055e+00,1.7392206838988331e+00,0.0000000000000000e+00,0.0000000000000000e+00,3.1415926535897931e+00,0.0000000000000000e+00,5.5360514849493481e-01,3.0235602936795654e+00,6.2542745688623480e+00,1.8076216744838589e+00,3.1919278847493735e+00
max_c_e_gamma_mixing_angles_polarization_05_local_minimum_717,C_e_gamma,polarization_cluster_05_local_minimum_717,2.1350650338474497e+00,2.9645265959366607e+00,kp,7.7727507669610452e-01,-7.0143266610408705e-01,3.7142501193797230e-02,3.1560339362373346e-01,7.7006029149647504e-01,3.0886897221592431e+00,2.0802140599239145e+01,4.5609363730750667e+00,2.1826818704783055e+00,1.7392206838988331e+00,0.0000000000000000e+00,0.0000000000000000e+00,3.1415926535897931e+00,0.0000000000000000e+00,5.5360514849493481e-01,3.0235602936795654e+00,6.2542745688623480e+00,1.8076216744838589e+00,3.1919278847493735e+00
max_c_e_gamma_mixing_angles_polarization_05_local_minimum_717,C_e_gamma,polarization_cluster_05_local_minimum_717,2.1350650338474497e+00,2.9645265959366607e+00,pp,1.9760396218956553e+00,9.1402585764978017e-01,-2.6432527169448591e-02,1.4794413271084950e+00,1.7392206838988331e+00,6.2542745688623480e+00,2.0802140599239145e+01,4.5609363730750667e+00,2.1826818704783055e+00,1.7392206838988331e+00,0.0000000000000000e+00,0.0000000000000000e+00,3.1415926535897931e+00,0.0000000000000000e+00,5.5360514849493481e-01,3.0235602936795654e+00,6.2542745688623480e+00,1.8076216744838589e+00,3.1919278847493735e+00
max_c_e_gamma_mixing_angles_polarization_05_local_minimum_717,C_e_gamma,polarization_cluster_05_local_minimum_717,2.1350650338474497e+00,2.9645265959366607e+00,qout,1.8076216744838589e+00,-2.1259319154569306e-01,-1.0709974024348638e-02,-1.7950447207322284e+00,1.8076216744838589e+00,3.1919278847493731e+00,2.0802140599239145e+01,4.5609363730750667e+00,2.1826818704783055e+00,1.7392206838988331e+00,0.0000000000000000e+00,0.0000000000000000e+00,3.1415926535897931e+00,0.0000000000000000e+00,5.5360514849493481e-01,3.0235602936795654e+00,6.2542745688623480e+00,1.8076216744838589e+00,3.1919278847493735e+00
max_c_e_gamma_mixing_angles_polarization_05_local_minimum_721,C_e_gamma,polarization_cluster_05_local_minimum_721,1.1217194927132113e+00,3.0029630284646314e+00,k,8.2700416121843412e-01,0.0000000000000000e+00,0.0000000000000000e+00,-8.2022691394473690e-01,8.2022691394473690e-01,0.0000000000000000e+00,4.2975129407876986e+00,2.0730443653688888e+00,8.2022691394473690e-01,8.1511450417146980e-01,0.0000000000000000e+00,0.0000000000000000e+00,3.1415926535897931e+00,0.0000000000000000e+00,1.3532801514552111e+00,1.7816177936352569e+00,6.2535020458331561e+00,4.5567807155343387e-01,3.1182605346890013e+00
max_c_e_gamma_mixing_angles_polarization_05_local_minimum_721,C_e_gamma,polarization_cluster_05_local_minimum_721,1.1217194927132113e+00,3.0029630284646314e+00,p,1.2460402041504546e+00,0.0000000000000000e+00,0.0000000000000000e+00,8.2022691394473690e-01,8.2022691394473690e-01,0.0000000000000000e+00,4.2975129407876986e+00,2.0730443653688888e+00,8.2022691394473690e-01,8.1511450417146980e-01,0.0000000000000000e+00,0.0000000000000000e+00,3.1415926535897931e+00,0.0000000000000000e+00,1.3532801514552111e+00,1.7816177936352569e+00,6.2535020458331561e+00,4.5567807155343387e-01,3.1182605346890013e+00
max_c_e_gamma_mixing_angles_polarization_05_local_minimum_721,C_e_gamma,polarization_cluster_05_local_minimum_721,1.1217194927132113e+00,3.0029630284646314e+00,kp,3.7468545992812341e-01,-3.5008915156522979e-01,1.3226068672173491e-02,-8.0549106960083008e-02,3.5947948699230448e-01,3.1038314672369984e+00,4.2975129407876986e+00,2.0730443653688888e+00,8.2022691394473690e-01,8.1511450417146980e-01,0.0000000000000000e+00,0.0000000000000000e+00,3.1415926535897931e+00,0.0000000000000000e+00,1.3532801514552111e+00,1.7816177936352569e+00,6.2535020458331561e+00,4.5567807155343387e-01,3.1182605346890013e+00
max_c_e_gamma_mixing_angles_polarization_05_local_minimum_721,C_e_gamma,polarization_cluster_05_local_minimum_721,1.1217194927132113e+00,3.0029630284646314e+00,pp,1.2426808338872459e+00,7.9555692959750179e-01,-2.3621662315515633e-02,1.7590578088723588e-01,8.1511450417146969e-01,6.2535020458331561e+00,4.2975129407876986e+00,2.0730443653688888e+00,8.2022691394473690e-01,8.1511450417146980e-01,0.0000000000000000e+00,0.0000000000000000e+00,3.1415926535897931e+00,0.0000000000000000e+00,1.3532801514552111e+00,1.7816177936352569e+00,6.2535020458331561e+00,4.5567807155343387e-01,3.1182605346890013e+00
max_c_e_gamma_mixing_angles_polarization_05_local_minimum_721,C_e_gamma,polarization_cluster_05_local_minimum_721,1.1217194927132113e+00,3.0029630284646314e+00,qout,4.5567807155343387e-01,-4.4546777803227200e-01,1.0395593643342142e-02,-9.5356673927152871e-02,4.5567807155343387e-01,3.1182605346890013e+00,4.2975129407876986e+00,2.0730443653688888e+00,8.2022691394473690e-01,8.1511450417146980e-01,0.0000000000000000e+00,0.0000000000000000e+00,3.1415926535897931e+00,0.0000000000000000e+00,1.3532801514552111e+00,1.7816177936352569e+00,6.2535020458331561e+00,4.5567807155343387e-01,3.1182605346890013e+00
max_c_e_gamma_mixing_angles_polarization_05_local_minimum_732,C_e_gamma,polarization_cluster_05_local_minimum_732,7.7320087240028346e-01,3.1142764477650489e+00,k,6.1394219944020845e-01,0.0000000000000000e+00,0.0000000000000000e+00,-6.0478205325570111e-01,6.0478205325570111e-01,0.0000000000000000e+00,2.9929314944766361e+00,1.7300091024259485e+00,6.0478205325570111e-01,5.9525941324216713e-01,0.0000000000000000e+00,0.0000000000000000e+00,3.1415926535897931e+00,0.0000000000000000e+00,2.6399827774209372e-01,2.8053500975417691e+00,1.3699929747396817e+00,3.4931806170711927e-01,4.4690394574645076e+00
max_c_e_gamma_mixing_angles_polarization_05_local_minimum_732,C_e_gamma,polarization_cluster_05_local_minimum_732,7.7320087240028346e-01,3.1142764477650489e+00,p,1.1160669029857402e+00,0.0000000000000000e+00,0.0000000000000000e+00,6.0478205325570111e-01,6.0478205325570111e-01,0.0000000000000000e+00,2.9929314944766361e+00,1.7300091024259485e+00,6.0478205325570111e-01,5.9525941324216713e-01,0.0000000000000000e+00,0.0000000000000000e+00,3.1415926535897931e+00,0.0000000000000000e+00,2.6399827774209372e-01,2.8053500975417691e+00,1.3699929747396817e+00,3.4931806170711927e-01,4.4690394574645076e+00
max_c_e_gamma_mixing_angles_polarization_05_local_minimum_732,C_e_gamma,polarization_cluster_05_local_minimum_732,7.7320087240028346e-01,3.1142764477650489e+00,kp,2.6975550296149642e-01,-3.2100698363814982e-03,-4.0348333451972154e-02,-2.4487965718696381e-01,2.4820221406085582e-01,4.6329972849740724e+00,2.9929314944766361e+00,1.7300091024259485e+00,6.0478205325570111e-01,5.9525941324216713e-01,0.0000000000000000e+00,0.0000000000000000e+00,3.1415926535897931e+00,0.0000000000000000e+00,2.6399827774209372e-01,2.8053500975417691e+00,1.3699929747396817e+00,3.4931806170711927e-01,4.4690394574645076e+00
max_c_e_gamma_mixing_angles_polarization_05_local_minimum_732,C_e_gamma,polarization_cluster_05_local_minimum_732,7.7320087240028346e-01,3.1142764477650489e+00,pp,1.1109355377578884e+00,3.0981277206360590e-02,1.5220734284605358e-01,5.7463628000659306e-01,5.9525941324216713e-01,1.3699929747396817e+00,2.9929314944766361e+00,1.7300091024259485e+00,6.0478205325570111e-01,5.9525941324216713e-01,0.0000000000000000e+00,0.0000000000000000e+00,3.1415926535897931e+00,0.0000000000000000e+00,2.6399827774209372e-01,2.8053500975417691e+00,1.3699929747396817e+00,3.4931806170711927e-01,4.4690394574645076e+00
max_c_e_gamma_mixing_angles_polarization_05_local_minimum_732,C_e_gamma,polarization_cluster_05_local_minimum_732,7.7320087240028346e-01,3.1142764477650489e+00,qout,3.4931806170711927e-01,-2.7771207369979092e-02,-1.1185900939408143e-01,-3.2975662281962925e-01,3.4931806170711932e-01,4.4690394574645076e+00,2.9929314944766361e+00,1.7300091024259485e+00,6.0478205325570111e-01,5.9525941324216713e-01,0.0000000000000000e+00,0.0000000000000000e+00,3.1415926535897931e+00,0.0000000000000000e+00,2.6399827774209372e-01,2.8053500975417691e+00,1.3699929747396817e+00,3.4931806170711927e-01,4.4690394574645076e+00
max_c_e_gamma_mixing_angles_polarization_05_local_minimum_734,C_e_gamma,polarization_cluster_05_local_minimum_734,2.3785842133477324e+00,3.1285415469215829e+00,k,5.8283662905813460e-01,0.0000000000000000e+00,0.0000000000000000e+00,-5.7317959127881601e-01,5.7317959127881601e-01,0.0000000000000000e+00,2.8294587040706429e+00,1.6820994929167070e+00,5.7317959127881601e-01,5.6251088144000061e-01,0.0000000000000000e+00,0.0000000000000000e+00,3.1415926535897931e+00,0.0000000000000000e+00,1.8711422133721797e-01,2.8549888139329185e+00,1.8789316666269669e+00,3.2399802079910806e-01,5.0797116355834069e+00
max_c_e_gamma_mixing_angles_polarization_05_local_minimum_734,C_e_gamma,polarization_cluster_05_local_minimum_734,2.3785842133477324e+00,3.1285415469215829e+00,p,1.0992628638585724e+00,0.0000000000000000e+00,0.0000000000000000e+00,5.7317959127881601e-01,5.7317959127881601e-01,0.0000000000000000e+00,2.8294587040706429e+00,1.6820994929167070e+00,5.7317959127881601e-01,5.6251088144000061e-01,0.0000000000000000e+00,0.0000000000000000e+00,3.1415926535897931e+00,0.0000000000000000e+00,1.8711422133721797e-01,2.8549888139329185e+00,1.8789316666269669e+00,3.2399802079910806e-01,5.0797116355834069e+00
max_c_e_gamma_mixing_angles_polarization_05_local_minimum_734,C_e_gamma,polarization_cluster_05_local_minimum_734,2.3785842133477324e+00,3.1285415469215829e+00,kp,2.6436361881952980e-01,-1.1570328118629888e-03,-1.4229127438828454e-02,-2.4191036325354170e-01,2.4233124157247793e-01,4.6312531008818540e+00,2.8294587040706429e+00,1.6820994929167070e+00,5.7317959127881601e-01,5.6251088144000061e-01,0.0000000000000000e+00,0.0000000000000000e+00,3.1415926535897931e+00,0.0000000000000000e+00,1.8711422133721797e-01,2.8549888139329185e+00,1.8789316666269669e+00,3.2399802079910806e-01,5.0797116355834069e+00
max_c_e_gamma_mixing_angles_polarization_05_local_minimum_734,C_e_gamma,polarization_cluster_05_local_minimum_734,2.3785842133477324e+00,3.1285415469215829e+00,pp,1.0937378532986808e+00,-3.1735667175829881e-02,9.9712175835822939e-02,5.5269233860928202e-01,5.6251088144000061e-01,1.8789316666269669e+00,2.8294587040706429e+00,1.6820994929167070e+00,5.7317959127881601e-01,5.6251088144000061e-01,0.0000000000000000e+00,0.0000000000000000e+00,3.1415926535897931e+00,0.0000000000000000e+00,1.8711422133721797e-01,2.8549888139329185e+00,1.8789316666269669e+00,3.2399802079910806e-01,5.0797116355834069e+00
max_c_e_gamma_mixing_angles_polarization_05_local_minimum_734,C_e_gamma,polarization_cluster_05_local_minimum_734,2.3785842133477324e+00,3.1285415469215829e+00,qout,3.2399802079910806e-01,3.2892699987692869e-02,-8.5483048396994485e-02,-3.1078197535574031e-01,3.2399802079910806e-01,5.0797116355834069e+00,2.8294587040706429e+00,1.6820994929167070e+00,5.7317959127881601e-01,5.6251088144000061e-01,0.0000000000000000e+00,0.0000000000000000e+00,3.1415926535897931e+00,0.0000000000000000e+00,1.8711422133721797e-01,2.8549888139329185e+00,1.8789316666269669e+00,3.2399802079910806e-01,5.0797116355834069e+00
max_c_e_gamma_mixing_angles_polarization_05_local_minimum_742,C_e_gamma,polarization_cluster_05_local_minimum_742,9.1417262877031202e-01,3.1397481133498917e+00,k,5.7562087656159222e-01,0.0000000000000000e+00,0.0000000000000000e+00,-5.6584070304303558e-01,5.6584070304303558e-01,0.0000000000000000e+00,2.7924916017182198e+00,1.6710749838706280e+00,5.6584070304303558e-01,5.5599489859697127e-01,0.0000000000000000e+00,0.0000000000000000e+00,3.1415926535897931e+00,0.0000000000000000e+00,3.1473828405340504e-01,2.7217277445169383e+00,3.4966666069980792e+00,3.0429522817778337e-01,3.4918184046354278e-01
max_c_e_gamma_mixing_angles_polarization_05_local_minimum_742,C_e_gamma,polarization_cluster_05_local_minimum_742,9.1417262877031202e-01,3.1397481133498917e+00,p,1.0954541073090358e+00,0.0000000000000000e+00,0.0000000000000000e+00,5.6584070304303558e-01,5.6584070304303558e-01,0.0000000000000000e+00,2.7924916017182198e+00,1.6710749838706280e+00,5.6584070304303558e-01,5.5599489859697127e-01,0.0000000000000000e+00,0.0000000000000000e+00,3.1415926535897931e+00,0.0000000000000000e+00,3.1473828405340504e-01,2.7217277445169383e+00,3.4966666069980792e+00,3.0429522817778337e-01,3.4918184046354278e-01
max_c_e_gamma_mixing_angles_polarization_05_local_minimum_742,C_e_gamma,polarization_cluster_05_local_minimum_742,9.1417262877031202e-01,3.1397481133498917e+00,kp,2.7637876189978050e-01,4.4824977898328094e-02,1.7400109275764873e-02,-2.5081763349007663e-01,2.5538505773822512e-01,3.7027439544552060e-01,2.7924916017182198e+00,1.6710749838706280e+00,5.6584070304303558e-01,5.5599489859697127e-01,0.0000000000000000e+00,0.0000000000000000e+00,3.1415926535897931e+00,0.0000000000000000e+00,3.1473828405340504e-01,2.7217277445169383e+00,3.4966666069980792e+00,3.0429522817778337e-01,3.4918184046354278e-01
max_c_e_gamma_mixing_angles_polarization_05_local_minimum_742,C_e_gamma,polarization_cluster_05_local_minimum_742,9.1417262877031202e-01,3.1397481133498917e+00,pp,1.0904009937935017e+00,-1.6138143100954952e-01,-5.9838499829103595e-02,5.2868300041647709e-01,5.5599489859697127e-01,3.4966666069980787e+00,2.7924916017182198e+00,1.6710749838706280e+00,5.6584070304303558e-01,5.5599489859697127e-01,0.0000000000000000e+00,0.0000000000000000e+00,3.1415926535897931e+00,0.0000000000000000e+00,3.1473828405340504e-01,2.7217277445169383e+00,3.4966666069980792e+00,3.0429522817778337e-01,3.4918184046354278e-01
max_c_e_gamma_mixing_angles_polarization_05_local_minimum_742,C_e_gamma,polarization_cluster_05_local_minimum_742,9.1417262877031202e-01,3.1397481133498917e+00,qout,3.0429522817778337e-01,1.1655645311122143e-01,4.2438390553338722e-02,-2.7786536692640046e-01,3.0429522817778332e-01,3.4918184046354273e-01,2.7924916017182198e+00,1.6710749838706280e+00,5.6584070304303558e-01,5.5599489859697127e-01,0.0000000000000000e+00,0.0000000000000000e+00,3.1415926535897931e+00,0.0000000000000000e+00,3.1473828405340504e-01,2.7217277445169383e+00,3.4966666069980792e+00,3.0429522817778337e-01,3.4918184046354278e-01
max_c_e_gamma_mixing_angles_polarization_05_local_minimum_743,C_e_gamma,polarization_cluster_05_local_minimum_743,1.0258522115021667e+00,3.0213442634036776e+00,k,1.7001560951049615e+00,0.0000000000000000e+00,0.0000000000000000e+00,-1.6968697815121971e+00,1.6968697815121971e+00,0.0000000000000000e+00,1.3242499994614022e+01,3.6390245938457220e+00,1.6968697815121971e+00,1.4293701164193844e+00,0.0000000000000000e+00,0.0000000000000000e+00,3.1415926535897931e+00,0.0000000000000000e+00,4.2783499937987030e-01,3.0591367437887458e+00,4.2852471235138211e-02,1.2228743095195114e+00,1.5546090087517018e-02
max_c_e_gamma_mixing_angles_polarization_05_local_minimum_743,C_e_gamma,polarization_cluster_05_local_minimum_743,1.0258522115021667e+00,3.0213442634036776e+00,p,1.9388684987407607e+00,0.0000000000000000e+00,0.0000000000000000e+00,1.6968697815121971e+00,1.6968697815121971e+00,0.0000000000000000e+00,1.3242499994614022e+01,3.6390245938457220e+00,1.6968697815121971e+00,1.4293701164193844e+00,0.0000000000000000e+00,0.0000000000000000e+00,3.1415926535897931e+00,0.0000000000000000e+00,4.2783499937987030e-01,3.0591367437887458e+00,4.2852471235138211e-02,1.2228743095195114e+00,1.5546090087517018e-02
max_c_e_gamma_mixing_angles_polarization_05_local_minimum_743,C_e_gamma,polarization_cluster_05_local_minimum_743,1.0258522115021667e+00,3.0213442634036776e+00,kp,7.0648864244706178e-01,-6.9321078659254787e-01,-2.6971535670649836e-02,-8.1815959376525305e-02,6.9854313366705800e-01,3.1804811681959491e+00,1.3242499994614022e+01,3.6390245938457220e+00,1.6968697815121971e+00,1.4293701164193844e+00,0.0000000000000000e+00,0.0000000000000000e+00,3.1415926535897931e+00,0.0000000000000000e+00,4.2783499937987030e-01,3.0591367437887458e+00,4.2852471235138211e-02,1.2228743095195114e+00,1.5546090087517018e-02
max_c_e_gamma_mixing_angles_polarization_05_local_minimum_743,C_e_gamma,polarization_cluster_05_local_minimum_743,1.0258522115021667e+00,3.0213442634036776e+00,pp,1.7096616418791071e+00,5.9250396512766645e-01,2.5405812214536735e-02,1.3005354765351376e+00,1.4293701164193844e+00,4.2852471235138211e-02,1.3242499994614022e+01,3.6390245938457220e+00,1.6968697815121971e+00,1.4293701164193844e+00,0.0000000000000000e+00,0.0000000000000000e+00,3.1415926535897931e+00,0.0000000000000000e+00,4.2783499937987030e-01,3.0591367437887458e+00,4.2852471235138211e-02,1.2228743095195114e+00,1.5546090087517018e-02
max_c_e_gamma_mixing_angles_polarization_05_local_minimum_743,C_e_gamma,polarization_cluster_05_local_minimum_743,1.0258522115021667e+00,3.0213442634036776e+00,qout,1.2228743095195114e+00,1.0070682146488139e-01,1.5657234561131015e-03,-1.2187195171586123e+00,1.2228743095195111e+00,1.5546090087517018e-02,1.3242499994614022e+01,3.6390245938457220e+00,1.6968697815121971e+00,1.4293701164193844e+00,0.0000000000000000e+00,0.0000000000000000e+00,3.1415926535897931e+00,0.0000000000000000e+00,4.2783499937987030e-01,3.0591367437887458e+00,4.2852471235138211e-02,1.2228743095195114e+00,1.5546090087517018e-02
max_c_e_gamma_mixing_angles_polarization_05_local_minimum_745,C_e_gamma,polarization_cluster_05_local_minimum_745,8.0974158264814677e-01,3.1023748100261197e+00,k,6.7620167496448746e-01,0.0000000000000000e+00,0.0000000000000000e+00,-6.6789595964602100e-01,6.6789595964602100e-01,0.0000000000000000e+00,3.3404565298764575e+00,1.8276915849990822e+00,6.6789595964602100e-01,6.5641536893308006e-01,0.0000000000000000e+00,0.0000000000000000e+00,3.1415926535897931e+00,0.0000000000000000e+00,3.0065564097047714e-01,2.7831294311031125e+00,5.4561721244773782e+00,4.3856857683089778e-01,2.3654294468950359e+00
max_c_e_gamma_mixing_angles_polarization_05_local_minimum_745,C_e_gamma,polarization_cluster_05_local_minimum_745,8.0974158264814677e-01,3.1023748100261197e+00,p,1.1514899100345948e+00,0.0000000000000000e+00,0.0000000000000000e+00,6.6789595964602100e-01,6.6789595964602100e-01,0.0000000000000000e+00,3.3404565298764575e+00,1.8276915849990822e+00,6.6789595964602100e-01,6.5641536893308006e-01,0.0000000000000000e+00,0.0000000000000000e+00,3.1415926535897931e+00,0.0000000000000000e+00,3.0065564097047714e-01,2.7831294311031125e+00,5.4561721244773782e+00,4.3856857683089778e-01,2.3654294468950359e+00
max_c_e_gamma_mixing_angles_polarization_05_local_minimum_745,C_e_gamma,polarization_cluster_05_local_minimum_745,8.0974158264814677e-01,3.1023748100261197e+00,kp,2.4425396038514313e-01,-2.1821019039694883e-02,3.5267845570482542e-02,-2.1627835547602525e-01,2.2021876589093869e-01,2.1248689376630781e+00,3.3404565298764575e+00,1.8276915849990822e+00,6.6789595964602100e-01,6.5641536893308006e-01,0.0000000000000000e+00,0.0000000000000000e+00,3.1415926535897931e+00,0.0000000000000000e+00,3.0065564097047714e-01,2.7831294311031125e+00,5.4561721244773782e+00,4.3856857683089778e-01,2.3654294468950359e+00
max_c_e_gamma_mixing_angles_polarization_05_local_minimum_745,C_e_gamma,polarization_cluster_05_local_minimum_745,8.0974158264814677e-01,3.1023748100261197e+00,pp,1.1448690477829992e+00,1.3162042459802833e-01,-1.4305776599811493e-01,6.2697023532845231e-01,6.5641536893307995e-01,5.4561721244773782e+00,3.3404565298764575e+00,1.8276915849990822e+00,6.6789595964602100e-01,6.5641536893308006e-01,0.0000000000000000e+00,0.0000000000000000e+00,3.1415926535897931e+00,0.0000000000000000e+00,3.0065564097047714e-01,2.7831294311031125e+00,5.4561721244773782e+00,4.3856857683089778e-01,2.3654294468950359e+00
max_c_e_gamma_mixing_angles_polarization_05_local_minimum_745,C_e_gamma,polarization_cluster_05_local_minimum_745,8.0974158264814677e-01,3.1023748100261197e+00,qout,4.3856857683089778e-01,-1.0979940555833345e-01,1.0778992042763239e-01,-4.1069187985242706e-01,4.3856857683089778e-01,2.3654294468950359e+00,3.3404565298764575e+00,1.8276915849990822e+00,6.6789595964602100e-01,6.5641536893308006e-01,0.0000000000000000e+00,0.0000000000000000e+00,3.1415926535897931e+00,0.0000000000000000e+00,3.0065564097047714e-01,2.7831294311031125e+00,5.4561721244773782e+00,4.3856857683089778e-01,2.3654294468950359e+00
max_c_e_gamma_mixing_angles_polarization_05_local_minimum_746,C_e_gamma,polarization_cluster_05_local_minimum_746,1.2966489119340698e+00,3.0029215557721685e+00,k,2.4131247101916951e+00,0.0000000000000000e+00,0.0000000000000000e+00,-2.4108104808600062e+00,2.4108104808600062e+00,0.0000000000000000e+00,2.4999859694644648e+01,4.9999859694447792e+00,2.4108104808600062e+00,1.7235320594954562e+00,0.0000000000000000e+00,0.0000000000000000e+00,3.1415926535897931e+00,0.0000000000000000e+00,1.6815803670751346e+00,1.8465477355283157e+00,6.2694073341139305e+00,2.0295990428095112e+00,3.4732994220100974e+00
max_c_e_gamma_mixing_angles_polarization_05_local_minimum_746,C_e_gamma,polarization_cluster_05_local_minimum_746,1.2966489119340698e+00,3.0029215557721685e+00,p,2.5868612592530842e+00,0.0000000000000000e+00,0.0000000000000000e+00,2.4108104808600062e+00,2.4108104808600062e+00,0.0000000000000000e+00,2.4999859694644648e+01,4.9999859694447792e+00,2.4108104808600062e+00,1.7235320594954562e+00,0.0000000000000000e+00,0.0000000000000000e+00,3.1415926535897931e+00,0.0000000000000000e+00,1.6815803670751346e+00,1.8465477355283157e+00,6.2694073341139305e+00,2.0295990428095112e+00,3.4732994220100974e+00
max_c_e_gamma_mixing_angles_polarization_05_local_minimum_746,C_e_gamma,polarization_cluster_05_local_minimum_746,1.2966489119340698e+00,3.0029215557721685e+00,kp,1.0081415902637989e+00,1.3366092851927180e-01,6.5958381780767250e-01,7.4314851623342659e-01,1.0025895340099669e+00,1.3708594285615701e+00,2.4999859694644648e+01,4.9999859694447792e+00,2.4108104808600062e+00,1.7235320594954562e+00,0.0000000000000000e+00,0.0000000000000000e+00,3.1415926535897931e+00,0.0000000000000000e+00,1.6815803670751346e+00,1.8465477355283157e+00,6.2694073341139305e+00,2.0295990428095112e+00,3.4732994220100974e+00
max_c_e_gamma_mixing_angles_polarization_05_local_minimum_746,C_e_gamma,polarization_cluster_05_local_minimum_746,1.2966489119340698e+00,3.0029215557721685e+00,pp,1.9622453363707222e+00,1.7128037427728873e+00,-2.3600457231840732e-02,-1.9054951395972083e-01,1.7235320594954562e+00,6.2694073341139305e+00,2.4999859694644648e+01,4.9999859694447792e+00,2.4108104808600062e+00,1.7235320594954562e+00,0.0000000000000000e+00,0.0000000000000000e+00,3.1415926535897931e+00,0.0000000000000000e+00,1.6815803670751346e+00,1.8465477355283157e+00,6.2694073341139305e+00,2.0295990428095112e+00,3.4732994220100974e+00
max_c_e_gamma_mixing_angles_polarization_05_local_minimum_746,C_e_gamma,polarization_cluster_05_local_minimum_746,1.2966489119340698e+00,3.0029215557721685e+00,qout,2.0295990428095112e+00,-1.8464646712921591e+00,-6.3598336057583182e-01,-5.5259900227370573e-01,2.0295990428095112e+00,3.4732994220100974e+00,2.4999859694644648e+01,4.9999859694447792e+00,2.4108104808600062e+00,1.7235320594954562e+00,0.0000000000000000e+00,0.0000000000000000e+00,3.1415926535897931e+00,0.0000000000000000e+00,1.6815803670751346e+00,1.8465477355283157e+00,6.2694073341139305e+00,2.0295990428095112e+00,3.4732994220100974e+00
max_c_e_gamma_mixing_angles_polarization_05_local_minimum_749,C_e_gamma,polarization_cluster_05_local_minimum_749,1.1537011653063276e+00,2.9776482694655302e+00,k,1.9933271517222271e+00,0.0000000000000000e+00,0.0000000000000000e+00,-1.9905249160660481e+00,1.9905249160660481e+00,0.0000000000000000e+00,1.7587868264882477e+01,4.1937892489826520e+00,1.9905249160660481e+00,1.4151063327349338e+00,0.0000000000000000e+00,0.0000000000000000e+00,3.1415926535897931e+00,0.0000000000000000e+00,8.3977774703245289e-01,3.0586913246567642e+00,1.6432388971129358e-03,1.2841448538186540e+00,4.9594960803975329e-04
max_c_e_gamma_mixing_angles_polarization_05_local_minimum_749,C_e_gamma,polarization_cluster_05_local_minimum_749,1.1537011653063276e+00,2.9776482694655302e+00,p,2.2004620972604250e+00,0.0000000000000000e+00,0.0000000000000000e+00,1.9905249160660481e+00,1.9905249160660481e+00,0.0000000000000000e+00,1.7587868264882477e+01,4.1937892489826520e+00,1.9905249160660481e+00,1.4151063327349338e+00,0.0000000000000000e+00,0.0000000000000000e+00,3.1415926535897931e+00,0.0000000000000000e+00,8.3977774703245289e-01,3.0586913246567642e+00,1.6432388971129358e-03,1.2841448538186540e+00,4.9594960803975329e-04
max_c_e_gamma_mixing_angles_polarization_05_local_minimum_749,C_e_gamma,polarization_cluster_05_local_minimum_749,1.1537011653063276e+00,2.9776482694655302e+00,kp,1.2118900157117352e+00,-1.1598732249310622e+00,-1.7839528920561192e-03,3.3496960678334331e-01,1.2072753281122293e+00,3.1431307108938089e+00,1.7587868264882477e+01,4.1937892489826520e+00,1.9905249160660481e+00,1.4151063327349338e+00,0.0000000000000000e+00,0.0000000000000000e+00,3.1415926535897931e+00,0.0000000000000000e+00,8.3977774703245289e-01,3.0586913246567642e+00,1.6432388971129358e-03,1.2841448538186540e+00,4.9594960803975329e-04
max_c_e_gamma_mixing_angles_polarization_05_local_minimum_749,C_e_gamma,polarization_cluster_05_local_minimum_749,1.1537011653063276e+00,2.9776482694655302e+00,pp,1.6977543794514309e+00,1.0535378214841520e+00,1.7312158860720379e-03,9.4476504726862964e-01,1.4151063327349336e+00,1.6432388971129358e-03,1.7587868264882477e+01,4.1937892489826520e+00,1.9905249160660481e+00,1.4151063327349338e+00,0.0000000000000000e+00,0.0000000000000000e+00,3.1415926535897931e+00,0.0000000000000000e+00,8.3977774703245289e-01,3.0586913246567642e+00,1.6432388971129358e-03,1.2841448538186540e+00,4.9594960803975329e-04
max_c_e_gamma_mixing_angles_polarization_05_local_minimum_749,C_e_gamma,polarization_cluster_05_local_minimum_749,1.1537011653063276e+00,2.9776482694655302e+00,qout,1.2841448538186540e+00,1.0633540344691021e-01,5.2737005984081273e-05,-1.2797346540519730e+00,1.2841448538186540e+00,4.9594960803975329e-04,1.7587868264882477e+01,4.1937892489826520e+00,1.9905249160660481e+00,1.4151063327349338e+00,0.0000000000000000e+00,0.0000000000000000e+00,3.1415926535897931e+00,0.0000000000000000e+00,8.3977774703245289e-01,3.0586913246567642e+00,1.6432388971129358e-03,1.2841448538186540e+00,4.9594960803975329e-04
max_c_e_gamma_mixing_angles_polarization_05_local_minimum_754,C_e_gamma,polarization_cluster_05_local_minimum_754,2.1479664819471171e+00,3.0015392351501271e+00,k,1.4319334199713041e+00,0.0000000000000000e+00,0.0000000000000000e+00,-1.4280299810989321e+00,1.4280299810989321e+00,0.0000000000000000e+00,9.8625819320242343e+00,3.1404747940437661e+00,1.4280299810989321e+00,1.1695169459651207e+00,0.0000000000000000e+00,0.0000000000000000e+00,3.1415926535897931e+00,0.0000000000000000e+00,6.7285195045907442e-01,3.0706399288440553e+00,6.2827059725544050e+00,9.7066968486205729e-01,3.1423482157123432e+00
max_c_e_gamma_mixing_angles_polarization_05_local_minimum_754,C_e_gamma,polarization_cluster_05_local_minimum_754,2.1479664819471171e+00,3.0015392351501271e+00,p,1.7085413740724618e+00,0.0000000000000000e+00,0.0000000000000000e+00,1.4280299810989321e+00,1.4280299810989321e+00,0.0000000000000000e+00,9.8625819320242343e+00,3.1404747940437661e+00,1.4280299810989321e+00,1.1695169459651207e+00,0.0000000000000000e+00,0.0000000000000000e+00,3.1415926535897931e+00,0.0000000000000000e+00,6.7285195045907442e-01,3.0706399288440553e+00,6.2827059725544050e+00,9.7066968486205729e-01,3.1423482157123432e+00
max_c_e_gamma_mixing_angles_polarization_05_local_minimum_754,C_e_gamma,polarization_cluster_05_local_minimum_754,2.1479664819471171e+00,3.0015392351501271e+00,kp,6.7060069119893018e-01,-6.6005108923139733e-01,4.0136339894979292e-04,5.3609637520243059e-02,6.6222473128325843e-01,3.1409845743728528e+00,9.8625819320242343e+00,3.1404747940437661e+00,1.4280299810989321e+00,1.1695169459651207e+00,0.0000000000000000e+00,0.0000000000000000e+00,3.1415926535897931e+00,0.0000000000000000e+00,6.7285195045907442e-01,3.0706399288440553e+00,6.2827059725544050e+00,9.7066968486205729e-01,3.1423482157123432e+00
max_c_e_gamma_mixing_angles_polarization_05_local_minimum_754,C_e_gamma,polarization_cluster_05_local_minimum_754,2.1479664819471171e+00,3.0015392351501271e+00,pp,1.4992044179829456e+00,7.2886495646150218e-01,-3.4937023747069041e-04,9.1461775626891961e-01,1.1695169459651207e+00,6.2827059725544050e+00,9.8625819320242343e+00,3.1404747940437661e+00,1.4280299810989321e+00,1.1695169459651207e+00,0.0000000000000000e+00,0.0000000000000000e+00,3.1415926535897931e+00,0.0000000000000000e+00,6.7285195045907442e-01,3.0706399288440553e+00,6.2827059725544050e+00,9.7066968486205729e-01,3.1423482157123432e+00
max_c_e_gamma_mixing_angles_polarization_05_local_minimum_754,C_e_gamma,polarization_cluster_05_local_minimum_754,2.1479664819471171e+00,3.0015392351501271e+00,qout,9.7066968486205729e-01,-6.8813867230104825e-02,-5.1993161479102498e-05,-9.6822739378916267e-01,9.7066968486205729e-01,3.1423482157123428e+00,9.8625819320242343e+00,3.1404747940437661e+00,1.4280299810989321e+00,1.1695169459651207e+00,0.0000000000000000e+00,0.0000000000000000e+00,3.1415926535897931e+00,0.0000000000000000e+00,6.7285195045907442e-01,3.0706399288440553e+00,6.2827059725544050e+00,9.7066968486205729e-01,3.1423482157123432e+00
max_c_e_gamma_mixing_angles_polarization_05_local_minimum_759,C_e_gamma,polarization_cluster_05_local_minimum_759,1.9907922812634935e+00,2.9764802993139665e+00,k,2.2307712299096814e+00,0.0000000000000000e+00,0.0000000000000000e+00,-2.2282676203453331e+00,2.2282676203453331e+00,0.0000000000000000e+00,2.1607798906650174e+01,4.6484189684935000e+00,2.2282676203453331e+00,1.4947711513438975e+00,0.0000000000000000e+00,0.0000000000000000e+00,3.1415926535897931e+00,0.0000000000000000e+00,9.4993395478901643e-01,3.0169934828790508e+00,6.2622405941771708e+00,1.6231753273166198e+00,3.1552294659859212e+00
max_c_e_gamma_mixing_angles_polarization_05_local_minimum_759,C_e_gamma,polarization_cluster_05_local_minimum_759,1.9907922812634935e+00,2.9764802993139665e+00,p,2.4176477385838191e+00,0.0000000000000000e+00,0.0000000000000000e+00,2.2282676203453331e+00,2.2282676203453331e+00,0.0000000000000000e+00,2.1607798906650174e+01,4.6484189684935000e+00,2.2282676203453331e+00,1.4947711513438975e+00,0.0000000000000000e+00,0.0000000000000000e+00,3.1415926535897931e+00,0.0000000000000000e+00,9.4993395478901643e-01,3.0169934828790508e+00,6.2622405941771708e+00,1.6231753273166198e+00,3.1552294659859212e+00
max_c_e_gamma_mixing_angles_polarization_05_local_minimum_759,C_e_gamma,polarization_cluster_05_local_minimum_759,1.9907922812634935e+00,2.9764802993139665e+00,kp,1.2605383414484441e+00,-1.0138412967466537e+00,2.8213763081744024e-02,7.4102835744128337e-01,1.2561023915064788e+00,3.1137712545589116e+00,2.1607798906650174e+01,4.6484189684935000e+00,2.2282676203453331e+00,1.4947711513438975e+00,0.0000000000000000e+00,0.0000000000000000e+00,3.1415926535897931e+00,0.0000000000000000e+00,9.4993395478901643e-01,3.0169934828790508e+00,6.2622405941771708e+00,1.6231753273166198e+00,3.1552294659859212e+00
max_c_e_gamma_mixing_angles_polarization_05_local_minimum_759,C_e_gamma,polarization_cluster_05_local_minimum_759,1.9907922812634935e+00,2.9764802993139665e+00,pp,1.7647052997285300e+00,1.2155459355711902e+00,-2.5462984246508353e-02,8.6956340185151715e-01,1.4947711513438977e+00,6.2622405941771708e+00,2.1607798906650174e+01,4.6484189684935000e+00,2.2282676203453331e+00,1.4947711513438975e+00,0.0000000000000000e+00,0.0000000000000000e+00,3.1415926535897931e+00,0.0000000000000000e+00,9.4993395478901643e-01,3.0169934828790508e+00,6.2622405941771708e+00,1.6231753273166198e+00,3.1552294659859212e+00
max_c_e_gamma_mixing_angles_polarization_05_local_minimum_759,C_e_gamma,polarization_cluster_05_local_minimum_759,1.9907922812634935e+00,2.9764802993139665e+00,qout,1.6231753273166198e+00,-2.0170463882453660e-01,-2.7507788352356716e-03,-1.6105917592928005e+00,1.6231753273166196e+00,3.1552294659859208e+00,2.1607798906650174e+01,4.6484189684935000e+00,2.2282676203453331e+00,1.4947711513438975e+00,0.0000000000000000e+00,0.0000000000000000e+00,3.1415926535897931e+00,0.0000000000000000e+00,9.4993395478901643e-01,3.0169934828790508e+00,6.2622405941771708e+00,1.6231753273166198e+00,3.1552294659859212e+00
max_c_e_gamma_mixing_angles_polarization_05_local_minimum_760,C_e_gamma,polarization_cluster_05_local_minimum_760,8.5944043204888876e-01,3.1143531916367091e+00,k,6.0243692472799959e-01,0.0000000000000000e+00,0.0000000000000000e+00,-5.9309911141598459e-01,5.9309911141598459e-01,0.0000000000000000e+00,2.9316851118646086e+00,1.7122164325413447e+00,5.9309911141598459e-01,5.8213573280676667e-01,0.0000000000000000e+00,0.0000000000000000e+00,3.1415926535897931e+00,0.0000000000000000e+00,3.0402808314477964e-01,2.7436351552565061e+00,5.2248644829631896e+00,3.4685352729459473e-01,2.0472899833983984e+00
max_c_e_gamma_mixing_angles_polarization_05_local_minimum_760,C_e_gamma,polarization_cluster_05_local_minimum_760,8.5944043204888876e-01,3.1143531916367091e+00,p,1.1097795078133450e+00,0.0000000000000000e+00,0.0000000000000000e+00,5.9309911141598459e-01,5.9309911141598459e-01,0.0000000000000000e+00,2.9316851118646086e+00,1.7122164325413447e+00,5.9309911141598459e-01,5.8213573280676667e-01,0.0000000000000000e+00,0.0000000000000000e+00,3.1415926535897931e+00,0.0000000000000000e+00,3.0402808314477964e-01,2.7436351552565061e+00,5.2248644829631896e+00,3.4685352729459473e-01,2.0472899833983984e+00
max_c_e_gamma_mixing_angles_polarization_05_local_minimum_760,C_e_gamma,polarization_cluster_05_local_minimum_760,8.5944043204888876e-01,3.1143531916367091e+00,kp,2.6140366170110979e-01,-2.3798549751053472e-02,3.2438259998871705e-02,-2.3568956352677450e-01,2.3909868681665578e-01,2.2037554706158375e+00,2.9316851118646086e+00,1.7122164325413447e+00,5.9309911141598459e-01,5.8213573280676667e-01,0.0000000000000000e+00,0.0000000000000000e+00,3.1415926535897931e+00,0.0000000000000000e+00,3.0402808314477964e-01,2.7436351552565061e+00,5.2248644829631896e+00,3.4685352729459473e-01,2.0472899833983984e+00
max_c_e_gamma_mixing_angles_polarization_05_local_minimum_760,C_e_gamma,polarization_cluster_05_local_minimum_760,8.5944043204888876e-01,3.1143531916367091e+00,pp,1.1039592435459160e+00,8.5451694280341925e-02,-1.5188353798911583e-01,5.5543803456641239e-01,5.8213573280676678e-01,5.2248644829631896e+00,2.9316851118646086e+00,1.7122164325413447e+00,5.9309911141598459e-01,5.8213573280676667e-01,0.0000000000000000e+00,0.0000000000000000e+00,3.1415926535897931e+00,0.0000000000000000e+00,3.0402808314477964e-01,2.7436351552565061e+00,5.2248644829631896e+00,3.4685352729459473e-01,2.0472899833983984e+00
max_c_e_gamma_mixing_angles_polarization_05_local_minimum_760,C_e_gamma,polarization_cluster_05_local_minimum_760,8.5944043204888876e-01,3.1143531916367091e+00,qout,3.4685352729459473e-01,-6.1653144529288453e-02,1.1944527799024413e-01,-3.1974847103963788e-01,3.4685352729459473e-01,2.0472899833983984e+00,2.9316851118646086e+00,1.7122164325413447e+00,5.9309911141598459e-01,5.8213573280676667e-01,0.0000000000000000e+00,0.0000000000000000e+00,3.1415926535897931e+00,0.0000000000000000e+00,3.0402808314477964e-01,2.7436351552565061e+00,5.2248644829631896e+00,3.4685352729459473e-01,2.0472899833983984e+00
max_c_e_gamma_mixing_angles_polarization_05_local_minimum_762,C_e_gamma,polarization_cluster_05_local_minimum_762,1.1348968597072826e+00,2.9784887205833912e+00,k,1.4426233723952557e+00,0.0000000000000000e+00,0.0000000000000000e+00,-1.4387489364957884e+00,1.4387489364957884e+00,0.0000000000000000e+00,9.9864464312204699e+00,3.1601339261525716e+00,1.4387489364957884e+00,1.1590281416468780e+00,0.0000000000000000e+00,0.0000000000000000e+00,3.1415926535897931e+00,0.0000000000000000e+00,9.5196378946378402e-01,3.0861605810351871e+00,1.2243842345401182e-03,6.8154143706745862e-01,3.0879548546270584e-04
max_c_e_gamma_mixing_angles_polarization_05_local_minimum_762,C_e_gamma,polarization_cluster_05_local_minimum_762,1.1348968597072826e+00,2.9784887205833912e+00,p,1.7175105537573159e+00,0.0000000000000000e+00,0.0000000000000000e+00,1.4387489364957884e+00,1.4387489364957884e+00,0.0000000000000000e+00,9.9864464312204699e+00,3.1601339261525716e+00,1.4387489364957884e+00,1.1590281416468780e+00,0.0000000000000000e+00,0.0000000000000000e+00,3.1415926535897931e+00,0.0000000000000000e+00,9.5196378946378402e-01,3.0861605810351871e+00,1.2243842345401182e-03,6.8154143706745862e-01,3.0879548546270584e-04
max_c_e_gamma_mixing_angles_polarization_05_local_minimum_762,C_e_gamma,polarization_cluster_05_local_minimum_762,1.1348968597072826e+00,2.9784887205833912e+00,kp,9.8755585870693652e-01,-9.8185280406209730e-01,-1.1675931249231846e-03,8.1602472258681669e-03,9.8188740787989326e-01,3.1427818263147835e+00,9.9864464312204699e+00,3.1601339261525716e+00,1.4387489364957884e+00,1.1590281416468780e+00,0.0000000000000000e+00,0.0000000000000000e+00,3.1415926535897931e+00,0.0000000000000000e+00,9.5196378946378402e-01,3.0861605810351871e+00,1.2243842345401182e-03,6.8154143706745862e-01,3.0879548546270584e-04
max_c_e_gamma_mixing_angles_polarization_05_local_minimum_762,C_e_gamma,polarization_cluster_05_local_minimum_762,1.1348968597072826e+00,2.9784887205833912e+00,pp,1.4910366303781457e+00,9.4409289597983070e-01,1.1559330354052794e-03,6.7233436674667302e-01,1.1590281416468782e+00,1.2243842345401182e-03,9.9864464312204699e+00,3.1601339261525716e+00,1.4387489364957884e+00,1.1590281416468780e+00,0.0000000000000000e+00,0.0000000000000000e+00,3.1415926535897931e+00,0.0000000000000000e+00,9.5196378946378402e-01,3.0861605810351871e+00,1.2243842345401182e-03,6.8154143706745862e-01,3.0879548546270584e-04
max_c_e_gamma_mixing_angles_polarization_05_local_minimum_762,C_e_gamma,polarization_cluster_05_local_minimum_762,1.1348968597072826e+00,2.9784887205833912e+00,qout,6.8154143706745862e-01,3.7759908082266563e-02,1.1660089517905247e-05,-6.8049461397254118e-01,6.8154143706745873e-01,3.0879548546270579e-04,9.9864464312204699e+00,3.1601339261525716e+00,1.4387489364957884e+00,1.1590281416468780e+00,0.0000000000000000e+00,0.0000000000000000e+00,3.1415926535897931e+00,0.0000000000000000e+00,9.5196378946378402e-01,3.0861605810351871e+00,1.2243842345401182e-03,6.8154143706745862e-01,3.0879548546270584e-04
max_c_e_gamma_mixing_angles_polarization_05_local_minimum_764,C_e_gamma,polarization_cluster_05_local_minimum_764,3.1356002521647586e+00,3.1384702420810942e+00,k,1.1537196285440259e+00,0.0000000000000000e+00,0.0000000000000000e+00,-1.1488713108849338e+00,1.1488713108849338e+00,0.0000000000000000e+00,6.9531087577362145e+00,2.6368748088857412e+00,1.1488713108849338e+00,1.0435096845474934e-01,0.0000000000000000e+00,0.0000000000000000e+00,3.1415926535897931e+00,0.0000000000000000e+00,2.3530687526454535e+00,3.1415926535897931e+00,6.2831539738136613e+00,8.0505582991426405e-01,1.4012907961623169e-01
max_c_e_gamma_mixing_angles_polarization_05_local_minimum_764,C_e_gamma,polarization_cluster_05_local_minimum_764,3.1356002521647586e+00,3.1384702420810942e+00,p,1.4831551803417153e+00,0.0000000000000000e+00,0.0000000000000000e+00,1.1488713108849338e+00,1.1488713108849338e+00,0.0000000000000000e+00,6.9531087577362145e+00,2.6368748088857412e+00,1.1488713108849338e+00,1.0435096845474934e-01,0.0000000000000000e+00,0.0000000000000000e+00,3.1415926535897931e+00,0.0000000000000000e+00,2.3530687526454535e+00,3.1415926535897931e+00,6.2831539738136613e+00,8.0505582991426405e-01,1.4012907961623169e-01
max_c_e_gamma_mixing_angles_polarization_05_local_minimum_764,C_e_gamma,polarization_cluster_05_local_minimum_764,3.1356002521647586e+00,3.1384702420810942e+00,kp,8.8803239047944860e-01,-7.4017556210108276e-02,2.3192191743673866e-06,8.7861210758482589e-01,8.8172435274712979e-01,3.1415613202238681e+00,6.9531087577362145e+00,2.6368748088857412e+00,1.1488713108849338e+00,1.0435096845474934e-01,0.0000000000000000e+00,0.0000000000000000e+00,3.1415926535897931e+00,0.0000000000000000e+00,2.3530687526454535e+00,3.1415926535897931e+00,6.2831539738136613e+00,8.0505582991426405e-01,1.4012907961623169e-01
max_c_e_gamma_mixing_angles_polarization_05_local_minimum_764,C_e_gamma,polarization_cluster_05_local_minimum_764,3.1356002521647586e+00,3.1384702420810942e+00,pp,9.4378658849204033e-01,7.4017556210108179e-02,-2.3192191743811568e-06,-7.3556277670561818e-02,1.0435096845474934e-01,6.2831539738136613e+00,6.9531087577362145e+00,2.6368748088857412e+00,1.1488713108849338e+00,1.0435096845474934e-01,0.0000000000000000e+00,0.0000000000000000e+00,3.1415926535897931e+00,0.0000000000000000e+00,2.3530687526454535e+00,3.1415926535897931e+00,6.2831539738136613e+00,8.0505582991426405e-01,1.4012907961623169e-01
max_c_e_gamma_mixing_angles_polarization_05_local_minimum_764,C_e_gamma,polarization_cluster_05_local_minimum_764,3.1356002521647586e+00,3.1384702420810942e+00,qout,8.0505582991426405e-01,9.7624514091083608e-17,1.3770283342359210e-17,-8.0505582991426405e-01,8.0505582991426405e-01,1.4012907961623172e-01,6.9531087577362145e+00,2.6368748088857412e+00,1.1488713108849338e+00,1.0435096845474934e-01,0.0000000000000000e+00,0.0000000000000000e+00,3.1415926535897931e+00,0.0000000000000000e+00,2.3530687526454535e+00,3.1415926535897931e+00,6.2831539738136613e+00,8.0505582991426405e-01,1.4012907961623169e-01
max_c_e_gamma_mixing_angles_polarization_05_local_minimum_768,C_e_gamma,polarization_cluster_05_local_minimum_768,1.2158289887574976e+00,3.0074018238741891e+00,k,9.2611685493079410e-01,0.0000000000000000e+00,0.0000000000000000e+00,-9.2006996292325860e-01,9.2006996292325860e-01,0.0000000000000000e+00,5.0177428976984704e+00,2.2400318965805983e+00,9.2006996292325860e-01,9.1161374836889497e-01,0.0000000000000000e+00,0.0000000000000000e+00,3.1415926535897931e+00,0.0000000000000000e+00,1.6122912004899015e+00,1.5315477634881480e+00,2.1622779753348476e-02,6.4659325359376318e-01,3.1739970782115652e+00
max_c_e_gamma_mixing_angles_polarization_05_local_minimum_768,C_e_gamma,polarization_cluster_05_local_minimum_768,1.2158289887574976e+00,3.0074018238741891e+00,p,1.3139150416498040e+00,0.0000000000000000e+00,0.0000000000000000e+00,9.2006996292325860e-01,9.2006996292325860e-01,0.0000000000000000e+00,5.0177428976984704e+00,2.2400318965805983e+00,9.2006996292325860e-01,9.1161374836889497e-01,0.0000000000000000e+00,0.0000000000000000e+00,3.1415926535897931e+00,0.0000000000000000e+00,1.6122912004899015e+00,1.5315477634881480e+00,2.1622779753348476e-02,6.4659325359376318e-01,3.1739970782115652e+00
max_c_e_gamma_mixing_angles_polarization_05_local_minimum_768,C_e_gamma,polarization_cluster_05_local_minimum_768,1.2158289887574976e+00,3.0074018238741891e+00,kp,2.8543114063249841e-01,-2.6486001332663001e-01,1.2395613594136067e-03,1.2445101756261460e-02,2.6515513144095493e-01,3.1369126254725499e+00,5.0177428976984704e+00,2.2400318965805983e+00,9.2006996292325860e-01,9.1161374836889497e-01,0.0000000000000000e+00,0.0000000000000000e+00,3.1415926535897931e+00,0.0000000000000000e+00,1.6122912004899015e+00,1.5315477634881480e+00,2.1622779753348476e-02,6.4659325359376318e-01,3.1739970782115652e+00
max_c_e_gamma_mixing_angles_polarization_05_local_minimum_768,C_e_gamma,polarization_cluster_05_local_minimum_768,1.2158289887574976e+00,3.0074018238741891e+00,pp,1.3080075023543201e+00,9.1061612320377328e-01,1.9693121105055982e-02,-3.7816442953546386e-02,9.1161374836889486e-01,2.1622779753348476e-02,5.0177428976984704e+00,2.2400318965805983e+00,9.2006996292325860e-01,9.1161374836889497e-01,0.0000000000000000e+00,0.0000000000000000e+00,3.1415926535897931e+00,0.0000000000000000e+00,1.6122912004899015e+00,1.5315477634881480e+00,2.1622779753348476e-02,6.4659325359376318e-01,3.1739970782115652e+00
max_c_e_gamma_mixing_angles_polarization_05_local_minimum_768,C_e_gamma,polarization_cluster_05_local_minimum_768,1.2158289887574976e+00,3.0074018238741891e+00,qout,6.4659325359376318e-01,-6.4575610987714327e-01,-2.0932682464469589e-02,2.5371341197284927e-02,6.4659325359376318e-01,3.1739970782115647e+00,5.0177428976984704e+00,2.2400318965805983e+00,9.2006996292325860e-01,9.1161374836889497e-01,0.0000000000000000e+00,0.0000000000000000e+00,3.1415926535897931e+00,0.0000000000000000e+00,1.6122912004899015e+00,1.5315477634881480e+00,2.1622779753348476e-02,6.4659325359376318e-01,3.1739970782115652e+00
max_c_e_gamma_mixing_angles_polarization_05_local_minimum_774,C_e_gamma,polarization_cluster_05_local_minimum_774,1.7023959277079477e+00,3.0481178303685486e+00,k,2.4131319692313298e+00,0.0000000000000000e+00,0.0000000000000000e+00,-2.4108177468678500e+00,2.4108177468678500e+00,0.0000000000000000e+00,2.5000000000000000e+01,5.0000000000000000e+00,2.4108177468678500e+00,1.4365806048556351e+00,0.0000000000000000e+00,0.0000000000000000e+00,3.1415926535897931e+00,0.0000000000000000e+00,2.0862685291992862e+00,2.1380173878599442e+00,1.1987065277680720e-02,1.6037334914916106e+00,2.7024592703488541e+00
max_c_e_gamma_mixing_angles_polarization_05_local_minimum_774,C_e_gamma,polarization_cluster_05_local_minimum_774,1.7023959277079477e+00,3.0481178303685486e+00,p,2.5868680307686698e+00,0.0000000000000000e+00,0.0000000000000000e+00,2.4108177468678500e+00,2.4108177468678500e+00,0.0000000000000000e+00,2.5000000000000000e+01,5.0000000000000000e+00,2.4108177468678500e+00,1.4365806048556351e+00,0.0000000000000000e+00,0.0000000000000000e+00,3.1415926535897931e+00,0.0000000000000000e+00,2.0862685291992862e+00,2.1380173878599442e+00,1.1987065277680720e-02,1.6037334914916106e+00,2.7024592703488541e+00
max_c_e_gamma_mixing_angles_polarization_05_local_minimum_774,C_e_gamma,polarization_cluster_05_local_minimum_774,1.7023959277079477e+00,3.0481178303685486e+00,kp,1.6805719452929226e+00,-2.5569666016804993e-02,-5.9004080484018095e-01,1.5698268731919707e+00,1.6772472599447998e+00,4.6690806573665391e+00,2.5000000000000000e+01,5.0000000000000000e+00,2.4108177468678500e+00,1.4365806048556351e+00,0.0000000000000000e+00,0.0000000000000000e+00,3.1415926535897931e+00,0.0000000000000000e+00,2.0862685291992862e+00,2.1380173878599442e+00,1.1987065277680720e-02,1.6037334914916106e+00,2.7024592703488541e+00
max_c_e_gamma_mixing_angles_polarization_05_local_minimum_774,C_e_gamma,polarization_cluster_05_local_minimum_774,1.7023959277079477e+00,3.0481178303685486e+00,pp,1.7156945632155458e+00,1.2498215930117735e+00,1.4982410633960721e-02,-7.0815630143386454e-01,1.4365806048556351e+00,1.1987065277680720e-02,2.5000000000000000e+01,5.0000000000000000e+00,2.4108177468678500e+00,1.4365806048556351e+00,0.0000000000000000e+00,0.0000000000000000e+00,3.1415926535897931e+00,0.0000000000000000e+00,2.0862685291992862e+00,2.1380173878599442e+00,1.1987065277680720e-02,1.6037334914916106e+00,2.7024592703488541e+00
max_c_e_gamma_mixing_angles_polarization_05_local_minimum_774,C_e_gamma,polarization_cluster_05_local_minimum_774,1.7023959277079477e+00,3.0481178303685486e+00,qout,1.6037334914916106e+00,-1.2242519269949685e+00,5.7505839420622018e-01,-8.6167057175810602e-01,1.6037334914916106e+00,2.7024592703488541e+00,2.5000000000000000e+01,5.0000000000000000e+00,2.4108177468678500e+00,1.4365806048556351e+00,0.0000000000000000e+00,0.0000000000000000e+00,3.1415926535897931e+00,0.0000000000000000e+00,2.0862685291992862e+00,2.1380173878599442e+00,1.1987065277680720e-02,1.6037334914916106e+00,2.7024592703488541e+00
max_c_e_gamma_mixing_angles_polarization_05_local_minimum_778,C_e_gamma,polarization_cluster_05_local_minimum_778,1.8243921732190016e+00,3.0096557897568958e+00,k,2.4131319692313298e+00,0.0000000000000000e+00,0.0000000000000000e+00,-2.4108177468678500e+00,2.4108177468678500e+00,0.0000000000000000e+00,2.5000000000000000e+01,5.0000000000000000e+00,2.4108177468678500e+00,1.6629510273696724e+00,0.0000000000000000e+00,0.0000000000000000e+00,3.1415926535897931e+00,0.0000000000000000e+00,1.7259278395606767e+00,1.9414235373145337e+00,6.2632477587022759e+00,1.9649157185597110e+00,3.4292875609642186e+00
max_c_e_gamma_mixing_angles_polarization_05_local_minimum_778,C_e_gamma,polarization_cluster_05_local_minimum_778,1.8243921732190016e+00,3.0096557897568958e+00,p,2.5868680307686698e+00,0.0000000000000000e+00,0.0000000000000000e+00,2.4108177468678500e+00,2.4108177468678500e+00,0.0000000000000000e+00,2.5000000000000000e+01,5.0000000000000000e+00,2.4108177468678500e+00,1.6629510273696724e+00,0.0000000000000000e+00,0.0000000000000000e+00,3.1415926535897931e+00,0.0000000000000000e+00,1.7259278395606767e+00,1.9414235373145337e+00,6.2632477587022759e+00,1.9649157185597110e+00,3.4292875609642186e+00
max_c_e_gamma_mixing_angles_polarization_05_local_minimum_778,C_e_gamma,polarization_cluster_05_local_minimum_778,1.8243921732190016e+00,3.0096557897568958e+00,kp,1.1258304692321670e+00,1.1357043564240898e-01,5.5242907663022212e-01,9.6863534138482477e-01,1.1208615227307173e+00,1.3680375966323839e+00,2.5000000000000000e+01,5.0000000000000000e+00,2.4108177468678500e+00,1.6629510273696724e+00,0.0000000000000000e+00,0.0000000000000000e+00,3.1415926535897931e+00,0.0000000000000000e+00,1.7259278395606767e+00,1.9414235373145337e+00,6.2632477587022759e+00,1.9649157185597110e+00,3.4292875609642186e+00
max_c_e_gamma_mixing_angles_polarization_05_local_minimum_778,C_e_gamma,polarization_cluster_05_local_minimum_778,1.8243921732190016e+00,3.0096557897568958e+00,pp,1.9092538122077558e+00,1.6426544766714046e+00,-3.2754843455638366e-02,-2.5694261992016615e-01,1.6629510273696724e+00,6.2632477587022759e+00,2.5000000000000000e+01,5.0000000000000000e+00,2.4108177468678500e+00,1.6629510273696724e+00,0.0000000000000000e+00,0.0000000000000000e+00,3.1415926535897931e+00,0.0000000000000000e+00,1.7259278395606767e+00,1.9414235373145337e+00,6.2632477587022759e+00,1.9649157185597110e+00,3.4292875609642186e+00
max_c_e_gamma_mixing_angles_polarization_05_local_minimum_778,C_e_gamma,polarization_cluster_05_local_minimum_778,1.8243921732190016e+00,3.0096557897568958e+00,qout,1.9649157185597110e+00,-1.7562249123138136e+00,-5.1967423317458372e-01,-7.1169272146465867e-01,1.9649157185597113e+00,3.4292875609642182e+00,2.5000000000000000e+01,5.0000000000000000e+00,2.4108177468678500e+00,1.6629510273696724e+00,0.0000000000000000e+00,0.0000000000000000e+00,3.1415926535897931e+00,0.0000000000000000e+00,1.7259278395606767e+00,1.9414235373145337e+00,6.2632477587022759e+00,1.9649157185597110e+00,3.4292875609642186e+00
max_c_e_gamma_mixing_angles_polarization_05_local_minimum_780,C_e_gamma,polarization_cluster_05_local_minimum_780,1.7536597465388397e+00,3.0339531673521791e+00,k,2.2985831103877703e+00,0.0000000000000000e+00,0.0000000000000000e+00,-2.2961534406582280e+00,2.2961534406582280e+00,0.0000000000000000e+00,2.2838256586024514e+01,4.7789388556482395e+00,2.2961534406582280e+00,2.0687264274459247e+00,0.0000000000000000e+00,0.0000000000000000e+00,3.1415926535897931e+00,0.0000000000000000e+00,2.1604236052162387e+00,1.2036334261599886e+00,1.4979828253744540e-02,1.9190091940306182e+00,3.3518536408927115e+00
max_c_e_gamma_mixing_angles_polarization_05_local_minimum_780,C_e_gamma,polarization_cluster_05_local_minimum_780,1.7536597465388397e+00,3.0339531673521791e+00,p,2.4803557452604692e+00,0.0000000000000000e+00,0.0000000000000000e+00,2.2961534406582280e+00,2.2961534406582280e+00,0.0000000000000000e+00,2.2838256586024514e+01,4.7789388556482395e+00,2.2961534406582280e+00,2.0687264274459247e+00,0.0000000000000000e+00,0.0000000000000000e+00,3.1415926535897931e+00,0.0000000000000000e+00,2.1604236052162387e+00,1.2036334261599886e+00,1.4979828253744540e-02,1.9190091940306182e+00,3.3518536408927115e+00
max_c_e_gamma_mixing_angles_polarization_05_local_minimum_780,C_e_gamma,polarization_cluster_05_local_minimum_780,1.7536597465388397e+00,3.0339531673521791e+00,kp,5.8848231870785372e-01,3.2434958629508293e-02,3.4807539987464536e-01,4.6145339589094014e-01,5.7891946514042258e-01,1.4778809270274447e+00,2.2838256586024514e+01,4.7789388556482395e+00,2.2961534406582280e+00,2.0687264274459247e+00,0.0000000000000000e+00,0.0000000000000000e+00,3.1415926535897931e+00,0.0000000000000000e+00,2.1604236052162387e+00,1.2036334261599886e+00,1.4979828253744540e-02,1.9190091940306182e+00,3.3518536408927115e+00
max_c_e_gamma_mixing_angles_polarization_05_local_minimum_780,C_e_gamma,polarization_cluster_05_local_minimum_780,1.7536597465388397e+00,3.0339531673521791e+00,pp,2.2714473429100615e+00,1.7192248992538703e+00,2.5755620228856500e-02,-1.1503179670966306e+00,2.0687264274459247e+00,1.4979828253744540e-02,2.2838256586024514e+01,4.7789388556482395e+00,2.2961534406582280e+00,2.0687264274459247e+00,0.0000000000000000e+00,0.0000000000000000e+00,3.1415926535897931e+00,0.0000000000000000e+00,2.1604236052162387e+00,1.2036334261599886e+00,1.4979828253744540e-02,1.9190091940306182e+00,3.3518536408927115e+00
max_c_e_gamma_mixing_angles_polarization_05_local_minimum_780,C_e_gamma,polarization_cluster_05_local_minimum_780,1.7536597465388397e+00,3.0339531673521791e+00,qout,1.9190091940306182e+00,-1.7516598578833786e+00,-3.7383102010350189e-01,6.8886457120569045e-01,1.9190091940306182e+00,3.3518536408927111e+00,2.2838256586024514e+01,4.7789388556482395e+00,2.2961534406582280e+00,2.0687264274459247e+00,0.0000000000000000e+00,0.0000000000000000e+00,3.1415926535897931e+00,0.0000000000000000e+00,2.1604236052162387e+00,1.2036334261599886e+00,1.4979828253744540e-02,1.9190091940306182e+00,3.3518536408927115e+00
max_c_e_gamma_mixing_angles_polarization_05_local_minimum_783,C_e_gamma,polarization_cluster_05_local_minimum_783,2.5029784416798702e+00,3.1018008521489717e+00,k,4.2954754403728573e-01,0.0000000000000000e+00,0.0000000000000000e+00,-4.1635009340117235e-01,4.1635009340117235e-01,0.0000000000000000e+00,2.1193498054995712e+00,1.4557986830257719e+00,4.1635009340117235e-01,4.0435442635342539e-01,0.0000000000000000e+00,0.0000000000000000e+00,3.1415926535897931e+00,0.0000000000000000e+00,2.0108981001506027e-01,2.9925011536692345e+00,1.7727245736127997e+00,1.2837751026618749e-01,1.7140488071128386e+00
max_c_e_gamma_mixing_angles_polarization_05_local_minimum_783,C_e_gamma,polarization_cluster_05_local_minimum_783,2.5029784416798702e+00,3.1018008521489717e+00,p,1.0262511389884861e+00,0.0000000000000000e+00,0.0000000000000000e+00,4.1635009340117235e-01,4.1635009340117235e-01,0.0000000000000000e+00,2.1193498054995712e+00,1.4557986830257719e+00,4.1635009340117235e-01,4.0435442635342539e-01,0.0000000000000000e+00,0.0000000000000000e+00,3.1415926535897931e+00,0.0000000000000000e+00,2.0108981001506027e-01,2.9925011536692345e+00,1.7727245736127997e+00,1.2837751026618749e-01,1.7140488071128386e+00
max_c_e_gamma_mixing_angles_polarization_05_local_minimum_783,C_e_gamma,polarization_cluster_05_local_minimum_783,2.5029784416798702e+00,3.1018008521489717e+00,kp,3.0597783017423974e-01,1.8920433021411422e-02,-9.7997496859563604e-02,-2.6925313009950136e-01,2.8715629932988918e-01,4.9031128394030423e+00,2.1193498054995712e+00,1.4557986830257719e+00,4.1635009340117235e-01,4.0435442635342539e-01,0.0000000000000000e+00,0.0000000000000000e+00,3.1415926535897931e+00,0.0000000000000000e+00,2.0108981001506027e-01,2.9925011536692345e+00,1.7727245736127997e+00,1.2837751026618749e-01,1.7140488071128386e+00
max_c_e_gamma_mixing_angles_polarization_05_local_minimum_783,C_e_gamma,polarization_cluster_05_local_minimum_783,2.5029784416798702e+00,3.1018008521489717e+00,pp,1.0214433425851908e+00,-1.6198061103427634e-02,7.9123658122890711e-02,3.9620647603661052e-01,4.0435442635342533e-01,1.7727245736127997e+00,2.1193498054995712e+00,1.4557986830257719e+00,4.1635009340117235e-01,4.0435442635342539e-01,0.0000000000000000e+00,0.0000000000000000e+00,3.1415926535897931e+00,0.0000000000000000e+00,2.0108981001506027e-01,2.9925011536692345e+00,1.7727245736127997e+00,1.2837751026618749e-01,1.7140488071128386e+00
max_c_e_gamma_mixing_angles_polarization_05_local_minimum_783,C_e_gamma,polarization_cluster_05_local_minimum_783,2.5029784416798702e+00,3.1018008521489717e+00,qout,1.2837751026618749e-01,-2.7223719179837878e-03,1.8873838736672886e-02,-1.2695334593710916e-01,1.2837751026618749e-01,1.7140488071128386e+00,2.1193498054995712e+00,1.4557986830257719e+00,4.1635009340117235e-01,4.0435442635342539e-01,0.0000000000000000e+00,0.0000000000000000e+00,3.1415926535897931e+00,0.0000000000000000e+00,2.0108981001506027e-01,2.9925011536692345e+00,1.7727245736127997e+00,1.2837751026618749e-01,1.7140488071128386e+00
max_c_e_gamma_mixing_angles_polarization_05_local_minimum_786,C_e_gamma,polarization_cluster_05_local_minimum_786,2.0970817710551781e+00,2.9738814912036760e+00,k,2.0479139498356447e+00,0.0000000000000000e+00,0.0000000000000000e+00,-2.0451865082720775e+00,2.0451865082720775e+00,0.0000000000000000e+00,1.8472316184079173e+01,4.2979432504488901e+00,2.0451865082720775e+00,1.5663058915065857e+00,0.0000000000000000e+00,0.0000000000000000e+00,3.1415926535897931e+00,0.0000000000000000e+00,6.3173162726501086e-01,2.9959458154759071e+00,4.9326151088708622e-02,1.6744266480687915e+00,3.0260781295657342e+00
max_c_e_gamma_mixing_angles_polarization_05_local_minimum_786,C_e_gamma,polarization_cluster_05_local_minimum_786,2.0970817710551781e+00,2.9738814912036760e+00,p,2.2500293006132459e+00,0.0000000000000000e+00,0.0000000000000000e+00,2.0451865082720775e+00,2.0451865082720775e+00,0.0000000000000000e+00,1.8472316184079173e+01,4.2979432504488901e+00,2.0451865082720775e+00,1.5663058915065857e+00,0.0000000000000000e+00,0.0000000000000000e+00,3.1415926535897931e+00,0.0000000000000000e+00,6.3173162726501086e-01,2.9959458154759071e+00,4.9326151088708622e-02,1.6744266480687915e+00,3.0260781295657342e+00
max_c_e_gamma_mixing_angles_polarization_05_local_minimum_786,C_e_gamma,polarization_cluster_05_local_minimum_786,2.0970817710551781e+00,2.9738814912036760e+00,kp,7.9782272175074531e-01,-6.8245196449798373e-01,-7.3615982215107845e-02,3.9267977582734770e-01,7.9079542425868166e-01,3.2490469999767639e+00,1.8472316184079173e+01,4.2979432504488901e+00,2.0451865082720775e+00,1.5663058915065857e+00,0.0000000000000000e+00,0.0000000000000000e+00,3.1415926535897931e+00,0.0000000000000000e+00,6.3173162726501086e-01,2.9959458154759071e+00,4.9326151088708622e-02,1.6744266480687915e+00,3.0260781295657342e+00
max_c_e_gamma_mixing_angles_polarization_05_local_minimum_786,C_e_gamma,polarization_cluster_05_local_minimum_786,2.0970817710551781e+00,2.9738814912036760e+00,pp,1.8256938806295651e+00,9.2384606858510354e-01,4.5606764900820655e-02,1.2640184374934449e+00,1.5663058915065857e+00,4.9326151088708622e-02,1.8472316184079173e+01,4.2979432504488901e+00,2.0451865082720775e+00,1.5663058915065857e+00,0.0000000000000000e+00,0.0000000000000000e+00,3.1415926535897931e+00,0.0000000000000000e+00,6.3173162726501086e-01,2.9959458154759071e+00,4.9326151088708622e-02,1.6744266480687915e+00,3.0260781295657342e+00
max_c_e_gamma_mixing_angles_polarization_05_local_minimum_786,C_e_gamma,polarization_cluster_05_local_minimum_786,2.0970817710551781e+00,2.9738814912036760e+00,qout,1.6744266480687915e+00,-2.4139410408711981e-01,2.8009217314287193e-02,-1.6566982133207926e+00,1.6744266480687915e+00,3.0260781295657342e+00,1.8472316184079173e+01,4.2979432504488901e+00,2.0451865082720775e+00,1.5663058915065857e+00,0.0000000000000000e+00,0.0000000000000000e+00,3.1415926535897931e+00,0.0000000000000000e+00,6.3173162726501086e-01,2.9959458154759071e+00,4.9326151088708622e-02,1.6744266480687915e+00,3.0260781295657342e+00
max_c_e_gamma_mixing_angles_polarization_05_local_minimum_792,C_e_gamma,polarization_cluster_05_local_minimum_792,1.8558992892827153e+00,3.0007181522795112e+00,k,2.4131319692313298e+00,0.0000000000000000e+00,0.0000000000000000e+00,-2.4108177468678500e+00,2.4108177468678500e+00,0.0000000000000000e+00,2.5000000000000000e+01,5.0000000000000000e+00,2.4108177468678500e+00,1.6965167614898746e+00,0.0000000000000000e+00,0.0000000000000000e+00,3.1415926535897931e+00,0.0000000000000000e+00,1.6343959255936367e+00,1.9620568449317752e+00,2.4288940022486182e-02,2.0296168698202224e+00,2.8887968861152959e+00
max_c_e_gamma_mixing_angles_polarization_05_local_minimum_792,C_e_gamma,polarization_cluster_05_local_minimum_792,1.8558992892827153e+00,3.0007181522795112e+00,p,2.5868680307686698e+00,0.0000000000000000e+00,0.0000000000000000e+00,2.4108177468678500e+00,2.4108177468678500e+00,0.0000000000000000e+00,2.5000000000000000e+01,5.0000000000000000e+00,2.4108177468678500e+00,1.6965167614898746e+00,0.0000000000000000e+00,0.0000000000000000e+00,3.1415926535897931e+00,0.0000000000000000e+00,1.6343959255936367e+00,1.9620568449317752e+00,2.4288940022486182e-02,2.0296168698202224e+00,2.8887968861152959e+00
max_c_e_gamma_mixing_angles_polarization_05_local_minimum_792,C_e_gamma,polarization_cluster_05_local_minimum_792,1.8558992892827153e+00,3.0007181522795112e+00,kp,1.0318235819534343e+00,1.2401695688356806e-01,-5.1038830289197878e-01,8.8182752658232533e-01,1.0263996356010250e+00,4.9507549431560554e+00,2.5000000000000000e+01,5.0000000000000000e+00,2.4108177468678500e+00,1.6965167614898746e+00,0.0000000000000000e+00,0.0000000000000000e+00,3.1415926535897931e+00,0.0000000000000000e+00,1.6343959255936367e+00,1.9620568449317752e+00,2.4288940022486182e-02,2.0296168698202224e+00,2.8887968861152959e+00
max_c_e_gamma_mixing_angles_polarization_05_local_minimum_792,C_e_gamma,polarization_cluster_05_local_minimum_792,1.8558992892827153e+00,3.0007181522795112e+00,pp,1.9385595482254581e+00,1.6925873940222731e+00,4.1119240148583654e-02,-1.0782506064262265e-01,1.6965167614898744e+00,2.4288940022486182e-02,2.5000000000000000e+01,5.0000000000000000e+00,2.4108177468678500e+00,1.6965167614898746e+00,0.0000000000000000e+00,0.0000000000000000e+00,3.1415926535897931e+00,0.0000000000000000e+00,1.6343959255936367e+00,1.9620568449317752e+00,2.4288940022486182e-02,2.0296168698202224e+00,2.8887968861152959e+00
max_c_e_gamma_mixing_angles_polarization_05_local_minimum_792,C_e_gamma,polarization_cluster_05_local_minimum_792,1.8558992892827153e+00,3.0007181522795112e+00,qout,2.0296168698202224e+00,-1.8166043509058412e+00,4.6926906274339514e-01,-7.7400246593970268e-01,2.0296168698202224e+00,2.8887968861152959e+00,2.5000000000000000e+01,5.0000000000000000e+00,2.4108177468678500e+00,1.6965167614898746e+00,0.0000000000000000e+00,0.0000000000000000e+00,3.1415926535897931e+00,0.0000000000000000e+00,1.6343959255936367e+00,1.9620568449317752e+00,2.4288940022486182e-02,2.0296168698202224e+00,2.8887968861152959e+00
max_c_e_gamma_mixing_angles_polarization_05_local_minimum_793,C_e_gamma,polarization_cluster_05_local_minimum_793,1.8195611583196711e+00,3.0109302285271995e+00,k,2.4131319692313298e+00,0.0000000000000000e+00,0.0000000000000000e+00,-2.4108177468678500e+00,2.4108177468678500e+00,0.0000000000000000e+00,2.5000000000000000e+01,5.0000000000000000e+00,2.4108177468678500e+00,1.6348470092771095e+00,0.0000000000000000e+00,0.0000000000000000e+00,3.1415926535897931e+00,0.0000000000000000e+00,1.7256768220195478e+00,1.9681445466312992e+00,6.2611742580861733e+00,1.9531982365950336e+00,3.4357499868385815e+00
max_c_e_gamma_mixing_angles_polarization_05_local_minimum_793,C_e_gamma,polarization_cluster_05_local_minimum_793,1.8195611583196711e+00,3.0109302285271995e+00,p,2.5868680307686698e+00,0.0000000000000000e+00,0.0000000000000000e+00,2.4108177468678500e+00,2.4108177468678500e+00,0.0000000000000000e+00,2.5000000000000000e+01,5.0000000000000000e+00,2.4108177468678500e+00,1.6348470092771095e+00,0.0000000000000000e+00,0.0000000000000000e+00,3.1415926535897931e+00,0.0000000000000000e+00,1.7256768220195478e+00,1.9681445466312992e+00,6.2611742580861733e+00,1.9531982365950336e+00,3.4357499868385815e+00
max_c_e_gamma_mixing_angles_polarization_05_local_minimum_793,C_e_gamma,polarization_cluster_05_local_minimum_793,1.8195611583196711e+00,3.0109302285271995e+00,kp,1.1619758447204227e+00,1.0877897993960839e-01,5.5772864095243802e-01,1.0080327712852821e+00,1.1571621197569686e+00,1.3781752303323644e+00,2.5000000000000000e+01,5.0000000000000000e+00,2.4108177468678500e+00,1.6348470092771095e+00,0.0000000000000000e+00,0.0000000000000000e+00,3.1415926535897931e+00,0.0000000000000000e+00,1.7256768220195478e+00,1.9681445466312992e+00,6.2611742580861733e+00,1.9531982365950336e+00,3.4357499868385815e+00
max_c_e_gamma_mixing_angles_polarization_05_local_minimum_793,C_e_gamma,polarization_cluster_05_local_minimum_793,1.8195611583196711e+00,3.0109302285271995e+00,pp,1.8848259186838208e+00,1.6148865720544681e+00,-3.5551089141568452e-02,-2.5219481200319444e-01,1.6348470092771092e+00,6.2611742580861733e+00,2.5000000000000000e+01,5.0000000000000000e+00,2.4108177468678500e+00,1.6348470092771095e+00,0.0000000000000000e+00,0.0000000000000000e+00,3.1415926535897931e+00,0.0000000000000000e+00,1.7256768220195478e+00,1.9681445466312992e+00,6.2611742580861733e+00,1.9531982365950336e+00,3.4357499868385815e+00
max_c_e_gamma_mixing_angles_polarization_05_local_minimum_793,C_e_gamma,polarization_cluster_05_local_minimum_793,1.8195611583196711e+00,3.0109302285271995e+00,qout,1.9531982365950336e+00,-1.7236655519940765e+00,-5.2217755181086956e-01,-7.5583795928208763e-01,1.9531982365950336e+00,3.4357499868385810e+00,2.5000000000000000e+01,5.0000000000000000e+00,2.4108177468678500e+00,1.6348470092771095e+00,0.0000000000000000e+00,0.0000000000000000e+00,3.1415926535897931e+00,0.0000000000000000e+00,1.7256768220195478e+00,1.9681445466312992e+00,6.2611742580861733e+00,1.9531982365950336e+00,3.4357499868385815e+00
max_c_e_gamma_mixing_angles_polarization_05_local_minimum_797,C_e_gamma,polarization_cluster_05_local_minimum_797,1.8559923842997006e+00,3.0006257072900770e+00,k,2.4131184331806796e+00,0.0000000000000000e+00,0.0000000000000000e+00,-2.4108041978234316e+00,2.4108041978234316e+00,0.0000000000000000e+00,2.4999738370633970e+01,4.9999738369949478e+00,2.4108041978234316e+00,1.6851974283835021e+00,0.0000000000000000e+00,0.0000000000000000e+00,3.1415926535897931e+00,0.0000000000000000e+00,1.6261898945762170e+00,1.9760750643602520e+00,2.5749183037572541e-02,2.0295948308012881e+00,2.8885798178475430e+00
max_c_e_gamma_mixing_angles_polarization_05_local_minimum_797,C_e_gamma,polarization_cluster_05_local_minimum_797,1.8559923842997006e+00,3.0006257072900770e+00,p,2.5868554038142682e+00,0.0000000000000000e+00,0.0000000000000000e+00,2.4108041978234316e+00,2.4108041978234316e+00,0.0000000000000000e+00,2.4999738370633970e+01,4.9999738369949478e+00,2.4108041978234316e+00,1.6851974283835021e+00,0.0000000000000000e+00,0.0000000000000000e+00,3.1415926535897931e+00,0.0000000000000000e+00,1.6261898945762170e+00,1.9760750643602520e+00,2.5749183037572541e-02,2.0295948308012881e+00,2.8885798178475430e+00
max_c_e_gamma_mixing_angles_polarization_05_local_minimum_797,C_e_gamma,polarization_cluster_05_local_minimum_797,1.8559923842997006e+00,3.0006257072900770e+00,kp,1.0417177159128339e+00,1.2374515803159380e-01,-5.1021733663513003e-01,8.9351973262712170e-01,1.0363455540182305e+00,4.9503287676111869e+00,2.4999738370633970e+01,4.9999738369949478e+00,2.4108041978234316e+00,1.6851974283835021e+00,0.0000000000000000e+00,0.0000000000000000e+00,3.1415926535897931e+00,0.0000000000000000e+00,1.6261898945762170e+00,1.9760750643602520e+00,2.5749183037572541e-02,2.0295948308012881e+00,2.8885798178475430e+00
max_c_e_gamma_mixing_angles_polarization_05_local_minimum_797,C_e_gamma,polarization_cluster_05_local_minimum_797,1.8559923842997006e+00,3.0006257072900770e+00,pp,1.9286612902815177e+00,1.6820548471877772e+00,4.3321112823605228e-02,-9.3301365832427111e-02,1.6851974283835021e+00,2.5749183037572537e-02,2.4999738370633970e+01,4.9999738369949478e+00,2.4108041978234316e+00,1.6851974283835021e+00,0.0000000000000000e+00,0.0000000000000000e+00,3.1415926535897931e+00,0.0000000000000000e+00,1.6261898945762170e+00,1.9760750643602520e+00,2.5749183037572541e-02,2.0295948308012881e+00,2.8885798178475430e+00
max_c_e_gamma_mixing_angles_polarization_05_local_minimum_797,C_e_gamma,polarization_cluster_05_local_minimum_797,1.8559923842997006e+00,3.0006257072900770e+00,qout,2.0295948308012881e+00,-1.8058000052193710e+00,4.6689622381152479e-01,-8.0021836679469460e-01,2.0295948308012881e+00,2.8885798178475430e+00,2.4999738370633970e+01,4.9999738369949478e+00,2.4108041978234316e+00,1.6851974283835021e+00,0.0000000000000000e+00,0.0000000000000000e+00,3.1415926535897931e+00,0.0000000000000000e+00,1.6261898945762170e+00,1.9760750643602520e+00,2.5749183037572541e-02,2.0295948308012881e+00,2.8885798178475430e+00
max_c_e_gamma_mixing_angles_polarization_05_local_minimum_802,C_e_gamma,polarization_cluster_05_local_minimum_802,6.6042251126181017e-01,3.0600100764328686e+00,k,4.1896524113927636e-01,0.0000000000000000e+00,0.0000000000000000e+00,-4.0542345882989184e-01,4.0542345882989184e-01,0.0000000000000000e+00,2.0759975686520624e+00,1.4408322486160776e+00,4.0542345882989184e-01,3.9925987947045077e-01,0.0000000000000000e+00,0.0000000000000000e+00,3.1415926535897931e+00,0.0000000000000000e+00,2.5555410291028602e-01,2.7438056252875858e+00,3.8359177931616020e+00,1.3377382395314288e-01,7.0569298518577983e-01
max_c_e_gamma_mixing_angles_polarization_05_local_minimum_802,C_e_gamma,polarization_cluster_05_local_minimum_802,6.6042251126181017e-01,3.0600100764328686e+00,p,1.0218670074768013e+00,0.0000000000000000e+00,0.0000000000000000e+00,4.0542345882989184e-01,4.0542345882989184e-01,0.0000000000000000e+00,2.0759975686520624e+00,1.4408322486160776e+00,4.0542345882989184e-01,3.9925987947045077e-01,0.0000000000000000e+00,0.0000000000000000e+00,3.1415926535897931e+00,0.0000000000000000e+00,2.5555410291028602e-01,2.7438056252875858e+00,3.8359177931616020e+00,1.3377382395314288e-01,7.0569298518577983e-01
max_c_e_gamma_mixing_angles_polarization_05_local_minimum_802,C_e_gamma,polarization_cluster_05_local_minimum_802,6.6042251126181017e-01,3.0600100764328686e+00,kp,2.8762110370825700e-01,3.8115497109636992e-02,3.0969691403578810e-02,-2.6296443500882261e-01,2.6751113431978291e-01,6.8232998761614505e-01,2.0759975686520624e+00,1.4408322486160776e+00,4.0542345882989184e-01,3.9925987947045077e-01,0.0000000000000000e+00,0.0000000000000000e+00,3.1415926535897931e+00,0.0000000000000000e+00,2.5555410291028602e-01,2.7438056252875858e+00,3.8359177931616020e+00,1.3377382395314288e-01,7.0569298518577983e-01
max_c_e_gamma_mixing_angles_polarization_05_local_minimum_802,C_e_gamma,polarization_cluster_05_local_minimum_802,6.6042251126181017e-01,3.0600100764328686e+00,pp,1.0194373209544365e+00,-7.7559828757008800e-02,-6.4578914559538889e-02,3.8629326697763466e-01,3.9925987947045077e-01,3.8359177931616015e+00,2.0759975686520624e+00,1.4408322486160776e+00,4.0542345882989184e-01,3.9925987947045077e-01,0.0000000000000000e+00,0.0000000000000000e+00,3.1415926535897931e+00,0.0000000000000000e+00,2.5555410291028602e-01,2.7438056252875858e+00,3.8359177931616020e+00,1.3377382395314288e-01,7.0569298518577983e-01
max_c_e_gamma_mixing_angles_polarization_05_local_minimum_802,C_e_gamma,polarization_cluster_05_local_minimum_802,6.6042251126181017e-01,3.0600100764328686e+00,qout,1.3377382395314288e-01,3.9444331647371808e-02,3.3609223155960079e-02,-1.2332883196881207e-01,1.3377382395314288e-01,7.0569298518577983e-01,2.0759975686520624e+00,1.4408322486160776e+00,4.0542345882989184e-01,3.9925987947045077e-01,0.0000000000000000e+00,0.0000000000000000e+00,3.1415926535897931e+00,0.0000000000000000e+00,2.5555410291028602e-01,2.7438056252875858e+00,3.8359177931616020e+00,1.3377382395314288e-01,7.0569298518577983e-01
max_c_e_gamma_mixing_angles_polarization_05_local_minimum_812,C_e_gamma,polarization_cluster_05_local_minimum_812,1.3125620742968127e+00,3.0067914520185446e+00,k,2.4131243338456954e+00,0.0000000000000000e+00,0.0000000000000000e+00,-2.4108101041527372e+00,2.4108101041527372e+00,0.0000000000000000e+00,2.4999852420503892e+01,4.9999852420286093e+00,2.4108101041527372e+00,1.5903953066121428e+00,0.0000000000000000e+00,0.0000000000000000e+00,3.1415926535897931e+00,0.0000000000000000e+00,1.6505233990625454e+00,1.9481959732228276e+00,2.0989299409770276e-02,2.0074090136100762e+00,2.7599971511493919e+00
max_c_e_gamma_mixing_angles_polarization_05_local_minimum_812,C_e_gamma,polarization_cluster_05_local_minimum_812,1.3125620742968127e+00,3.0067914520185446e+00,p,2.5868609081829144e+00,0.0000000000000000e+00,0.0000000000000000e+00,2.4108101041527372e+00,2.4108101041527372e+00,0.0000000000000000e+00,2.4999852420503892e+01,4.9999852420286093e+00,2.4108101041527372e+00,1.5903953066121428e+00,0.0000000000000000e+00,0.0000000000000000e+00,3.1415926535897931e+00,0.0000000000000000e+00,1.6505233990625454e+00,1.9481959732228276e+00,2.0989299409770276e-02,2.0074090136100762e+00,2.7599971511493919e+00
max_c_e_gamma_mixing_angles_polarization_05_local_minimum_812,C_e_gamma,polarization_cluster_05_local_minimum_812,1.3125620742968127e+00,3.0067914520185446e+00,kp,1.1461739885766424e+00,1.4691711780138328e-01,-7.2822635085187926e-01,8.6640225195822318e-01,1.1412936168122516e+00,4.9114633021502314e+00,2.4999852420503892e+01,4.9999852420286093e+00,2.4108101041527372e+00,1.5903953066121428e+00,0.0000000000000000e+00,0.0000000000000000e+00,3.1415926535897931e+00,0.0000000000000000e+00,1.6505233990625454e+00,1.9481959732228276e+00,2.0989299409770276e-02,2.0074090136100762e+00,2.7599971511493919e+00
max_c_e_gamma_mixing_angles_polarization_05_local_minimum_812,C_e_gamma,polarization_cluster_05_local_minimum_812,1.3125620742968127e+00,3.0067914520185446e+00,pp,1.8464022398421021e+00,1.5849941850519300e+00,3.3272803775195300e-02,-1.2666327476596176e-01,1.5903953066121430e+00,2.0989299409770276e-02,2.4999852420503892e+01,4.9999852420286093e+00,2.4108101041527372e+00,1.5903953066121428e+00,0.0000000000000000e+00,0.0000000000000000e+00,3.1415926535897931e+00,0.0000000000000000e+00,1.6505233990625454e+00,1.9481959732228276e+00,2.0989299409770276e-02,2.0074090136100762e+00,2.7599971511493919e+00
max_c_e_gamma_mixing_angles_polarization_05_local_minimum_812,C_e_gamma,polarization_cluster_05_local_minimum_812,1.3125620742968127e+00,3.0067914520185446e+00,qout,2.0074090136100762e+00,-1.7319113028533133e+00,6.9495354707668400e-01,-7.3973897719226145e-01,2.0074090136100762e+00,2.7599971511493919e+00,2.4999852420503892e+01,4.9999852420286093e+00,2.4108101041527372e+00,1.5903953066121428e+00,0.0000000000000000e+00,0.0000000000000000e+00,3.1415926535897931e+00,0.0000000000000000e+00,1.6505233990625454e+00,1.9481959732228276e+00,2.0989299409770276e-02,2.0074090136100762e+00,2.7599971511493919e+00
max_c_e_gamma_mixing_angles_polarization_05_local_minimum_817,C_e_gamma,polarization_cluster_05_local_minimum_817,1.2990897808473423e+00,3.0028378401586924e+00,k,2.4131319692313298e+00,0.0000000000000000e+00,0.0000000000000000e+00,-2.4108177468678500e+00,2.4108177468678500e+00,0.0000000000000000e+00,2.5000000000000000e+01,5.0000000000000000e+00,2.4108177468678500e+00,1.6052775239040784e+00,0.0000000000000000e+00,0.0000000000000000e+00,3.1415926535897931e+00,0.0000000000000000e+00,1.6085302100623011e+00,1.9615375986555654e+00,2.2909913641404416e-02,2.0296198841634241e+00,2.7735242123221138e+00
max_c_e_gamma_mixing_angles_polarization_05_local_minimum_817,C_e_gamma,polarization_cluster_05_local_minimum_817,1.2990897808473423e+00,3.0028378401586924e+00,p,2.5868680307686698e+00,0.0000000000000000e+00,0.0000000000000000e+00,2.4108177468678500e+00,2.4108177468678500e+00,0.0000000000000000e+00,2.5000000000000000e+01,5.0000000000000000e+00,2.4108177468678500e+00,1.6052775239040784e+00,0.0000000000000000e+00,0.0000000000000000e+00,3.1415926535897931e+00,0.0000000000000000e+00,1.6085302100623011e+00,1.9615375986555654e+00,2.2909913641404416e-02,2.0296198841634241e+00,2.7735242123221138e+00
max_c_e_gamma_mixing_angles_polarization_05_local_minimum_817,C_e_gamma,polarization_cluster_05_local_minimum_817,1.2990897808473423e+00,3.0028378401586924e+00,kp,1.1111437325989735e+00,1.4723767783772468e-01,-7.1198902941163700e-01,8.3358826191538327e-01,1.1061088111848130e+00,4.9163121427863494e+00,2.5000000000000000e+01,5.0000000000000000e+00,2.4108177468678500e+00,1.6052775239040784e+00,0.0000000000000000e+00,0.0000000000000000e+00,3.1415926535897931e+00,0.0000000000000000e+00,1.6085302100623011e+00,1.9615375986555654e+00,2.2909913641404416e-02,2.0296198841634241e+00,2.7735242123221138e+00
max_c_e_gamma_mixing_angles_polarization_05_local_minimum_817,C_e_gamma,polarization_cluster_05_local_minimum_817,1.2990897808473423e+00,3.0028378401586924e+00,pp,1.8592363832368408e+00,1.6037138675389573e+00,3.6747375562407349e-02,-6.0558981201180105e-02,1.6052775239040786e+00,2.2909913641404413e-02,2.5000000000000000e+01,5.0000000000000000e+00,2.4108177468678500e+00,1.6052775239040784e+00,0.0000000000000000e+00,0.0000000000000000e+00,3.1415926535897931e+00,0.0000000000000000e+00,1.6085302100623011e+00,1.9615375986555654e+00,2.2909913641404416e-02,2.0296198841634241e+00,2.7735242123221138e+00
max_c_e_gamma_mixing_angles_polarization_05_local_minimum_817,C_e_gamma,polarization_cluster_05_local_minimum_817,1.2990897808473423e+00,3.0028378401586924e+00,qout,2.0296198841634241e+00,-1.7509515453766820e+00,6.7524165384922963e-01,-7.7302928071420318e-01,2.0296198841634241e+00,2.7735242123221138e+00,2.5000000000000000e+01,5.0000000000000000e+00,2.4108177468678500e+00,1.6052775239040784e+00,0.0000000000000000e+00,0.0000000000000000e+00,3.1415926535897931e+00,0.0000000000000000e+00,1.6085302100623011e+00,1.9615375986555654e+00,2.2909913641404416e-02,2.0296198841634241e+00,2.7735242123221138e+00
max_c_e_gamma_mixing_angles_polarization_05_local_minimum_822,C_e_gamma,polarization_cluster_05_local_minimum_822,1.8554115500307722e+00,3.0005818304118725e+00,k,2.4131319692313298e+00,0.0000000000000000e+00,0.0000000000000000e+00,-2.4108177468678500e+00,2.4108177468678500e+00,0.0000000000000000e+00,2.5000000000000000e+01,5.0000000000000000e+00,2.4108177468678500e+00,1.6485578908418574e+00,0.0000000000000000e+00,0.0000000000000000e+00,3.1415926535897931e+00,0.0000000000000000e+00,1.6015240322681532e+00,2.0205195950076882e+00,6.2527800893395700e+00,2.0296170297866447e+00,3.3936759219773514e+00
max_c_e_gamma_mixing_angles_polarization_05_local_minimum_822,C_e_gamma,polarization_cluster_05_local_minimum_822,1.8554115500307722e+00,3.0005818304118725e+00,p,2.5868680307686698e+00,0.0000000000000000e+00,0.0000000000000000e+00,2.4108177468678500e+00,2.4108177468678500e+00,0.0000000000000000e+00,2.5000000000000000e+01,5.0000000000000000e+00,2.4108177468678500e+00,1.6485578908418574e+00,0.0000000000000000e+00,0.0000000000000000e+00,3.1415926535897931e+00,0.0000000000000000e+00,1.6015240322681532e+00,2.0205195950076882e+00,6.2527800893395700e+00,2.0296170297866447e+00,3.3936759219773514e+00
max_c_e_gamma_mixing_angles_polarization_05_local_minimum_822,C_e_gamma,polarization_cluster_05_local_minimum_822,1.8554115500307722e+00,3.0005818304118725e+00,kp,1.0736523305452970e+00,1.2302093642972523e-01,5.0598852370301284e-01,9.3295610703443477e-01,1.0684407492098233e+00,1.3322940238386991e+00,2.5000000000000000e+01,5.0000000000000000e+00,2.4108177468678500e+00,1.6485578908418574e+00,0.0000000000000000e+00,0.0000000000000000e+00,3.1415926535897931e+00,0.0000000000000000e+00,1.6015240322681532e+00,2.0205195950076882e+00,6.2527800893395700e+00,2.0296170297866447e+00,3.3936759219773514e+00
max_c_e_gamma_mixing_angles_polarization_05_local_minimum_822,C_e_gamma,polarization_cluster_05_local_minimum_822,1.8554115500307722e+00,3.0005818304118725e+00,pp,1.8967306396684147e+00,1.6470180658344911e+00,-5.0093380760279721e-02,-5.0648430141229620e-02,1.6485578908418574e+00,6.2527800893395700e+00,2.5000000000000000e+01,5.0000000000000000e+00,2.4108177468678500e+00,1.6485578908418574e+00,0.0000000000000000e+00,0.0000000000000000e+00,3.1415926535897931e+00,0.0000000000000000e+00,1.6015240322681532e+00,2.0205195950076882e+00,6.2527800893395700e+00,2.0296170297866447e+00,3.3936759219773514e+00
max_c_e_gamma_mixing_angles_polarization_05_local_minimum_822,C_e_gamma,polarization_cluster_05_local_minimum_822,1.8554115500307722e+00,3.0005818304118725e+00,qout,2.0296170297866447e+00,-1.7700390022642163e+00,-4.5589514294273314e-01,-8.8230767689320511e-01,2.0296170297866447e+00,3.3936759219773509e+00,2.5000000000000000e+01,5.0000000000000000e+00,2.4108177468678500e+00,1.6485578908418574e+00,0.0000000000000000e+00,0.0000000000000000e+00,3.1415926535897931e+00,0.0000000000000000e+00,1.6015240322681532e+00,2.0205195950076882e+00,6.2527800893395700e+00,2.0296170297866447e+00,3.3936759219773514e+00
max_c_e_gamma_mixing_angles_polarization_05_local_minimum_825,C_e_gamma,polarization_cluster_05_local_minimum_825,1.3105861853528937e+00,3.0061501035775362e+00,k,2.4131319692313298e+00,0.0000000000000000e+00,0.0000000000000000e+00,-2.4108177468678500e+00,2.4108177468678500e+00,0.0000000000000000e+00,2.5000000000000000e+01,5.0000000000000000e+00,2.4108177468678500e+00,1.5799083361844168e+00,0.0000000000000000e+00,0.0000000000000000e+00,3.1415926535897931e+00,0.0000000000000000e+00,1.6348654153119697e+00,1.9626260316384276e+00,6.2608287671053517e+00,2.0125652841686206e+00,3.5243573928949106e+00
max_c_e_gamma_mixing_angles_polarization_05_local_minimum_825,C_e_gamma,polarization_cluster_05_local_minimum_825,1.3105861853528937e+00,3.0061501035775362e+00,p,2.5868680307686698e+00,0.0000000000000000e+00,0.0000000000000000e+00,2.4108177468678500e+00,2.4108177468678500e+00,0.0000000000000000e+00,2.5000000000000000e+01,5.0000000000000000e+00,2.4108177468678500e+00,1.5799083361844168e+00,0.0000000000000000e+00,0.0000000000000000e+00,3.1415926535897931e+00,0.0000000000000000e+00,1.6348654153119697e+00,1.9626260316384276e+00,6.2608287671053517e+00,2.0125652841686206e+00,3.5243573928949106e+00
max_c_e_gamma_mixing_angles_polarization_05_local_minimum_825,C_e_gamma,polarization_cluster_05_local_minimum_825,1.3105861853528937e+00,3.0061501035775362e+00,kp,1.1500576857292464e+00,1.4916348179345662e-01,7.2994461095381313e-01,8.6971265877320092e-01,1.1451938648943292e+00,1.3692225148459862e+00,2.5000000000000000e+01,5.0000000000000000e+00,2.4108177468678500e+00,1.5799083361844168e+00,0.0000000000000000e+00,0.0000000000000000e+00,3.1415926535897931e+00,0.0000000000000000e+00,1.6348654153119697e+00,1.9626260316384276e+00,6.2608287671053517e+00,2.0125652841686206e+00,3.5243573928949106e+00
max_c_e_gamma_mixing_angles_polarization_05_local_minimum_825,C_e_gamma,polarization_cluster_05_local_minimum_825,1.3105861853528937e+00,3.0061501035775362e+00,pp,1.8373770301016099e+00,1.5762727990200676e+00,-3.5245878333090987e-02,-1.0115405021541689e-01,1.5799083361844168e+00,6.2608287671053517e+00,2.5000000000000000e+01,5.0000000000000000e+00,2.4108177468678500e+00,1.5799083361844168e+00,0.0000000000000000e+00,0.0000000000000000e+00,3.1415926535897931e+00,0.0000000000000000e+00,1.6348654153119697e+00,1.9626260316384276e+00,6.2608287671053517e+00,2.0125652841686206e+00,3.5243573928949106e+00
max_c_e_gamma_mixing_angles_polarization_05_local_minimum_825,C_e_gamma,polarization_cluster_05_local_minimum_825,1.3105861853528937e+00,3.0061501035775362e+00,qout,2.0125652841686206e+00,-1.7254362808135242e+00,-6.9469873262072213e-01,-7.6855860855778402e-01,2.0125652841686206e+00,3.5243573928949101e+00,2.5000000000000000e+01,5.0000000000000000e+00,2.4108177468678500e+00,1.5799083361844168e+00,0.0000000000000000e+00,0.0000000000000000e+00,3.1415926535897931e+00,0.0000000000000000e+00,1.6348654153119697e+00,1.9626260316384276e+00,6.2608287671053517e+00,2.0125652841686206e+00,3.5243573928949106e+00
max_c_e_gamma_mixing_angles_polarization_05_local_minimum_827,C_e_gamma,polarization_cluster_05_local_minimum_827,2.1059628629999527e+00,3.0016015057689911e+00,k,1.6221873142527363e+00,0.0000000000000000e+00,0.0000000000000000e+00,-1.6187427189671639e+00,1.6187427189671639e+00,0.0000000000000000e+00,1.2201481949956747e+01,3.4930619733919333e+00,1.6187427189671639e+00,1.2672498006769088e+00,0.0000000000000000e+00,0.0000000000000000e+00,3.1415926535897931e+00,0.0000000000000000e+00,6.4162250719990011e-01,2.9976701323364230e+00,7.5748833957384396e-02,1.2752255807207320e+00,2.9794607158196400e+00
max_c_e_gamma_mixing_angles_polarization_05_local_minimum_827,C_e_gamma,polarization_cluster_05_local_minimum_827,2.1059628629999527e+00,3.0016015057689911e+00,p,1.8708746591391969e+00,0.0000000000000000e+00,0.0000000000000000e+00,1.6187427189671639e+00,1.6187427189671639e+00,0.0000000000000000e+00,1.2201481949956747e+01,3.4930619733919333e+00,1.6187427189671639e+00,1.2672498006769088e+00,0.0000000000000000e+00,0.0000000000000000e+00,3.1415926535897931e+00,0.0000000000000000e+00,6.4162250719990011e-01,2.9976701323364230e+00,7.5748833957384396e-02,1.2752255807207320e+00,2.9794607158196400e+00
max_c_e_gamma_mixing_angles_polarization_05_local_minimum_827,C_e_gamma,polarization_cluster_05_local_minimum_827,2.1059628629999527e+00,3.0016015057689911e+00,kp,6.4120515572438352e-01,-5.7576706774976394e-01,-8.6920625681846303e-02,2.4681460236409647e-01,6.3244000459666683e-01,3.2914261482174587e+00,1.2201481949956747e+01,3.4930619733919333e+00,1.6187427189671639e+00,1.2672498006769088e+00,0.0000000000000000e+00,0.0000000000000000e+00,3.1415926535897931e+00,0.0000000000000000e+00,6.4162250719990011e-01,2.9976701323364230e+00,7.5748833957384396e-02,1.2752255807207320e+00,2.9794607158196400e+00
max_c_e_gamma_mixing_angles_polarization_05_local_minimum_827,C_e_gamma,polarization_cluster_05_local_minimum_827,2.1059628629999527e+00,3.0016015057689911e+00,pp,1.5766312369465680e+00,7.5626912149165859e-01,5.7396323978435755e-02,1.0152264452759603e+00,1.2672498006769088e+00,7.5748833957384396e-02,1.2201481949956747e+01,3.4930619733919333e+00,1.6187427189671639e+00,1.2672498006769088e+00,0.0000000000000000e+00,0.0000000000000000e+00,3.1415926535897931e+00,0.0000000000000000e+00,6.4162250719990011e-01,2.9976701323364230e+00,7.5748833957384396e-02,1.2752255807207320e+00,2.9794607158196400e+00
max_c_e_gamma_mixing_angles_polarization_05_local_minimum_827,C_e_gamma,polarization_cluster_05_local_minimum_827,2.1059628629999527e+00,3.0016015057689911e+00,qout,1.2752255807207320e+00,-1.8050205374189471e-01,2.9524301703410544e-02,-1.2620410476400568e+00,1.2752255807207318e+00,2.9794607158196400e+00,1.2201481949956747e+01,3.4930619733919333e+00,1.6187427189671639e+00,1.2672498006769088e+00,0.0000000000000000e+00,0.0000000000000000e+00,3.1415926535897931e+00,0.0000000000000000e+00,6.4162250719990011e-01,2.9976701323364230e+00,7.5748833957384396e-02,1.2752255807207320e+00,2.9794607158196400e+00
max_c_e_gamma_mixing_angles_polarization_05_local_minimum_838,C_e_gamma,polarization_cluster_05_local_minimum_838,1.8162422403640295e+00,3.0116170001801552e+00,k,2.4131319692313298e+00,0.0000000000000000e+00,0.0000000000000000e+00,-2.4108177468678500e+00,2.4108177468678500e+00,0.0000000000000000e+00,2.5000000000000000e+01,5.0000000000000000e+00,2.4108177468678500e+00,1.5688909346317814e+00,0.0000000000000000e+00,0.0000000000000000e+00,3.1415926535897931e+00,0.0000000000000000e+00,1.6930916852204070e+00,2.0460024669335413e+00,6.2535533931499199e+00,1.9494192531039125e+00,3.4349617062462170e+00
max_c_e_gamma_mixing_angles_polarization_05_local_minimum_838,C_e_gamma,polarization_cluster_05_local_minimum_838,1.8162422403640295e+00,3.0116170001801552e+00,p,2.5868680307686698e+00,0.0000000000000000e+00,0.0000000000000000e+00,2.4108177468678500e+00,2.4108177468678500e+00,0.0000000000000000e+00,2.5000000000000000e+01,5.0000000000000000e+00,2.4108177468678500e+00,1.5688909346317814e+00,0.0000000000000000e+00,0.0000000000000000e+00,3.1415926535897931e+00,0.0000000000000000e+00,1.6930916852204070e+00,2.0460024669335413e+00,6.2535533931499199e+00,1.9494192531039125e+00,3.4349617062462170e+00
max_c_e_gamma_mixing_angles_polarization_05_local_minimum_838,C_e_gamma,polarization_cluster_05_local_minimum_838,1.8162422403640295e+00,3.0116170001801552e+00,kp,1.2226686142250072e+00,1.0287055545509904e-01,5.4740403679326033e-01,1.0832918892064145e+00,1.2180947614605362e+00,1.3850384567115057e+00,2.5000000000000000e+01,5.0000000000000000e+00,2.4108177468678500e+00,1.5688909346317814e+00,0.0000000000000000e+00,0.0000000000000000e+00,3.1415926535897931e+00,0.0000000000000000e+00,1.6930916852204070e+00,2.0460024669335413e+00,6.2535533931499199e+00,1.9494192531039125e+00,3.4349617062462170e+00
max_c_e_gamma_mixing_angles_polarization_05_local_minimum_838,C_e_gamma,polarization_cluster_05_local_minimum_838,1.8162422403640295e+00,3.0116170001801552e+00,pp,1.8279121326720780e+00,1.5564896738528020e+00,-4.6135272024419624e-02,-1.9139016859445884e-01,1.5688909346317814e+00,6.2535533931499199e+00,2.5000000000000000e+01,5.0000000000000000e+00,2.4108177468678500e+00,1.5688909346317814e+00,0.0000000000000000e+00,0.0000000000000000e+00,3.1415926535897931e+00,0.0000000000000000e+00,1.6930916852204070e+00,2.0460024669335413e+00,6.2535533931499199e+00,1.9494192531039125e+00,3.4349617062462170e+00
max_c_e_gamma_mixing_angles_polarization_05_local_minimum_838,C_e_gamma,polarization_cluster_05_local_minimum_838,1.8162422403640295e+00,3.0116170001801552e+00,qout,1.9494192531039125e+00,-1.6593602293079011e+00,-5.0126876476884075e-01,-8.9190172061195572e-01,1.9494192531039125e+00,3.4349617062462166e+00,2.5000000000000000e+01,5.0000000000000000e+00,2.4108177468678500e+00,1.5688909346317814e+00,0.0000000000000000e+00,0.0000000000000000e+00,3.1415926535897931e+00,0.0000000000000000e+00,1.6930916852204070e+00,2.0460024669335413e+00,6.2535533931499199e+00,1.9494192531039125e+00,3.4349617062462170e+00
max_c_e_gamma_mixing_angles_polarization_05_local_minimum_840,C_e_gamma,polarization_cluster_05_local_minimum_840,1.3004564005819139e+00,3.0031151451714013e+00,k,2.4131319692313298e+00,0.0000000000000000e+00,0.0000000000000000e+00,-2.4108177468678500e+00,2.4108177468678500e+00,0.0000000000000000e+00,2.5000000000000000e+01,5.0000000000000000e+00,2.4108177468678500e+00,1.5766184906351555e+00,0.0000000000000000e+00,0.0000000000000000e+00,3.1415926535897931e+00,0.0000000000000000e+00,1.5915911708739852e+00,1.9883751919205483e+00,6.2581324227929906e+00,2.0296239639078721e+00,3.5195506635435394e+00
max_c_e_gamma_mixing_angles_polarization_05_local_minimum_840,C_e_gamma,polarization_cluster_05_local_minimum_840,1.3004564005819139e+00,3.0031151451714013e+00,p,2.5868680307686698e+00,0.0000000000000000e+00,0.0000000000000000e+00,2.4108177468678500e+00,2.4108177468678500e+00,0.0000000000000000e+00,2.5000000000000000e+01,5.0000000000000000e+00,2.4108177468678500e+00,1.5766184906351555e+00,0.0000000000000000e+00,0.0000000000000000e+00,3.1415926535897931e+00,0.0000000000000000e+00,1.5915911708739852e+00,1.9883751919205483e+00,6.2581324227929906e+00,2.0296239639078721e+00,3.5195506635435394e+00
max_c_e_gamma_mixing_angles_polarization_05_local_minimum_840,C_e_gamma,polarization_cluster_05_local_minimum_840,1.3004564005819139e+00,3.0031151451714013e+00,kp,1.1358270819858114e+00,1.4850091988776448e-01,7.2410774000710898e-01,8.5589422565722983e-01,1.1309020593575307e+00,1.3685197587334907e+00,2.5000000000000000e+01,5.0000000000000000e+00,2.4108177468678500e+00,1.5766184906351555e+00,0.0000000000000000e+00,0.0000000000000000e+00,3.1415926535897931e+00,0.0000000000000000e+00,1.5915911708739852e+00,1.9883751919205483e+00,6.2581324227929906e+00,2.0296239639078721e+00,3.5195506635435394e+00
max_c_e_gamma_mixing_angles_polarization_05_local_minimum_840,C_e_gamma,polarization_cluster_05_local_minimum_840,1.3004564005819139e+00,3.0031151451714013e+00,pp,1.8345489541063427e+00,1.5757829707687221e+00,-3.9486170056331572e-02,-3.2783172852223728e-02,1.5766184906351555e+00,6.2581324227929906e+00,2.5000000000000000e+01,5.0000000000000000e+00,2.4108177468678500e+00,1.5766184906351555e+00,0.0000000000000000e+00,0.0000000000000000e+00,3.1415926535897931e+00,0.0000000000000000e+00,1.5915911708739852e+00,1.9883751919205483e+00,6.2581324227929906e+00,2.0296239639078721e+00,3.5195506635435394e+00
max_c_e_gamma_mixing_angles_polarization_05_local_minimum_840,C_e_gamma,polarization_cluster_05_local_minimum_840,1.3004564005819139e+00,3.0031151451714013e+00,qout,2.0296239639078721e+00,-1.7242838906564866e+00,-6.8462156995077739e-01,-8.2311105280500607e-01,2.0296239639078721e+00,3.5195506635435390e+00,2.5000000000000000e+01,5.0000000000000000e+00,2.4108177468678500e+00,1.5766184906351555e+00,0.0000000000000000e+00,0.0000000000000000e+00,3.1415926535897931e+00,0.0000000000000000e+00,1.5915911708739852e+00,1.9883751919205483e+00,6.2581324227929906e+00,2.0296239639078721e+00,3.5195506635435394e+00
max_c_e_gamma_mixing_angles_polarization_05_local_minimum_842,C_e_gamma,polarization_cluster_05_local_minimum_842,1.3041402007252518e+00,3.0042037188519193e+00,k,2.4131319692313298e+00,0.0000000000000000e+00,0.0000000000000000e+00,-2.4108177468678500e+00,2.4108177468678500e+00,0.0000000000000000e+00,2.5000000000000000e+01,5.0000000000000000e+00,2.4108177468678500e+00,1.5637220910434735e+00,0.0000000000000000e+00,0.0000000000000000e+00,3.1415926535897931e+00,0.0000000000000000e+00,1.5966462579357978e+00,1.9920200740799061e+00,2.5354317157581716e-02,2.0262963167796251e+00,2.7587310076639913e+00
max_c_e_gamma_mixing_angles_polarization_05_local_minimum_842,C_e_gamma,polarization_cluster_05_local_minimum_842,1.3041402007252518e+00,3.0042037188519193e+00,p,2.5868680307686698e+00,0.0000000000000000e+00,0.0000000000000000e+00,2.4108177468678500e+00,2.4108177468678500e+00,0.0000000000000000e+00,2.5000000000000000e+01,5.0000000000000000e+00,2.4108177468678500e+00,1.5637220910434735e+00,0.0000000000000000e+00,0.0000000000000000e+00,3.1415926535897931e+00,0.0000000000000000e+00,1.5966462579357978e+00,1.9920200740799061e+00,2.5354317157581716e-02,2.0262963167796251e+00,2.7587310076639913e+00
max_c_e_gamma_mixing_angles_polarization_05_local_minimum_842,C_e_gamma,polarization_cluster_05_local_minimum_842,1.3041402007252518e+00,3.0042037188519193e+00,kp,1.1502260228097918e+00,1.5259752408425475e-01,-7.3043832772498796e-01,8.6892465511643247e-01,1.1453629168239789e+00,4.9183391531972154e+00,2.5000000000000000e+01,5.0000000000000000e+00,2.4108177468678500e+00,1.5637220910434735e+00,0.0000000000000000e+00,0.0000000000000000e+00,3.1415926535897931e+00,0.0000000000000000e+00,1.5966462579357978e+00,1.9920200740799061e+00,2.5354317157581716e-02,2.0262963167796251e+00,2.7587310076639913e+00
max_c_e_gamma_mixing_angles_polarization_05_local_minimum_842,C_e_gamma,polarization_cluster_05_local_minimum_842,1.3041402007252518e+00,3.0042037188519193e+00,pp,1.8234776604108351e+00,1.5626972479623764e+00,3.9629613862200853e-02,-4.0417606724318343e-02,1.5637220910434737e+00,2.5354317157581713e-02,2.5000000000000000e+01,5.0000000000000000e+00,2.4108177468678500e+00,1.5637220910434735e+00,0.0000000000000000e+00,0.0000000000000000e+00,3.1415926535897931e+00,0.0000000000000000e+00,1.5966462579357978e+00,1.9920200740799061e+00,2.5354317157581716e-02,2.0262963167796251e+00,2.7587310076639913e+00
max_c_e_gamma_mixing_angles_polarization_05_local_minimum_842,C_e_gamma,polarization_cluster_05_local_minimum_842,1.3041402007252518e+00,3.0042037188519193e+00,qout,2.0262963167796251e+00,-1.7152947720466312e+00,6.9080871386278708e-01,-8.2850704839211409e-01,2.0262963167796251e+00,2.7587310076639913e+00,2.5000000000000000e+01,5.0000000000000000e+00,2.4108177468678500e+00,1.5637220910434735e+00,0.0000000000000000e+00,0.0000000000000000e+00,3.1415926535897931e+00,0.0000000000000000e+00,1.5966462579357978e+00,1.9920200740799061e+00,2.5354317157581716e-02,2.0262963167796251e+00,2.7587310076639913e+00
max_c_e_gamma_mixing_angles_polarization_05_local_minimum_853,C_e_gamma,polarization_cluster_05_local_minimum_853,1.9992049766285780e+00,2.9830205571324120e+00,k,2.2013044733021032e+00,0.0000000000000000e+00,0.0000000000000000e+00,-2.1987673118969524e+00,2.1987673118969524e+00,0.0000000000000000e+00,2.1084536630597331e+01,4.5917901335532889e+00,2.1987673118969524e+00,1.4739055760888600e+00,0.0000000000000000e+00,0.0000000000000000e+00,3.1415926535897931e+00,0.0000000000000000e+00,8.1982304218397883e-01,2.9246783377658745e+00,6.2192677119840205e+00,1.7920393371899819e+00,3.4739169143322344e+00
max_c_e_gamma_mixing_angles_polarization_05_local_minimum_853,C_e_gamma,polarization_cluster_05_local_minimum_853,1.9992049766285780e+00,2.9830205571324120e+00,p,2.3904856602511861e+00,0.0000000000000000e+00,0.0000000000000000e+00,2.1987673118969524e+00,2.1987673118969524e+00,0.0000000000000000e+00,2.1084536630597331e+01,4.5917901335532889e+00,2.1987673118969524e+00,1.4739055760888600e+00,0.0000000000000000e+00,0.0000000000000000e+00,3.1415926535897931e+00,0.0000000000000000e+00,8.1982304218397883e-01,2.9246783377658745e+00,6.2192677119840205e+00,1.7920393371899819e+00,3.4739169143322344e+00
max_c_e_gamma_mixing_angles_polarization_05_local_minimum_853,C_e_gamma,polarization_cluster_05_local_minimum_853,1.9992049766285780e+00,2.9830205571324120e+00,kp,1.0526842128509106e+00,-7.1068565485482460e-01,1.9464581390312685e-01,7.4432470520989757e-01,1.0473683018271283e+00,2.8742637721122768e+00,2.1084536630597331e+01,4.5917901335532889e+00,2.1987673118969524e+00,1.4739055760888600e+00,0.0000000000000000e+00,0.0000000000000000e+00,3.1415926535897931e+00,0.0000000000000000e+00,8.1982304218397883e-01,2.9246783377658745e+00,6.2192677119840205e+00,1.7920393371899819e+00,3.4739169143322344e+00
max_c_e_gamma_mixing_angles_polarization_05_local_minimum_853,C_e_gamma,polarization_cluster_05_local_minimum_853,1.9992049766285780e+00,2.9830205571324120e+00,pp,1.7470665835124413e+00,1.0752617480722071e+00,-6.8821893687019270e-02,1.0057203226085611e+00,1.4739055760888600e+00,6.2192677119840205e+00,2.1084536630597331e+01,4.5917901335532889e+00,2.1987673118969524e+00,1.4739055760888600e+00,0.0000000000000000e+00,0.0000000000000000e+00,3.1415926535897931e+00,0.0000000000000000e+00,8.1982304218397883e-01,2.9246783377658745e+00,6.2192677119840205e+00,1.7920393371899819e+00,3.4739169143322344e+00
max_c_e_gamma_mixing_angles_polarization_05_local_minimum_853,C_e_gamma,polarization_cluster_05_local_minimum_853,1.9992049766285780e+00,2.9830205571324120e+00,qout,1.7920393371899819e+00,-3.6457609321738244e-01,-1.2582392021610758e-01,-1.7500450278184587e+00,1.7920393371899817e+00,3.4739169143322339e+00,2.1084536630597331e+01,4.5917901335532889e+00,2.1987673118969524e+00,1.4739055760888600e+00,0.0000000000000000e+00,0.0000000000000000e+00,3.1415926535897931e+00,0.0000000000000000e+00,8.1982304218397883e-01,2.9246783377658745e+00,6.2192677119840205e+00,1.7920393371899819e+00,3.4739169143322344e+00
max_c_e_gamma_mixing_angles_polarization_05_local_minimum_858,C_e_gamma,polarization_cluster_05_local_minimum_858,1.3022582053019056e+00,3.0035788011219684e+00,k,2.4131319692313298e+00,0.0000000000000000e+00,0.0000000000000000e+00,-2.4108177468678500e+00,2.4108177468678500e+00,0.0000000000000000e+00,2.5000000000000000e+01,5.0000000000000000e+00,2.4108177468678500e+00,1.5513601496240881e+00,0.0000000000000000e+00,0.0000000000000000e+00,3.1415926535897931e+00,0.0000000000000000e+00,1.5783097038617626e+00,2.0104271885463749e+00,2.6951453457583669e-02,2.0296204464510397e+00,2.7548200193787129e+00
max_c_e_gamma_mixing_angles_polarization_05_local_minimum_858,C_e_gamma,polarization_cluster_05_local_minimum_858,1.3022582053019056e+00,3.0035788011219684e+00,p,2.5868680307686698e+00,0.0000000000000000e+00,0.0000000000000000e+00,2.4108177468678500e+00,2.4108177468678500e+00,0.0000000000000000e+00,2.5000000000000000e+01,5.0000000000000000e+00,2.4108177468678500e+00,1.5513601496240881e+00,0.0000000000000000e+00,0.0000000000000000e+00,3.1415926535897931e+00,0.0000000000000000e+00,1.5783097038617626e+00,2.0104271885463749e+00,2.6951453457583669e-02,2.0296204464510397e+00,2.7548200193787129e+00
max_c_e_gamma_mixing_angles_polarization_05_local_minimum_858,C_e_gamma,polarization_cluster_05_local_minimum_858,1.3022582053019056e+00,3.0035788011219684e+00,kp,1.1574917153641764e+00,1.5019955911097704e-01,-7.3458139572135961e-01,8.7547338299135735e-01,1.1526592639732718e+00,4.9140785087063730e+00,2.5000000000000000e+01,5.0000000000000000e+00,2.4108177468678500e+00,1.5513601496240881e+00,0.0000000000000000e+00,0.0000000000000000e+00,3.1415926535897931e+00,0.0000000000000000e+00,1.5783097038617626e+00,2.0104271885463749e+00,2.6951453457583669e-02,2.0296204464510397e+00,2.7548200193787129e+00
max_c_e_gamma_mixing_angles_polarization_05_local_minimum_858,C_e_gamma,polarization_cluster_05_local_minimum_858,1.3022582053019056e+00,3.0035788011219684e+00,pp,1.8128878381857143e+00,1.5507529729025817e+00,4.1805169221623757e-02,-1.1655844106224542e-02,1.5513601496240881e+00,2.6951453457583669e-02,2.5000000000000000e+01,5.0000000000000000e+00,2.4108177468678500e+00,1.5513601496240881e+00,0.0000000000000000e+00,0.0000000000000000e+00,3.1415926535897931e+00,0.0000000000000000e+00,1.5783097038617626e+00,2.0104271885463749e+00,2.6951453457583669e-02,2.0296204464510397e+00,2.7548200193787129e+00
max_c_e_gamma_mixing_angles_polarization_05_local_minimum_858,C_e_gamma,polarization_cluster_05_local_minimum_858,1.3022582053019056e+00,3.0035788011219684e+00,qout,2.0296204464510397e+00,-1.7009525320135588e+00,6.9277622649973580e-01,-8.6381753888513280e-01,2.0296204464510397e+00,2.7548200193787129e+00,2.5000000000000000e+01,5.0000000000000000e+00,2.4108177468678500e+00,1.5513601496240881e+00,0.0000000000000000e+00,0.0000000000000000e+00,3.1415926535897931e+00,0.0000000000000000e+00,1.5783097038617626e+00,2.0104271885463749e+00,2.6951453457583669e-02,2.0296204464510397e+00,2.7548200193787129e+00
max_c_e_gamma_mixing_angles_polarization_05_local_minimum_867,C_e_gamma,polarization_cluster_05_local_minimum_867,1.5717217818014309e+00,3.1411587173142066e+00,k,1.7001759476916818e+00,0.0000000000000000e+00,0.0000000000000000e+00,-1.6968896725468068e+00,1.6968896725468068e+00,0.0000000000000000e+00,1.3242771183084370e+01,3.6390618548032911e+00,1.6968896725468068e+00,1.6967983670147309e+00,0.0000000000000000e+00,0.0000000000000000e+00,3.1415926535897931e+00,0.0000000000000000e+00,3.1379782921068520e+00,0.0000000000000000e+00,6.2831669197082727e+00,8.3836729970161339e-02,2.3994041099143564e+00
max_c_e_gamma_mixing_angles_polarization_05_local_minimum_867,C_e_gamma,polarization_cluster_05_local_minimum_867,1.5717217818014309e+00,3.1411587173142066e+00,p,1.9388859071116096e+00,0.0000000000000000e+00,0.0000000000000000e+00,1.6968896725468068e+00,1.6968896725468068e+00,0.0000000000000000e+00,1.3242771183084370e+01,3.6390618548032911e+00,1.6968896725468068e+00,1.6967983670147309e+00,0.0000000000000000e+00,0.0000000000000000e+00,3.1415926535897931e+00,0.0000000000000000e+00,3.1379782921068520e+00,0.0000000000000000e+00,6.2831669197082727e+00,8.3836729970161339e-02,2.3994041099143564e+00
max_c_e_gamma_mixing_angles_polarization_05_local_minimum_867,C_e_gamma,polarization_cluster_05_local_minimum_867,1.5717217818014309e+00,3.1411587173142066e+00,kp,1.6164191267241750e+00,-6.1328293081846213e-03,1.1276722298936869e-07,1.6129505539014857e+00,1.6129622131117782e+00,3.1415742661184796e+00,1.3242771183084370e+01,3.6390618548032911e+00,1.6968896725468068e+00,1.6967983670147309e+00,0.0000000000000000e+00,0.0000000000000000e+00,3.1415926535897931e+00,0.0000000000000000e+00,3.1379782921068520e+00,0.0000000000000000e+00,6.2831669197082727e+00,8.3836729970161339e-02,2.3994041099143564e+00
max_c_e_gamma_mixing_angles_polarization_05_local_minimum_867,C_e_gamma,polarization_cluster_05_local_minimum_867,1.5717217818014309e+00,3.1411587173142066e+00,pp,1.9388059981091088e+00,6.1328293081846213e-03,-1.1276722298936869e-07,-1.6967872838716469e+00,1.6967983670147309e+00,6.2831669197082727e+00,1.3242771183084370e+01,3.6390618548032911e+00,1.6968896725468068e+00,1.6967983670147309e+00,0.0000000000000000e+00,0.0000000000000000e+00,3.1415926535897931e+00,0.0000000000000000e+00,3.1379782921068520e+00,0.0000000000000000e+00,6.2831669197082727e+00,8.3836729970161339e-02,2.3994041099143564e+00
max_c_e_gamma_mixing_angles_polarization_05_local_minimum_867,C_e_gamma,polarization_cluster_05_local_minimum_867,1.5717217818014309e+00,3.1411587173142066e+00,qout,8.3836729970161339e-02,-0.0000000000000000e+00,0.0000000000000000e+00,8.3836729970161339e-02,8.3836729970161339e-02,3.1415926535897931e+00,1.3242771183084370e+01,3.6390618548032911e+00,1.6968896725468068e+00,1.6967983670147309e+00,0.0000000000000000e+00,0.0000000000000000e+00,3.1415926535897931e+00,0.0000000000000000e+00,3.1379782921068520e+00,0.0000000000000000e+00,6.2831669197082727e+00,8.3836729970161339e-02,2.3994041099143564e+00
max_c_e_gamma_mixing_angles_polarization_05_local_minimum_869,C_e_gamma,polarization_cluster_05_local_minimum_869,1.5438609238421694e+00,3.1024906819087650e+00,k,2.3874502938983317e+00,0.0000000000000000e+00,0.0000000000000000e+00,-2.3851111532844609e+00,2.3851111532844609e+00,0.0000000000000000e+00,2.4506243862649182e+01,4.9503781534999103e+00,2.3851111532844609e+00,2.3797621070655586e+00,0.0000000000000000e+00,0.0000000000000000e+00,3.1415926535897931e+00,0.0000000000000000e+00,2.8002991978642733e+00,3.5330757189367606e-01,3.8324966141598501e-03,1.8951574559286273e+00,3.1799122523801491e+00
max_c_e_gamma_mixing_angles_polarization_05_local_minimum_869,C_e_gamma,polarization_cluster_05_local_minimum_869,1.5438609238421694e+00,3.1024906819087650e+00,p,2.5629278596015790e+00,0.0000000000000000e+00,0.0000000000000000e+00,2.3851111532844609e+00,2.3851111532844609e+00,0.0000000000000000e+00,2.4506243862649182e+01,4.9503781534999103e+00,2.3851111532844609e+00,2.3797621070655586e+00,0.0000000000000000e+00,0.0000000000000000e+00,3.1415926535897931e+00,0.0000000000000000e+00,2.8002991978642733e+00,3.5330757189367606e-01,3.8324966141598501e-03,1.8951574559286273e+00,3.1799122523801491e+00
max_c_e_gamma_mixing_angles_polarization_05_local_minimum_869,C_e_gamma,polarization_cluster_05_local_minimum_869,1.5438609238421694e+00,3.1024906819087650e+00,kp,4.9727001661172421e-01,-1.4126660890227538e-01,2.2068508295022042e-02,4.6440338420236515e-01,4.8591540118391541e-01,2.9866263117738723e+00,2.4506243862649182e+01,4.9503781534999103e+00,2.3851111532844609e+00,2.3797621070655586e+00,0.0000000000000000e+00,0.0000000000000000e+00,3.1415926535897931e+00,0.0000000000000000e+00,2.8002991978642733e+00,3.5330757189367606e-01,3.8324966141598501e-03,1.8951574559286273e+00,3.1799122523801491e+00
max_c_e_gamma_mixing_angles_polarization_05_local_minimum_869,C_e_gamma,polarization_cluster_05_local_minimum_869,1.5438609238421694e+00,3.1024906819087650e+00,pp,2.5579506809602695e+00,7.9651533982249090e-01,3.0526572888516295e-03,-2.2425034405628113e+00,2.3797621070655586e+00,3.8324966141598505e-03,2.4506243862649182e+01,4.9503781534999103e+00,2.3851111532844609e+00,2.3797621070655586e+00,0.0000000000000000e+00,0.0000000000000000e+00,3.1415926535897931e+00,0.0000000000000000e+00,2.8002991978642733e+00,3.5330757189367606e-01,3.8324966141598501e-03,1.8951574559286273e+00,3.1799122523801491e+00
max_c_e_gamma_mixing_angles_polarization_05_local_minimum_869,C_e_gamma,polarization_cluster_05_local_minimum_869,1.5438609238421694e+00,3.1024906819087650e+00,qout,1.8951574559286273e+00,-6.5524873092021552e-01,-2.5121165583873672e-02,1.7781000563604461e+00,1.8951574559286275e+00,3.1799122523801486e+00,2.4506243862649182e+01,4.9503781534999103e+00,2.3851111532844609e+00,2.3797621070655586e+00,0.0000000000000000e+00,0.0000000000000000e+00,3.1415926535897931e+00,0.0000000000000000e+00,2.8002991978642733e+00,3.5330757189367606e-01,3.8324966141598501e-03,1.8951574559286273e+00,3.1799122523801491e+00
max_c_e_gamma_mixing_angles_polarization_05_local_minimum_872,C_e_gamma,polarization_cluster_05_local_minimum_872,1.9398130545986547e+00,2.9899251631948669e+00,k,2.3205673243185196e+00,0.0000000000000000e+00,0.0000000000000000e+00,-2.3181606964103061e+00,2.3181606964103061e+00,0.0000000000000000e+00,2.3245028350881178e+01,4.8213098169357655e+00,2.3181606964103061e+00,1.4208331128819434e+00,0.0000000000000000e+00,0.0000000000000000e+00,3.1415926535897931e+00,0.0000000000000000e+00,9.7448306875277080e-01,2.8953033993482471e+00,6.2229598560666650e+00,1.8509023479992452e+00,3.4657545303152535e+00
max_c_e_gamma_mixing_angles_polarization_05_local_minimum_872,C_e_gamma,polarization_cluster_05_local_minimum_872,1.9398130545986547e+00,2.9899251631948669e+00,p,2.5007424926172459e+00,0.0000000000000000e+00,0.0000000000000000e+00,2.3181606964103061e+00,2.3181606964103061e+00,0.0000000000000000e+00,2.3245028350881178e+01,4.8213098169357655e+00,2.3181606964103061e+00,1.4208331128819434e+00,0.0000000000000000e+00,0.0000000000000000e+00,3.1415926535897931e+00,0.0000000000000000e+00,9.7448306875277080e-01,2.8953033993482471e+00,6.2229598560666650e+00,1.8509023479992452e+00,3.4657545303152535e+00
max_c_e_gamma_mixing_angles_polarization_05_local_minimum_872,C_e_gamma,polarization_cluster_05_local_minimum_872,1.9398130545986547e+00,2.9899251631948669e+00,kp,1.2678767835565088e+00,-7.4572247580078865e-01,2.1449277223192137e-01,9.9711518176894010e-01,1.2634665986753664e+00,2.8615219965972907e+00,2.3245028350881178e+01,4.8213098169357655e+00,2.3181606964103061e+00,1.4208331128819434e+00,0.0000000000000000e+00,0.0000000000000000e+00,3.1415926535897931e+00,0.0000000000000000e+00,9.7448306875277080e-01,2.8953033993482471e+00,6.2229598560666650e+00,1.8509023479992452e+00,3.4657545303152535e+00
max_c_e_gamma_mixing_angles_polarization_05_local_minimum_872,C_e_gamma,polarization_cluster_05_local_minimum_872,1.9398130545986547e+00,2.9899251631948669e+00,pp,1.7025306853803819e+00,1.1734825371803479e+00,-7.0759086079346098e-02,7.9793397053376713e-01,1.4208331128819434e+00,6.2229598560666650e+00,2.3245028350881178e+01,4.8213098169357655e+00,2.3181606964103061e+00,1.4208331128819434e+00,0.0000000000000000e+00,0.0000000000000000e+00,3.1415926535897931e+00,0.0000000000000000e+00,9.7448306875277080e-01,2.8953033993482471e+00,6.2229598560666650e+00,1.8509023479992452e+00,3.4657545303152535e+00
max_c_e_gamma_mixing_angles_polarization_05_local_minimum_872,C_e_gamma,polarization_cluster_05_local_minimum_872,1.9398130545986547e+00,2.9899251631948669e+00,qout,1.8509023479992452e+00,-4.2776006137955924e-01,-1.4373368615257529e-01,-1.7950491523027072e+00,1.8509023479992452e+00,3.4657545303152535e+00,2.3245028350881178e+01,4.8213098169357655e+00,2.3181606964103061e+00,1.4208331128819434e+00,0.0000000000000000e+00,0.0000000000000000e+00,3.1415926535897931e+00,0.0000000000000000e+00,9.7448306875277080e-01,2.8953033993482471e+00,6.2229598560666650e+00,1.8509023479992452e+00,3.4657545303152535e+00
max_c_e_gamma_mixing_angles_polarization_05_local_minimum_874,C_e_gamma,polarization_cluster_05_local_minimum_874,1.3053527032750625e+00,3.0043966255188286e+00,k,2.4131319692313298e+00,0.0000000000000000e+00,0.0000000000000000e+00,-2.4108177468678500e+00,2.4108177468678500e+00,0.0000000000000000e+00,2.5000000000000000e+01,5.0000000000000000e+00,2.4108177468678500e+00,1.5172613687946068e+00,0.0000000000000000e+00,0.0000000000000000e+00,3.1415926535897931e+00,0.0000000000000000e+00,1.5615909066890989e+00,2.0395689210336179e+00,2.9351938294737954e-02,2.0296237454904067e+00,2.7430880215211015e+00
max_c_e_gamma_mixing_angles_polarization_05_local_minimum_874,C_e_gamma,polarization_cluster_05_local_minimum_874,1.3053527032750625e+00,3.0043966255188286e+00,p,2.5868680307686698e+00,0.0000000000000000e+00,0.0000000000000000e+00,2.4108177468678500e+00,2.4108177468678500e+00,0.0000000000000000e+00,2.5000000000000000e+01,5.0000000000000000e+00,2.4108177468678500e+00,1.5172613687946068e+00,0.0000000000000000e+00,0.0000000000000000e+00,3.1415926535897931e+00,0.0000000000000000e+00,1.5615909066890989e+00,2.0395689210336179e+00,2.9351938294737954e-02,2.0296237454904067e+00,2.7430880215211015e+00
max_c_e_gamma_mixing_angles_polarization_05_local_minimum_874,C_e_gamma,polarization_cluster_05_local_minimum_874,1.3053527032750625e+00,3.0043966255188286e+00,kp,1.1865808454901334e+00,1.5225110033058664e-01,-7.4714167127448328e-01,9.0300018608197341e-01,1.1818673405127924e+00,4.9134146625491706e+00,2.5000000000000000e+01,5.0000000000000000e+00,2.4108177468678500e+00,1.5172613687946068e+00,0.0000000000000000e+00,0.0000000000000000e+00,3.1415926535897931e+00,0.0000000000000000e+00,1.5615909066890989e+00,2.0395689210336179e+00,2.9351938294737954e-02,2.0296237454904067e+00,2.7430880215211015e+00
max_c_e_gamma_mixing_angles_polarization_05_local_minimum_874,C_e_gamma,polarization_cluster_05_local_minimum_874,1.3053527032750625e+00,3.0043966255188286e+00,pp,1.7837954090187820e+00,1.5165435698210181e+00,4.4526281019354658e-02,1.3966831050451517e-02,1.5172613687946068e+00,2.9351938294737954e-02,2.5000000000000000e+01,5.0000000000000000e+00,2.4108177468678500e+00,1.5172613687946068e+00,0.0000000000000000e+00,0.0000000000000000e+00,3.1415926535897931e+00,0.0000000000000000e+00,1.5615909066890989e+00,2.0395689210336179e+00,2.9351938294737954e-02,2.0296237454904067e+00,2.7430880215211015e+00
max_c_e_gamma_mixing_angles_polarization_05_local_minimum_874,C_e_gamma,polarization_cluster_05_local_minimum_874,1.3053527032750625e+00,3.0043966255188286e+00,qout,2.0296237454904067e+00,-1.6687946701516048e+00,7.0261539025512865e-01,-9.1696701713242490e-01,2.0296237454904067e+00,2.7430880215211015e+00,2.5000000000000000e+01,5.0000000000000000e+00,2.4108177468678500e+00,1.5172613687946068e+00,0.0000000000000000e+00,0.0000000000000000e+00,3.1415926535897931e+00,0.0000000000000000e+00,1.5615909066890989e+00,2.0395689210336179e+00,2.9351938294737954e-02,2.0296237454904067e+00,2.7430880215211015e+00
max_c_e_gamma_mixing_angles_polarization_05_local_minimum_875,C_e_gamma,polarization_cluster_05_local_minimum_875,1.8536577848685163e+00,3.0008581846124236e+00,k,2.4131319692313298e+00,0.0000000000000000e+00,0.0000000000000000e+00,-2.4108177468678500e+00,2.4108177468678500e+00,0.0000000000000000e+00,2.5000000000000000e+01,5.0000000000000000e+00,2.4108177468678500e+00,1.5753662571182758e+00,0.0000000000000000e+00,0.0000000000000000e+00,3.1415926535897931e+00,0.0000000000000000e+00,1.5498056616511091e+00,2.1140764228988314e+00,6.2425981338908985e+00,2.0296190960207272e+00,3.3871261726762971e+00
max_c_e_gamma_mixing_angles_polarization_05_local_minimum_875,C_e_gamma,polarization_cluster_05_local_minimum_875,1.8536577848685163e+00,3.0008581846124236e+00,p,2.5868680307686698e+00,0.0000000000000000e+00,0.0000000000000000e+00,2.4108177468678500e+00,2.4108177468678500e+00,0.0000000000000000e+00,2.5000000000000000e+01,5.0000000000000000e+00,2.4108177468678500e+00,1.5753662571182758e+00,0.0000000000000000e+00,0.0000000000000000e+00,3.1415926535897931e+00,0.0000000000000000e+00,1.5498056616511091e+00,2.1140764228988314e+00,6.2425981338908985e+00,2.0296190960207272e+00,3.3871261726762971e+00
max_c_e_gamma_mixing_angles_polarization_05_local_minimum_875,C_e_gamma,polarization_cluster_05_local_minimum_875,1.8536577848685163e+00,3.0008581846124236e+00,kp,1.1369080124240849e+00,1.1155949055973724e-01,4.8622209754985790e-01,1.0161391087449851e+00,1.1319876926896266e+00,1.3452585151806216e+00,2.5000000000000000e+01,5.0000000000000000e+00,2.4108177468678500e+00,1.5753662571182758e+00,0.0000000000000000e+00,0.0000000000000000e+00,3.1415926535897931e+00,0.0000000000000000e+00,1.5498056616511091e+00,2.1140764228988314e+00,6.2425981338908985e+00,2.0296190960207272e+00,3.3871261726762971e+00
max_c_e_gamma_mixing_angles_polarization_05_local_minimum_875,C_e_gamma,polarization_cluster_05_local_minimum_875,1.8536577848685163e+00,3.0008581846124236e+00,pp,1.8334728915549434e+00,1.5737221091829721e+00,-6.3908028103352041e-02,3.3065557298861951e-02,1.5753662571182758e+00,6.2425981338908985e+00,2.5000000000000000e+01,5.0000000000000000e+00,2.4108177468678500e+00,1.5753662571182758e+00,0.0000000000000000e+00,0.0000000000000000e+00,3.1415926535897931e+00,0.0000000000000000e+00,1.5498056616511091e+00,2.1140764228988314e+00,6.2425981338908985e+00,2.0296190960207272e+00,3.3871261726762971e+00
max_c_e_gamma_mixing_angles_polarization_05_local_minimum_875,C_e_gamma,polarization_cluster_05_local_minimum_875,1.8536577848685163e+00,3.0008581846124236e+00,qout,2.0296190960207272e+00,-1.6852815997427093e+00,-4.2231406944650585e-01,-1.0492046660438470e+00,2.0296190960207272e+00,3.3871261726762967e+00,2.5000000000000000e+01,5.0000000000000000e+00,2.4108177468678500e+00,1.5753662571182758e+00,0.0000000000000000e+00,0.0000000000000000e+00,3.1415926535897931e+00,0.0000000000000000e+00,1.5498056616511091e+00,2.1140764228988314e+00,6.2425981338908985e+00,2.0296190960207272e+00,3.3871261726762971e+00
max_c_e_gamma_mixing_angles_polarization_05_local_minimum_877,C_e_gamma,polarization_cluster_05_local_minimum_877,1.9985491490968237e+00,2.9904017505212925e+00,k,2.0687217886920877e+00,0.0000000000000000e+00,0.0000000000000000e+00,-2.0660218166070008e+00,2.0660218166070008e+00,0.0000000000000000e+00,1.8815694863284708e+01,4.3377061753056427e+00,2.0660218166070008e+00,1.3922000899829161e+00,0.0000000000000000e+00,0.0000000000000000e+00,3.1415926535897931e+00,0.0000000000000000e+00,8.0588013756075905e-01,2.9175476766726218e+00,7.8329645586712987e-02,1.6768702991024245e+00,2.6861624263188517e+00
max_c_e_gamma_mixing_angles_polarization_05_local_minimum_877,C_e_gamma,polarization_cluster_05_local_minimum_877,1.9985491490968237e+00,2.9904017505212925e+00,p,2.2689843866135551e+00,0.0000000000000000e+00,0.0000000000000000e+00,2.0660218166070008e+00,2.0660218166070008e+00,0.0000000000000000e+00,1.8815694863284708e+01,4.3377061753056427e+00,2.0660218166070008e+00,1.3922000899829161e+00,0.0000000000000000e+00,0.0000000000000000e+00,3.1415926535897931e+00,0.0000000000000000e+00,8.0588013756075905e-01,2.9175476766726218e+00,7.8329645586712987e-02,1.6768702991024245e+00,2.6861624263188517e+00
max_c_e_gamma_mixing_angles_polarization_05_local_minimum_877,C_e_gamma,polarization_cluster_05_local_minimum_877,1.9985491490968237e+00,2.9904017505212925e+00,kp,9.8212652359167962e-01,-6.6672480834959558e-01,-2.4246271976009015e-01,6.7089393758381366e-01,9.7642655434445202e-01,3.4903866205659679e+00,1.8815694863284708e+01,4.3377061753056427e+00,2.0660218166070008e+00,1.3922000899829161e+00,0.0000000000000000e+00,0.0000000000000000e+00,3.1415926535897931e+00,0.0000000000000000e+00,8.0588013756075905e-01,2.9175476766726218e+00,7.8329645586712987e-02,1.6768702991024245e+00,2.6861624263188517e+00
max_c_e_gamma_mixing_angles_polarization_05_local_minimum_877,C_e_gamma,polarization_cluster_05_local_minimum_877,1.9985491490968237e+00,2.9904017505212925e+00,pp,1.6787093526124288e+00,1.0013097283590142e+00,7.8593038667707130e-02,9.6406589645885354e-01,1.3922000899829161e+00,7.8329645586712987e-02,1.8815694863284708e+01,4.3377061753056427e+00,2.0660218166070008e+00,1.3922000899829161e+00,0.0000000000000000e+00,0.0000000000000000e+00,3.1415926535897931e+00,0.0000000000000000e+00,8.0588013756075905e-01,2.9175476766726218e+00,7.8329645586712987e-02,1.6768702991024245e+00,2.6861624263188517e+00
max_c_e_gamma_mixing_angles_polarization_05_local_minimum_877,C_e_gamma,polarization_cluster_05_local_minimum_877,1.9985491490968237e+00,2.9904017505212925e+00,qout,1.6768702991024245e+00,-3.3458492000941870e-01,1.6386968109238303e-01,-1.6349598340426672e+00,1.6768702991024245e+00,2.6861624263188517e+00,1.8815694863284708e+01,4.3377061753056427e+00,2.0660218166070008e+00,1.3922000899829161e+00,0.0000000000000000e+00,0.0000000000000000e+00,3.1415926535897931e+00,0.0000000000000000e+00,8.0588013756075905e-01,2.9175476766726218e+00,7.8329645586712987e-02,1.6768702991024245e+00,2.6861624263188517e+00
max_c_e_gamma_mixing_angles_polarization_05_local_minimum_885,C_e_gamma,polarization_cluster_05_local_minimum_885,1.3194665220716106e+00,3.0085702738794931e+00,k,2.4131319692313298e+00,0.0000000000000000e+00,0.0000000000000000e+00,-2.4108177468678500e+00,2.4108177468678500e+00,0.0000000000000000e+00,2.5000000000000000e+01,5.0000000000000000e+00,2.4108177468678500e+00,1.4756024383177646e+00,0.0000000000000000e+00,0.0000000000000000e+00,3.1415926535897931e+00,0.0000000000000000e+00,1.5866898599126622e+00,2.0494067889126359e+00,2.9314499905305005e-02,2.0128650669237724e+00,2.7218201329639200e+00
max_c_e_gamma_mixing_angles_polarization_05_local_minimum_885,C_e_gamma,polarization_cluster_05_local_minimum_885,1.3194665220716106e+00,3.0085702738794931e+00,p,2.5868680307686698e+00,0.0000000000000000e+00,0.0000000000000000e+00,2.4108177468678500e+00,2.4108177468678500e+00,0.0000000000000000e+00,2.5000000000000000e+01,5.0000000000000000e+00,2.4108177468678500e+00,1.4756024383177646e+00,0.0000000000000000e+00,0.0000000000000000e+00,3.1415926535897931e+00,0.0000000000000000e+00,1.5866898599126622e+00,2.0494067889126359e+00,2.9314499905305005e-02,2.0128650669237724e+00,2.7218201329639200e+00
max_c_e_gamma_mixing_angles_polarization_05_local_minimum_885,C_e_gamma,polarization_cluster_05_local_minimum_885,1.3194665220716106e+00,3.0085702738794931e+00,kp,1.2386365613394879e+00,1.5679125369563995e-01,-7.7141566865175748e-01,9.5046894094269241e-01,1.2341218897554698e+00,4.9129088467720283e+00,2.5000000000000000e+01,5.0000000000000000e+00,2.4108177468678500e+00,1.4756024383177646e+00,0.0000000000000000e+00,0.0000000000000000e+00,3.1415926535897931e+00,0.0000000000000000e+00,1.5866898599126622e+00,2.0494067889126359e+00,2.9314499905305005e-02,2.0128650669237724e+00,2.7218201329639200e+00
max_c_e_gamma_mixing_angles_polarization_05_local_minimum_885,C_e_gamma,polarization_cluster_05_local_minimum_885,1.3194665220716106e+00,3.0085702738794931e+00,pp,1.7484983717376839e+00,1.4747821738540225e+00,4.3244889958715733e-02,-2.3451548865575853e-02,1.4756024383177646e+00,2.9314499905305005e-02,2.5000000000000000e+01,5.0000000000000000e+00,2.4108177468678500e+00,1.4756024383177646e+00,0.0000000000000000e+00,0.0000000000000000e+00,3.1415926535897931e+00,0.0000000000000000e+00,1.5866898599126622e+00,2.0494067889126359e+00,2.9314499905305005e-02,2.0128650669237724e+00,2.7218201329639200e+00
max_c_e_gamma_mixing_angles_polarization_05_local_minimum_885,C_e_gamma,polarization_cluster_05_local_minimum_885,1.3194665220716106e+00,3.0085702738794931e+00,qout,2.0128650669237724e+00,-1.6315734275496625e+00,7.2817077869304170e-01,-9.2701739207711653e-01,2.0128650669237724e+00,2.7218201329639200e+00,2.5000000000000000e+01,5.0000000000000000e+00,2.4108177468678500e+00,1.4756024383177646e+00,0.0000000000000000e+00,0.0000000000000000e+00,3.1415926535897931e+00,0.0000000000000000e+00,1.5866898599126622e+00,2.0494067889126359e+00,2.9314499905305005e-02,2.0128650669237724e+00,2.7218201329639200e+00
max_c_e_gamma_mixing_angles_polarization_05_local_minimum_887,C_e_gamma,polarization_cluster_05_local_minimum_887,1.8471266748373587e+00,3.0026450642844136e+00,k,2.4131262493300807e+00,0.0000000000000000e+00,0.0000000000000000e+00,-2.4108120214758686e+00,2.4108120214758686e+00,0.0000000000000000e+00,2.4999889443635453e+01,4.9999889443513226e+00,2.4108120214758686e+00,1.5388228321401751e+00,0.0000000000000000e+00,0.0000000000000000e+00,3.1415926535897931e+00,0.0000000000000000e+00,1.5443509399049531e+00,2.1448031618781238e+00,4.4395059683790157e-02,2.0254786462947290e+00,2.8983418833355494e+00
max_c_e_gamma_mixing_angles_polarization_05_local_minimum_887,C_e_gamma,polarization_cluster_05_local_minimum_887,1.8471266748373587e+00,3.0026450642844136e+00,p,2.5868626950212423e+00,0.0000000000000000e+00,0.0000000000000000e+00,2.4108120214758686e+00,2.4108120214758686e+00,0.0000000000000000e+00,2.4999889443635453e+01,4.9999889443513226e+00,2.4108120214758686e+00,1.5388228321401751e+00,0.0000000000000000e+00,0.0000000000000000e+00,3.1415926535897931e+00,0.0000000000000000e+00,1.5443509399049531e+00,2.1448031618781238e+00,4.4395059683790157e-02,2.0254786462947290e+00,2.8983418833355494e+00
max_c_e_gamma_mixing_angles_polarization_05_local_minimum_887,C_e_gamma,polarization_cluster_05_local_minimum_887,1.8471266748373587e+00,3.0026450642844136e+00,kp,1.1723394657775674e+00,1.1401706826231606e-01,-4.7793700511436488e-01,1.0591470426685385e+00,1.1675684693868420e+00,4.9465727676739748e+00,2.4999889443635453e+01,4.9999889443513226e+00,2.4108120214758686e+00,1.5388228321401751e+00,0.0000000000000000e+00,0.0000000000000000e+00,3.1415926535897931e+00,0.0000000000000000e+00,1.5443509399049531e+00,2.1448031618781238e+00,4.4395059683790157e-02,2.0254786462947290e+00,2.8983418833355494e+00
max_c_e_gamma_mixing_angles_polarization_05_local_minimum_887,C_e_gamma,polarization_cluster_05_local_minimum_887,1.8471266748373587e+00,3.0026450642844136e+00,pp,1.8021708322786465e+00,1.5367690989313834e+00,6.8269813238524976e-02,4.0690021945319371e-02,1.5388228321401751e+00,4.4395059683790157e-02,2.4999889443635453e+01,4.9999889443513226e+00,2.4108120214758686e+00,1.5388228321401751e+00,0.0000000000000000e+00,0.0000000000000000e+00,3.1415926535897931e+00,0.0000000000000000e+00,1.5443509399049531e+00,2.1448031618781238e+00,4.4395059683790157e-02,2.0254786462947290e+00,2.8983418833355494e+00
max_c_e_gamma_mixing_angles_polarization_05_local_minimum_887,C_e_gamma,polarization_cluster_05_local_minimum_887,1.8471266748373587e+00,3.0026450642844136e+00,qout,2.0254786462947290e+00,-1.6507861671936994e+00,4.0966719187583989e-01,-1.0998370646138580e+00,2.0254786462947290e+00,2.8983418833355494e+00,2.4999889443635453e+01,4.9999889443513226e+00,2.4108120214758686e+00,1.5388228321401751e+00,0.0000000000000000e+00,0.0000000000000000e+00,3.1415926535897931e+00,0.0000000000000000e+00,1.5443509399049531e+00,2.1448031618781238e+00,4.4395059683790157e-02,2.0254786462947290e+00,2.8983418833355494e+00
max_c_e_gamma_mixing_angles_polarization_05_local_minimum_888,C_e_gamma,polarization_cluster_05_local_minimum_888,2.0053876013318379e+00,2.9925861692682147e+00,k,1.9728955379196120e+00,0.0000000000000000e+00,0.0000000000000000e+00,-1.9700642403814694e+00,1.9700642403814694e+00,0.0000000000000000e+00,1.7262915312668198e+01,4.1548664614724018e+00,1.9700642403814694e+00,1.3483692097785829e+00,0.0000000000000000e+00,0.0000000000000000e+00,3.1415926535897931e+00,0.0000000000000000e+00,8.0102830427312810e-01,2.9232102824150958e+00,8.3800772806091064e-02,1.5867524168477876e+00,2.7216522059659720e+00
max_c_e_gamma_mixing_angles_polarization_05_local_minimum_888,C_e_gamma,polarization_cluster_05_local_minimum_888,2.0053876013318379e+00,2.9925861692682147e+00,p,2.1819709235527900e+00,0.0000000000000000e+00,0.0000000000000000e+00,1.9700642403814694e+00,1.9700642403814694e+00,0.0000000000000000e+00,1.7262915312668198e+01,4.1548664614724018e+00,1.9700642403814694e+00,1.3483692097785829e+00,0.0000000000000000e+00,0.0000000000000000e+00,3.1415926535897931e+00,0.0000000000000000e+00,8.0102830427312810e-01,2.9232102824150958e+00,8.3800772806091064e-02,1.5867524168477876e+00,2.7216522059659720e+00
max_c_e_gamma_mixing_angles_polarization_05_local_minimum_888,C_e_gamma,polarization_cluster_05_local_minimum_888,2.0053876013318379e+00,2.9925861692682147e+00,kp,9.2557225645667573e-01,-6.5092676890132406e-01,-2.2120071754555420e-01,6.1064301657680298e-01,9.1952178310739507e-01,3.4691736361111913e+00,1.7262915312668198e+01,4.1548664614724018e+00,1.9700642403814694e+00,1.3483692097785829e+00,0.0000000000000000e+00,0.0000000000000000e+00,3.1415926535897931e+00,0.0000000000000000e+00,8.0102830427312810e-01,2.9232102824150958e+00,8.3800772806091064e-02,1.5867524168477876e+00,2.7216522059659720e+00
max_c_e_gamma_mixing_angles_polarization_05_local_minimum_888,C_e_gamma,polarization_cluster_05_local_minimum_888,2.0053876013318379e+00,2.9925861692682147e+00,pp,1.6425417881682403e+00,9.6482863189525225e-01,8.1043184320120240e-02,9.3842274014929472e-01,1.3483692097785829e+00,8.3800772806091078e-02,1.7262915312668198e+01,4.1548664614724018e+00,1.9700642403814694e+00,1.3483692097785829e+00,0.0000000000000000e+00,0.0000000000000000e+00,3.1415926535897931e+00,0.0000000000000000e+00,8.0102830427312810e-01,2.9232102824150958e+00,8.3800772806091064e-02,1.5867524168477876e+00,2.7216522059659720e+00
max_c_e_gamma_mixing_angles_polarization_05_local_minimum_888,C_e_gamma,polarization_cluster_05_local_minimum_888,2.0053876013318379e+00,2.9925861692682147e+00,qout,1.5867524168477876e+00,-3.1390186299392825e-01,1.4015753322543398e-01,-1.5490657567260977e+00,1.5867524168477876e+00,2.7216522059659720e+00,1.7262915312668198e+01,4.1548664614724018e+00,1.9700642403814694e+00,1.3483692097785829e+00,0.0000000000000000e+00,0.0000000000000000e+00,3.1415926535897931e+00,0.0000000000000000e+00,8.0102830427312810e-01,2.9232102824150958e+00,8.3800772806091064e-02,1.5867524168477876e+00,2.7216522059659720e+00
max_c_e_gamma_mixing_angles_polarization_05_local_minimum_892,C_e_gamma,polarization_cluster_05_local_minimum_892,9.5453950298923218e-01,3.1138967630183840e+00,k,4.2992184242978515e-01,0.0000000000000000e+00,0.0000000000000000e+00,-4.1673624546578858e-01,4.1673624546578858e-01,0.0000000000000000e+00,2.1208962067410653e+00,1.4563297039959959e+00,4.1673624546578858e-01,4.1013286423946033e-01,0.0000000000000000e+00,0.0000000000000000e+00,3.1415926535897931e+00,0.0000000000000000e+00,8.1217564833496680e-01,2.2572675931312127e+00,9.4987535846780269e-01,1.6485101802620461e-01,4.1001739161286119e+00
max_c_e_gamma_mixing_angles_polarization_05_local_minimum_892,C_e_gamma,polarization_cluster_05_local_minimum_892,9.5453950298923218e-01,3.1138967630183840e+00,p,1.0264078615662109e+00,0.0000000000000000e+00,0.0000000000000000e+00,4.1673624546578858e-01,4.1673624546578858e-01,0.0000000000000000e+00,2.1208962067410653e+00,1.4563297039959959e+00,4.1673624546578858e-01,4.1013286423946033e-01,0.0000000000000000e+00,0.0000000000000000e+00,3.1415926535897931e+00,0.0000000000000000e+00,8.1217564833496680e-01,2.2572675931312127e+00,9.4987535846780269e-01,1.6485101802620461e-01,4.1001739161286119e+00
max_c_e_gamma_mixing_angles_polarization_05_local_minimum_892,C_e_gamma,polarization_cluster_05_local_minimum_892,9.5453950298923218e-01,3.1138967630183840e+00,kp,2.6773410536002890e-01,-9.9901159302774475e-02,-1.3775519109598350e-01,-1.7765450896531393e-01,2.4600377814097910e-01,4.0849444988488113e+00,2.1208962067410653e+00,1.4563297039959959e+00,4.1673624546578858e-01,4.1013286423946033e-01,0.0000000000000000e+00,0.0000000000000000e+00,3.1415926535897931e+00,0.0000000000000000e+00,8.1217564833496680e-01,2.2572675931312127e+00,9.4987535846780269e-01,1.6485101802620461e-01,4.1001739161286119e+00
max_c_e_gamma_mixing_angles_polarization_05_local_minimum_892,C_e_gamma,polarization_cluster_05_local_minimum_892,9.5453950298923218e-01,3.1138967630183840e+00,pp,1.0237445806104486e+00,1.7317891795447257e-01,2.4210660006844142e-01,2.8213901344670750e-01,4.1013286423946033e-01,9.4987535846780269e-01,2.1208962067410653e+00,1.4563297039959959e+00,4.1673624546578858e-01,4.1013286423946033e-01,0.0000000000000000e+00,0.0000000000000000e+00,3.1415926535897931e+00,0.0000000000000000e+00,8.1217564833496680e-01,2.2572675931312127e+00,9.4987535846780269e-01,1.6485101802620461e-01,4.1001739161286119e+00
max_c_e_gamma_mixing_angles_polarization_05_local_minimum_892,C_e_gamma,polarization_cluster_05_local_minimum_892,9.5453950298923218e-01,3.1138967630183840e+00,qout,1.6485101802620461e-01,-7.3277758651698097e-02,-1.0435140897245791e-01,-1.0448450448139358e-01,1.6485101802620461e-01,4.1001739161286110e+00,2.1208962067410653e+00,1.4563297039959959e+00,4.1673624546578858e-01,4.1013286423946033e-01,0.0000000000000000e+00,0.0000000000000000e+00,3.1415926535897931e+00,0.0000000000000000e+00,8.1217564833496680e-01,2.2572675931312127e+00,9.4987535846780269e-01,1.6485101802620461e-01,4.1001739161286119e+00
max_c_e_gamma_mixing_angles_polarization_05_local_minimum_893,C_e_gamma,polarization_cluster_05_local_minimum_893,1.3094104066028953e+00,3.0056094790646863e+00,k,2.4131319692313298e+00,0.0000000000000000e+00,0.0000000000000000e+00,-2.4108177468678500e+00,2.4108177468678500e+00,0.0000000000000000e+00,2.5000000000000000e+01,5.0000000000000000e+00,2.4108177468678500e+00,1.4804225686657446e+00,0.0000000000000000e+00,0.0000000000000000e+00,3.1415926535897931e+00,0.0000000000000000e+00,1.5462240948572006e+00,2.0679930315956474e+00,3.1758020248583790e-02,2.0296236527488598e+00,2.7295556290645009e+00
max_c_e_gamma_mixing_angles_polarization_05_local_minimum_893,C_e_gamma,polarization_cluster_05_local_minimum_893,1.3094104066028953e+00,3.0056094790646863e+00,p,2.5868680307686698e+00,0.0000000000000000e+00,0.0000000000000000e+00,2.4108177468678500e+00,2.4108177468678500e+00,0.0000000000000000e+00,2.5000000000000000e+01,5.0000000000000000e+00,2.4108177468678500e+00,1.4804225686657446e+00,0.0000000000000000e+00,0.0000000000000000e+00,3.1415926535897931e+00,0.0000000000000000e+00,1.5462240948572006e+00,2.0679930315956474e+00,3.1758020248583790e-02,2.0296236527488598e+00,2.7295556290645009e+00
max_c_e_gamma_mixing_angles_polarization_05_local_minimum_893,C_e_gamma,polarization_cluster_05_local_minimum_893,1.3094104066028953e+00,3.0056094790646863e+00,kp,1.2178082367875354e+00,1.5535506414546529e-01,-7.6139680026489098e-01,9.3168284617943398e-01,1.2132160604254572e+00,4.9136656930059335e+00,2.5000000000000000e+01,5.0000000000000000e+00,2.4108177468678500e+00,1.4804225686657446e+00,0.0000000000000000e+00,0.0000000000000000e+00,3.1415926535897931e+00,0.0000000000000000e+00,1.5462240948572006e+00,2.0679930315956474e+00,3.1758020248583790e-02,2.0296236527488598e+00,2.7295556290645009e+00
max_c_e_gamma_mixing_angles_polarization_05_local_minimum_893,C_e_gamma,polarization_cluster_05_local_minimum_893,1.3094104066028953e+00,3.0056094790646863e+00,pp,1.7525681104638648e+00,1.4792293874228006e+00,4.6993196572185036e-02,3.6373626098795117e-02,1.4804225686657446e+00,3.1758020248583790e-02,2.5000000000000000e+01,5.0000000000000000e+00,2.4108177468678500e+00,1.4804225686657446e+00,0.0000000000000000e+00,0.0000000000000000e+00,3.1415926535897931e+00,0.0000000000000000e+00,1.5462240948572006e+00,2.0679930315956474e+00,3.1758020248583790e-02,2.0296236527488598e+00,2.7295556290645009e+00
max_c_e_gamma_mixing_angles_polarization_05_local_minimum_893,C_e_gamma,polarization_cluster_05_local_minimum_893,1.3094104066028953e+00,3.0056094790646863e+00,qout,2.0296236527488598e+00,-1.6345844515682659e+00,7.1440360369270595e-01,-9.6805647227822911e-01,2.0296236527488598e+00,2.7295556290645009e+00,2.5000000000000000e+01,5.0000000000000000e+00,2.4108177468678500e+00,1.4804225686657446e+00,0.0000000000000000e+00,0.0000000000000000e+00,3.1415926535897931e+00,0.0000000000000000e+00,1.5462240948572006e+00,2.0679930315956474e+00,3.1758020248583790e-02,2.0296236527488598e+00,2.7295556290645009e+00
max_c_e_gamma_mixing_angles_polarization_05_local_minimum_897,C_e_gamma,polarization_cluster_05_local_minimum_897,1.8407038885603493e+00,3.0044530649902486e+00,k,2.4131280007342206e+00,0.0000000000000000e+00,0.0000000000000000e+00,-2.4108137745612450e+00,2.4108137745612450e+00,0.0000000000000000e+00,2.4999923295394012e+01,4.9999923295335176e+00,2.4108137745612450e+00,1.5162847727856881e+00,0.0000000000000000e+00,0.0000000000000000e+00,3.1415926535897931e+00,0.0000000000000000e+00,1.5510771827041672e+00,2.1619669752838555e+00,6.2373233201744274e+00,2.0151602640656714e+00,3.3868743773827306e+00
max_c_e_gamma_mixing_angles_polarization_05_local_minimum_897,C_e_gamma,polarization_cluster_05_local_minimum_897,1.8407038885603493e+00,3.0044530649902486e+00,p,2.5868643287992970e+00,0.0000000000000000e+00,0.0000000000000000e+00,2.4108137745612450e+00,2.4108137745612450e+00,0.0000000000000000e+00,2.4999923295394012e+01,4.9999923295335176e+00,2.4108137745612450e+00,1.5162847727856881e+00,0.0000000000000000e+00,0.0000000000000000e+00,3.1415926535897931e+00,0.0000000000000000e+00,1.5510771827041672e+00,2.1619669752838555e+00,6.2373233201744274e+00,2.0151602640656714e+00,3.3868743773827306e+00
max_c_e_gamma_mixing_angles_polarization_05_local_minimum_897,C_e_gamma,polarization_cluster_05_local_minimum_897,1.8407038885603493e+00,3.0044530649902486e+00,kp,1.2018672558940182e+00,1.0868947493926551e-01,4.7579597646834537e-01,1.0932181828394911e+00,1.1972139359683875e+00,1.3462127774309480e+00,2.4999923295394012e+01,4.9999923295335176e+00,2.4108137745612450e+00,1.5162847727856881e+00,0.0000000000000000e+00,0.0000000000000000e+00,3.1415926535897931e+00,0.0000000000000000e+00,1.5510771827041672e+00,2.1619669752838555e+00,6.2373233201744274e+00,2.0151602640656714e+00,3.3868743773827306e+00
max_c_e_gamma_mixing_angles_polarization_05_local_minimum_897,C_e_gamma,polarization_cluster_05_local_minimum_897,1.8407038885603493e+00,3.0044530649902486e+00,pp,1.7829648095746997e+00,1.5143959547285326e+00,-6.9501942748865078e-02,2.9897900222843318e-02,1.5162847727856879e+00,6.2373233201744274e+00,2.4999923295394012e+01,4.9999923295335176e+00,2.4108137745612450e+00,1.5162847727856881e+00,0.0000000000000000e+00,0.0000000000000000e+00,3.1415926535897931e+00,0.0000000000000000e+00,1.5510771827041672e+00,2.1619669752838555e+00,6.2373233201744274e+00,2.0151602640656714e+00,3.3868743773827306e+00
max_c_e_gamma_mixing_angles_polarization_05_local_minimum_897,C_e_gamma,polarization_cluster_05_local_minimum_897,1.8407038885603493e+00,3.0044530649902486e+00,qout,2.0151602640656714e+00,-1.6230854296677981e+00,-4.0629403371948031e-01,-1.1231160830623343e+00,2.0151602640656718e+00,3.3868743773827301e+00,2.4999923295394012e+01,4.9999923295335176e+00,2.4108137745612450e+00,1.5162847727856881e+00,0.0000000000000000e+00,0.0000000000000000e+00,3.1415926535897931e+00,0.0000000000000000e+00,1.5510771827041672e+00,2.1619669752838555e+00,6.2373233201744274e+00,2.0151602640656714e+00,3.3868743773827306e+00
max_c_e_gamma_mixing_angles_polarization_05_local_minimum_899,C_e_gamma,polarization_cluster_05_local_minimum_899,1.3115605174036897e+00,3.0062647561318254e+00,k,2.4131319692313298e+00,0.0000000000000000e+00,0.0000000000000000e+00,-2.4108177468678500e+00,2.4108177468678500e+00,0.0000000000000000e+00,2.5000000000000000e+01,5.0000000000000000e+00,2.4108177468678500e+00,1.4645655802587498e+00,0.0000000000000000e+00,0.0000000000000000e+00,3.1415926535897931e+00,0.0000000000000000e+00,1.5409940844078049e+00,2.0789139089707720e+00,6.2505002960172131e+00,2.0296247776735123e+00,3.5594855518111159e+00
max_c_e_gamma_mixing_angles_polarization_05_local_minimum_899,C_e_gamma,polarization_cluster_05_local_minimum_899,1.3115605174036897e+00,3.0062647561318254e+00,p,2.5868680307686698e+00,0.0000000000000000e+00,0.0000000000000000e+00,2.4108177468678500e+00,2.4108177468678500e+00,0.0000000000000000e+00,2.5000000000000000e+01,5.0000000000000000e+00,2.4108177468678500e+00,1.4645655802587498e+00,0.0000000000000000e+00,0.0000000000000000e+00,3.1415926535897931e+00,0.0000000000000000e+00,1.5409940844078049e+00,2.0789139089707720e+00,6.2505002960172131e+00,2.0296247776735123e+00,3.5594855518111159e+00
max_c_e_gamma_mixing_angles_polarization_05_local_minimum_899,C_e_gamma,polarization_cluster_05_local_minimum_899,1.3115605174036897e+00,3.0062647561318254e+00,kp,1.2311810586754952e+00,1.5748125175734540e-01,7.6746959534680947e-01,9.4383959574239018e-01,1.2266389472571031e+00,1.3684101911816529e+00,2.5000000000000000e+01,5.0000000000000000e+00,2.4108177468678500e+00,1.4645655802587498e+00,0.0000000000000000e+00,0.0000000000000000e+00,3.1415926535897931e+00,0.0000000000000000e+00,1.5409940844078049e+00,2.0789139089707720e+00,6.2505002960172131e+00,2.0296247776735123e+00,3.5594855518111159e+00
max_c_e_gamma_mixing_angles_polarization_05_local_minimum_899,C_e_gamma,polarization_cluster_05_local_minimum_899,1.3115605174036897e+00,3.0062647561318254e+00,pp,1.7391941636512722e+00,1.4631333461196561e+00,-4.7839566791865275e-02,4.3640877632262799e-02,1.4645655802587498e+00,6.2505002960172131e+00,2.5000000000000000e+01,5.0000000000000000e+00,2.4108177468678500e+00,1.4645655802587498e+00,0.0000000000000000e+00,0.0000000000000000e+00,3.1415926535897931e+00,0.0000000000000000e+00,1.5409940844078049e+00,2.0789139089707720e+00,6.2505002960172131e+00,2.0296247776735123e+00,3.5594855518111159e+00
max_c_e_gamma_mixing_angles_polarization_05_local_minimum_899,C_e_gamma,polarization_cluster_05_local_minimum_899,1.3115605174036897e+00,3.0062647561318254e+00,qout,2.0296247776735123e+00,-1.6206145978770015e+00,-7.1963002855494418e-01,-9.8748047337465295e-01,2.0296247776735119e+00,3.5594855518111159e+00,2.5000000000000000e+01,5.0000000000000000e+00,2.4108177468678500e+00,1.4645655802587498e+00,0.0000000000000000e+00,0.0000000000000000e+00,3.1415926535897931e+00,0.0000000000000000e+00,1.5409940844078049e+00,2.0789139089707720e+00,6.2505002960172131e+00,2.0296247776735123e+00,3.5594855518111159e+00
max_c_e_gamma_mixing_angles_polarization_05_local_minimum_902,C_e_gamma,polarization_cluster_05_local_minimum_902,1.8512719953151289e+00,3.0015018747135889e+00,k,2.4131319692313298e+00,0.0000000000000000e+00,0.0000000000000000e+00,-2.4108177468678500e+00,2.4108177468678500e+00,0.0000000000000000e+00,2.5000000000000000e+01,5.0000000000000000e+00,2.4108177468678500e+00,1.5330705429187219e+00,0.0000000000000000e+00,0.0000000000000000e+00,3.1415926535897931e+00,0.0000000000000000e+00,1.5218102758473977e+00,2.1678044845441904e+00,4.6665938759166962e-02,2.0296244762325752e+00,2.9034144165372626e+00
max_c_e_gamma_mixing_angles_polarization_05_local_minimum_902,C_e_gamma,polarization_cluster_05_local_minimum_902,1.8512719953151289e+00,3.0015018747135889e+00,p,2.5868680307686698e+00,0.0000000000000000e+00,0.0000000000000000e+00,2.4108177468678500e+00,2.4108177468678500e+00,0.0000000000000000e+00,2.5000000000000000e+01,5.0000000000000000e+00,2.4108177468678500e+00,1.5330705429187219e+00,0.0000000000000000e+00,0.0000000000000000e+00,3.1415926535897931e+00,0.0000000000000000e+00,1.5218102758473977e+00,2.1678044845441904e+00,4.6665938759166962e-02,2.0296244762325752e+00,2.9034144165372626e+00
max_c_e_gamma_mixing_angles_polarization_05_local_minimum_902,C_e_gamma,polarization_cluster_05_local_minimum_902,1.8512719953151289e+00,3.0015018747135889e+00,kp,1.1731139152188550e+00,1.0159176743945042e-01,-4.6745347492940392e-01,1.0659263235945371e+00,1.1683460813332718e+00,4.9263913371997967e+00,2.5000000000000000e+01,5.0000000000000000e+00,2.4108177468678500e+00,1.5330705429187219e+00,0.0000000000000000e+00,0.0000000000000000e+00,3.1415926535897931e+00,0.0000000000000000e+00,1.5218102758473977e+00,2.1678044845441904e+00,4.6665938759166962e-02,2.0296244762325752e+00,2.9034144165372626e+00
max_c_e_gamma_mixing_angles_polarization_05_local_minimum_902,C_e_gamma,polarization_cluster_05_local_minimum_902,1.8512719953151289e+00,3.0015018747135889e+00,pp,1.7972616085492688e+00,1.5295645208271846e+00,7.1430423365142853e-02,7.5069040287499389e-02,1.5330705429187219e+00,4.6665938759166962e-02,2.5000000000000000e+01,5.0000000000000000e+00,2.4108177468678500e+00,1.5330705429187219e+00,0.0000000000000000e+00,0.0000000000000000e+00,3.1415926535897931e+00,0.0000000000000000e+00,1.5218102758473977e+00,2.1678044845441904e+00,4.6665938759166962e-02,2.0296244762325752e+00,2.9034144165372626e+00
max_c_e_gamma_mixing_angles_polarization_05_local_minimum_902,C_e_gamma,polarization_cluster_05_local_minimum_902,1.8512719953151289e+00,3.0015018747135889e+00,qout,2.0296244762325752e+00,-1.6311562882666351e+00,3.9602305156426110e-01,-1.1409953638820365e+00,2.0296244762325752e+00,2.9034144165372626e+00,2.5000000000000000e+01,5.0000000000000000e+00,2.4108177468678500e+00,1.5330705429187219e+00,0.0000000000000000e+00,0.0000000000000000e+00,3.1415926535897931e+00,0.0000000000000000e+00,1.5218102758473977e+00,2.1678044845441904e+00,4.6665938759166962e-02,2.0296244762325752e+00,2.9034144165372626e+00
max_c_e_gamma_mixing_angles_polarization_05_local_minimum_906,C_e_gamma,polarization_cluster_05_local_minimum_906,1.3119724203872782e+00,3.0063901499111076e+00,k,2.4131319692313298e+00,0.0000000000000000e+00,0.0000000000000000e+00,-2.4108177468678500e+00,2.4108177468678500e+00,0.0000000000000000e+00,2.5000000000000000e+01,5.0000000000000000e+00,2.4108177468678500e+00,1.4586317742282517e+00,0.0000000000000000e+00,0.0000000000000000e+00,3.1415926535897931e+00,0.0000000000000000e+00,1.5370686773357585e+00,2.0846587774408931e+00,3.3103574231564112e-02,2.0296208163386362e+00,2.7209400715068561e+00
max_c_e_gamma_mixing_angles_polarization_05_local_minimum_906,C_e_gamma,polarization_cluster_05_local_minimum_906,1.3119724203872782e+00,3.0063901499111076e+00,p,2.5868680307686698e+00,0.0000000000000000e+00,0.0000000000000000e+00,2.4108177468678500e+00,2.4108177468678500e+00,0.0000000000000000e+00,2.5000000000000000e+01,5.0000000000000000e+00,2.4108177468678500e+00,1.4586317742282517e+00,0.0000000000000000e+00,0.0000000000000000e+00,3.1415926535897931e+00,0.0000000000000000e+00,1.5370686773357585e+00,2.0846587774408931e+00,3.3103574231564112e-02,2.0296208163386362e+00,2.7209400715068561e+00
max_c_e_gamma_mixing_angles_polarization_05_local_minimum_906,C_e_gamma,polarization_cluster_05_local_minimum_906,1.3119724203872782e+00,3.0063901499111076e+00,kp,1.2361788916572827e+00,1.5641072866662364e-01,-7.7001938943831982e-01,9.4846211506456157e-01,1.2316552114393575e+00,4.9127882079365435e+00,2.5000000000000000e+01,5.0000000000000000e+00,2.4108177468678500e+00,1.4586317742282517e+00,0.0000000000000000e+00,0.0000000000000000e+00,3.1415926535897931e+00,0.0000000000000000e+00,1.5370686773357585e+00,2.0846587774408931e+00,3.3103574231564112e-02,2.0296208163386362e+00,2.7209400715068561e+00
max_c_e_gamma_mixing_angles_polarization_05_local_minimum_906,C_e_gamma,polarization_cluster_05_local_minimum_906,1.3119724203872782e+00,3.0063901499111076e+00,pp,1.7342002920044322e+00,1.4570035255405707e+00,4.8249650389994410e-02,4.9186894472493622e-02,1.4586317742282517e+00,3.3103574231564112e-02,2.5000000000000000e+01,5.0000000000000000e+00,2.4108177468678500e+00,1.4586317742282517e+00,0.0000000000000000e+00,0.0000000000000000e+00,3.1415926535897931e+00,0.0000000000000000e+00,1.5370686773357585e+00,2.0846587774408931e+00,3.3103574231564112e-02,2.0296208163386362e+00,2.7209400715068561e+00
max_c_e_gamma_mixing_angles_polarization_05_local_minimum_906,C_e_gamma,polarization_cluster_05_local_minimum_906,1.3119724203872782e+00,3.0063901499111076e+00,qout,2.0296208163386362e+00,-1.6134142542071943e+00,7.2176973904832542e-01,-9.9764900953705515e-01,2.0296208163386362e+00,2.7209400715068561e+00,2.5000000000000000e+01,5.0000000000000000e+00,2.4108177468678500e+00,1.4586317742282517e+00,0.0000000000000000e+00,0.0000000000000000e+00,3.1415926535897931e+00,0.0000000000000000e+00,1.5370686773357585e+00,2.0846587774408931e+00,3.3103574231564112e-02,2.0296208163386362e+00,2.7209400715068561e+00
max_c_e_gamma_mixing_angles_polarization_05_local_minimum_910,C_e_gamma,polarization_cluster_05_local_minimum_910,2.1283223949352776e+00,3.1380737723342671e+00,k,1.0553209507428147e+00,0.0000000000000000e+00,0.0000000000000000e+00,-1.0500183887739392e+00,1.0500183887739392e+00,0.0000000000000000e+00,6.0678077243278876e+00,2.4632920501491267e+00,1.0500183887739392e+00,8.4495647070168889e-01,0.0000000000000000e+00,0.0000000000000000e+00,3.1415926535897931e+00,0.0000000000000000e+00,5.1643361862363335e-01,3.0141712695645966e+00,9.3876986070272195e-01,7.4931660092490970e-01,2.3898319400297456e+00
max_c_e_gamma_mixing_angles_polarization_05_local_minimum_910,C_e_gamma,polarization_cluster_05_local_minimum_910,2.1283223949352776e+00,3.1380737723342671e+00,p,1.4079710994063122e+00,0.0000000000000000e+00,0.0000000000000000e+00,1.0500183887739392e+00,1.0500183887739392e+00,0.0000000000000000e+00,6.0678077243278876e+00,2.4632920501491267e+00,1.0500183887739392e+00,8.4495647070168889e-01,0.0000000000000000e+00,0.0000000000000000e+00,3.1415926535897931e+00,0.0000000000000000e+00,5.1643361862363335e-01,3.0141712695645966e+00,9.3876986070272195e-01,7.4931660092490970e-01,2.3898319400297456e+00
max_c_e_gamma_mixing_angles_polarization_05_local_minimum_910,C_e_gamma,polarization_cluster_05_local_minimum_910,2.1283223949352776e+00,3.1380737723342671e+00,kp,4.5151933617257439e-01,-1.7693057744591195e-01,-4.0165866582214310e-01,8.4797145621416936e-03,4.3898293659825011e-01,4.2974634174313309e+00,6.0678077243278876e+00,2.4632920501491267e+00,1.0500183887739392e+00,8.4495647070168889e-01,0.0000000000000000e+00,0.0000000000000000e+00,3.1415926535897931e+00,0.0000000000000000e+00,5.1643361862363335e-01,3.0141712695645966e+00,9.3876986070272195e-01,7.4931660092490970e-01,2.3898319400297456e+00
max_c_e_gamma_mixing_angles_polarization_05_local_minimum_910,C_e_gamma,polarization_cluster_05_local_minimum_910,2.1283223949352776e+00,3.1380737723342671e+00,pp,1.2624561130513228e+00,2.4648818675581247e-01,3.3662990694795064e-01,7.3476208184602165e-01,8.4495647070168889e-01,9.3876986070272195e-01,6.0678077243278876e+00,2.4632920501491267e+00,1.0500183887739392e+00,8.4495647070168889e-01,0.0000000000000000e+00,0.0000000000000000e+00,3.1415926535897931e+00,0.0000000000000000e+00,5.1643361862363335e-01,3.0141712695645966e+00,9.3876986070272195e-01,7.4931660092490970e-01,2.3898319400297456e+00
max_c_e_gamma_mixing_angles_polarization_05_local_minimum_910,C_e_gamma,polarization_cluster_05_local_minimum_910,2.1283223949352776e+00,3.1380737723342671e+00,qout,7.4931660092490970e-01,-6.9557609309900501e-02,6.5028758874192460e-02,-7.4324179640816335e-01,7.4931660092490970e-01,2.3898319400297456e+00,6.0678077243278876e+00,2.4632920501491267e+00,1.0500183887739392e+00,8.4495647070168889e-01,0.0000000000000000e+00,0.0000000000000000e+00,3.1415926535897931e+00,0.0000000000000000e+00,5.1643361862363335e-01,3.0141712695645966e+00,9.3876986070272195e-01,7.4931660092490970e-01,2.3898319400297456e+00
max_c_e_gamma_mixing_angles_polarization_05_local_minimum_914,C_e_gamma,polarization_cluster_05_local_minimum_914,5.9006986803969641e-01,2.9842289497902157e+00,k,2.4131319692313298e+00,0.0000000000000000e+00,0.0000000000000000e+00,-2.4108177468678500e+00,2.4108177468678500e+00,0.0000000000000000e+00,2.5000000000000000e+01,5.0000000000000000e+00,2.4108177468678500e+00,2.0690825694055093e+00,0.0000000000000000e+00,0.0000000000000000e+00,3.1415926535897931e+00,0.0000000000000000e+00,3.3804135274667324e-01,3.1415926535897931e+00,6.2828706122571463e+00,2.0296234790217964e+00,2.6421746006176816e+00
max_c_e_gamma_mixing_angles_polarization_05_local_minimum_914,C_e_gamma,polarization_cluster_05_local_minimum_914,5.9006986803969641e-01,2.9842289497902157e+00,p,2.5868680307686698e+00,0.0000000000000000e+00,0.0000000000000000e+00,2.4108177468678500e+00,2.4108177468678500e+00,0.0000000000000000e+00,2.5000000000000000e+01,5.0000000000000000e+00,2.4108177468678500e+00,2.0690825694055093e+00,0.0000000000000000e+00,0.0000000000000000e+00,3.1415926535897931e+00,0.0000000000000000e+00,3.3804135274667324e-01,3.1415926535897931e+00,6.2828706122571463e+00,2.0296234790217964e+00,2.6421746006176816e+00
max_c_e_gamma_mixing_angles_polarization_05_local_minimum_914,C_e_gamma,polarization_cluster_05_local_minimum_914,5.9006986803969641e-01,2.9842289497902157e+00,kp,6.9860481611536618e-01,-6.8619036410553846e-01,2.1594063053969936e-04,7.7638485074338570e-02,6.9056860396798059e-01,3.1412779586673532e+00,2.5000000000000000e+01,5.0000000000000000e+00,2.4108177468678500e+00,2.0690825694055093e+00,0.0000000000000000e+00,0.0000000000000000e+00,3.1415926535897931e+00,0.0000000000000000e+00,3.3804135274667324e-01,3.1415926535897931e+00,6.2828706122571463e+00,2.0296234790217964e+00,2.6421746006176816e+00
max_c_e_gamma_mixing_angles_polarization_05_local_minimum_914,C_e_gamma,polarization_cluster_05_local_minimum_914,5.9006986803969641e-01,2.9842289497902157e+00,pp,2.2717717048633439e+00,6.8619036410553869e-01,-2.1594063053981841e-04,1.9519849939474578e+00,2.0690825694055093e+00,6.2828706122571463e+00,2.5000000000000000e+01,5.0000000000000000e+00,2.4108177468678500e+00,2.0690825694055093e+00,0.0000000000000000e+00,0.0000000000000000e+00,3.1415926535897931e+00,0.0000000000000000e+00,3.3804135274667324e-01,3.1415926535897931e+00,6.2828706122571463e+00,2.0296234790217964e+00,2.6421746006176816e+00
max_c_e_gamma_mixing_angles_polarization_05_local_minimum_914,C_e_gamma,polarization_cluster_05_local_minimum_914,5.9006986803969641e-01,2.9842289497902157e+00,qout,2.0296234790217964e+00,-2.1819876590065275e-16,1.1903770458932325e-16,-2.0296234790217964e+00,2.0296234790217964e+00,2.6421746006176816e+00,2.5000000000000000e+01,5.0000000000000000e+00,2.4108177468678500e+00,2.0690825694055093e+00,0.0000000000000000e+00,0.0000000000000000e+00,3.1415926535897931e+00,0.0000000000000000e+00,3.3804135274667324e-01,3.1415926535897931e+00,6.2828706122571463e+00,2.0296234790217964e+00,2.6421746006176816e+00
max_c_e_gamma_mixing_angles_polarization_05_local_minimum_916,C_e_gamma,polarization_cluster_05_local_minimum_916,2.0365821450150063e+00,3.1172510041803334e+00,k,4.3211086814111094e-01,0.0000000000000000e+00,0.0000000000000000e+00,-4.1899416469965967e-01,4.1899416469965967e-01,0.0000000000000000e+00,2.1299579606355596e+00,1.4594375494126359e+00,4.1899416469965967e-01,4.1305700132693979e-01,0.0000000000000000e+00,0.0000000000000000e+00,3.1415926535897931e+00,0.0000000000000000e+00,1.1879469705901180e+00,1.9060161146246402e+00,5.2068102119834005e+00,1.6018205206013580e-01,2.0687143855404626e+00
max_c_e_gamma_mixing_angles_polarization_05_local_minimum_916,C_e_gamma,polarization_cluster_05_local_minimum_916,2.0365821450150063e+00,3.1172510041803334e+00,p,1.0273266812715249e+00,0.0000000000000000e+00,0.0000000000000000e+00,4.1899416469965967e-01,4.1899416469965967e-01,0.0000000000000000e+00,2.1299579606355596e+00,1.4594375494126359e+00,4.1899416469965967e-01,4.1305700132693979e-01,0.0000000000000000e+00,0.0000000000000000e+00,3.1415926535897931e+00,0.0000000000000000e+00,1.1879469705901180e+00,1.9060161146246402e+00,5.2068102119834005e+00,1.6018205206013580e-01,2.0687143855404626e+00
max_c_e_gamma_mixing_angles_polarization_05_local_minimum_916,C_e_gamma,polarization_cluster_05_local_minimum_916,2.0365821450150063e+00,3.1172510041803334e+00,kp,2.7433594619555030e-01,-1.0957053068456471e-01,2.0436911465018801e-01,-1.0160749403616863e-01,2.5317290349030019e-01,2.0629365066781018e+00,2.1299579606355596e+00,1.4594375494126359e+00,4.1899416469965967e-01,4.1305700132693979e-01,0.0000000000000000e+00,0.0000000000000000e+00,3.1415926535897931e+00,0.0000000000000000e+00,1.1879469705901180e+00,1.9060161146246402e+00,5.2068102119834005e+00,1.6018205206013580e-01,2.0687143855404626e+00
max_c_e_gamma_mixing_angles_polarization_05_local_minimum_916,C_e_gamma,polarization_cluster_05_local_minimum_916,2.0365821450150063e+00,3.1172510041803334e+00,pp,1.0249195511576523e+00,1.8181478432043158e-01,-3.3726821735085089e-01,1.5430366201972562e-01,4.1305700132693979e-01,5.2068102119834005e+00,2.1299579606355596e+00,1.4594375494126359e+00,4.1899416469965967e-01,4.1305700132693979e-01,0.0000000000000000e+00,0.0000000000000000e+00,3.1415926535897931e+00,0.0000000000000000e+00,1.1879469705901180e+00,1.9060161146246402e+00,5.2068102119834005e+00,1.6018205206013580e-01,2.0687143855404626e+00
max_c_e_gamma_mixing_angles_polarization_05_local_minimum_916,C_e_gamma,polarization_cluster_05_local_minimum_916,2.0365821450150063e+00,3.1172510041803334e+00,qout,1.6018205206013580e-01,-7.2244253635866867e-02,1.3289910270066288e-01,-5.2696167983556988e-02,1.6018205206013580e-01,2.0687143855404626e+00,2.1299579606355596e+00,1.4594375494126359e+00,4.1899416469965967e-01,4.1305700132693979e-01,0.0000000000000000e+00,0.0000000000000000e+00,3.1415926535897931e+00,0.0000000000000000e+00,1.1879469705901180e+00,1.9060161146246402e+00,5.2068102119834005e+00,1.6018205206013580e-01,2.0687143855404626e+00
max_c_e_gamma_mixing_angles_polarization_05_local_minimum_919,C_e_gamma,polarization_cluster_05_local_minimum_919,1.9484519124024422e+00,2.9849778681597892e+00,k,2.4126046827919128e+00,0.0000000000000000e+00,0.0000000000000000e+00,-2.4102899541582476e+00,2.4102899541582476e+00,0.0000000000000000e+00,2.4989809509315361e+01,4.9989808470642654e+00,2.4102899541582476e+00,1.4818114990713567e+00,0.0000000000000000e+00,0.0000000000000000e+00,3.1415926535897931e+00,0.0000000000000000e+00,9.2421245838731403e-01,2.8267880953940270e+00,6.2146144885993531e+00,2.0145522681790222e+00,2.6261745587185876e+00
max_c_e_gamma_mixing_angles_polarization_05_local_minimum_919,C_e_gamma,polarization_cluster_05_local_minimum_919,1.9484519124024422e+00,2.9849778681597892e+00,p,2.5863761642723526e+00,0.0000000000000000e+00,0.0000000000000000e+00,2.4102899541582476e+00,2.4102899541582476e+00,0.0000000000000000e+00,2.4989809509315361e+01,4.9989808470642654e+00,2.4102899541582476e+00,1.4818114990713567e+00,0.0000000000000000e+00,0.0000000000000000e+00,3.1415926535897931e+00,0.0000000000000000e+00,9.2421245838731403e-01,2.8267880953940270e+00,6.2146144885993531e+00,2.0145522681790222e+00,2.6261745587185876e+00
max_c_e_gamma_mixing_angles_polarization_05_local_minimum_919,C_e_gamma,polarization_cluster_05_local_minimum_919,1.9484519124024422e+00,2.9849778681597892e+00,kp,1.2306870589405339e+00,-6.3719183302350901e-01,-2.2641862317283182e-01,1.0228138245736913e+00,1.2261431175561857e+00,3.4830152032615436e+00,2.4989809509315361e+01,4.9989808470642654e+00,2.4102899541582476e+00,1.4818114990713567e+00,0.0000000000000000e+00,0.0000000000000000e+00,3.1415926535897931e+00,0.0000000000000000e+00,9.2421245838731403e-01,2.8267880953940270e+00,6.2146144885993531e+00,2.0145522681790222e+00,2.6261745587185876e+00
max_c_e_gamma_mixing_angles_polarization_05_local_minimum_919,C_e_gamma,polarization_cluster_05_local_minimum_919,1.9484519124024422e+00,2.9849778681597892e+00,pp,1.7537415199453141e+00,1.1799233100438609e+00,-8.1035355318339469e-02,8.9273712389687854e-01,1.4818114990713567e+00,6.2146144885993531e+00,2.4989809509315361e+01,4.9989808470642654e+00,2.4102899541582476e+00,1.4818114990713567e+00,0.0000000000000000e+00,0.0000000000000000e+00,3.1415926535897931e+00,0.0000000000000000e+00,9.2421245838731403e-01,2.8267880953940270e+00,6.2146144885993531e+00,2.0145522681790222e+00,2.6261745587185876e+00
max_c_e_gamma_mixing_angles_polarization_05_local_minimum_919,C_e_gamma,polarization_cluster_05_local_minimum_919,1.9484519124024422e+00,2.9849778681597892e+00,qout,2.0145522681790222e+00,-5.4273147702035185e-01,3.0745397849117129e-01,-1.9155509484705699e+00,2.0145522681790222e+00,2.6261745587185876e+00,2.4989809509315361e+01,4.9989808470642654e+00,2.4102899541582476e+00,1.4818114990713567e+00,0.0000000000000000e+00,0.0000000000000000e+00,3.1415926535897931e+00,0.0000000000000000e+00,9.2421245838731403e-01,2.8267880953940270e+00,6.2146144885993531e+00,2.0145522681790222e+00,2.6261745587185876e+00
max_c_e_gamma_mixing_angles_polarization_05_local_minimum_922,C_e_gamma,polarization_cluster_05_local_minimum_922,1.8478755296839604e+00,3.0025095540758446e+00,k,2.4131319692313298e+00,0.0000000000000000e+00,0.0000000000000000e+00,-2.4108177468678500e+00,2.4108177468678500e+00,0.0000000000000000e+00,2.5000000000000000e+01,5.0000000000000000e+00,2.4108177468678500e+00,1.4993806093934836e+00,0.0000000000000000e+00,0.0000000000000000e+00,3.1415926535897931e+00,0.0000000000000000e+00,1.5044740189122716e+00,2.2063606181378259e+00,5.1311996807054998e-02,2.0296210712799594e+00,2.9115445001105233e+00
max_c_e_gamma_mixing_angles_polarization_05_local_minimum_922,C_e_gamma,polarization_cluster_05_local_minimum_922,1.8478755296839604e+00,3.0025095540758446e+00,p,2.5868680307686698e+00,0.0000000000000000e+00,0.0000000000000000e+00,2.4108177468678500e+00,2.4108177468678500e+00,0.0000000000000000e+00,2.5000000000000000e+01,5.0000000000000000e+00,2.4108177468678500e+00,1.4993806093934836e+00,0.0000000000000000e+00,0.0000000000000000e+00,3.1415926535897931e+00,0.0000000000000000e+00,1.5044740189122716e+00,2.2063606181378259e+00,5.1311996807054998e-02,2.0296210712799594e+00,2.9115445001105233e+00
max_c_e_gamma_mixing_angles_polarization_05_local_minimum_922,C_e_gamma,polarization_cluster_05_local_minimum_922,1.8478755296839604e+00,3.0025095540758446e+00,kp,1.2017675491829241e+00,9.6166868940683603e-02,-4.4916812660790689e-01,1.1054779406725046e+00,1.1971138416858411e+00,4.9233046884732179e+00,2.5000000000000000e+01,5.0000000000000000e+00,2.4108177468678500e+00,1.4993806093934836e+00,0.0000000000000000e+00,0.0000000000000000e+00,3.1415926535897931e+00,0.0000000000000000e+00,1.5044740189122716e+00,2.2063606181378259e+00,5.1311996807054998e-02,2.0296210712799594e+00,2.9115445001105233e+00
max_c_e_gamma_mixing_angles_polarization_05_local_minimum_922,C_e_gamma,polarization_cluster_05_local_minimum_922,1.8478755296839604e+00,3.0025095540758446e+00,pp,1.7686113795362661e+00,1.4941150901623925e+00,7.6733384873463331e-02,9.9369496426520973e-02,1.4993806093934834e+00,5.1311996807055005e-02,2.5000000000000000e+01,5.0000000000000000e+00,2.4108177468678500e+00,1.4993806093934836e+00,0.0000000000000000e+00,0.0000000000000000e+00,3.1415926535897931e+00,0.0000000000000000e+00,1.5044740189122716e+00,2.2063606181378259e+00,5.1311996807054998e-02,2.0296210712799594e+00,2.9115445001105233e+00
max_c_e_gamma_mixing_angles_polarization_05_local_minimum_922,C_e_gamma,polarization_cluster_05_local_minimum_922,1.8478755296839604e+00,3.0025095540758446e+00,qout,2.0296210712799594e+00,-1.5902819591030761e+00,3.7243474173444358e-01,-1.2048474370990256e+00,2.0296210712799594e+00,2.9115445001105233e+00,2.5000000000000000e+01,5.0000000000000000e+00,2.4108177468678500e+00,1.4993806093934836e+00,0.0000000000000000e+00,0.0000000000000000e+00,3.1415926535897931e+00,0.0000000000000000e+00,1.5044740189122716e+00,2.2063606181378259e+00,5.1311996807054998e-02,2.0296210712799594e+00,2.9115445001105233e+00
max_c_e_gamma_mixing_angles_polarization_05_local_minimum_923,C_e_gamma,polarization_cluster_05_local_minimum_923,1.3216138137207063e+00,3.0093154556609027e+00,k,2.4131319692313298e+00,0.0000000000000000e+00,0.0000000000000000e+00,-2.4108177468678500e+00,2.4108177468678500e+00,0.0000000000000000e+00,2.5000000000000000e+01,5.0000000000000000e+00,2.4108177468678500e+00,1.4185087713826761e+00,0.0000000000000000e+00,0.0000000000000000e+00,3.1415926535897931e+00,0.0000000000000000e+00,1.5425890171653869e+00,2.1025606304924911e+00,6.2490029164232430e+00,2.0231978100280457e+00,3.5788361963560762e+00
max_c_e_gamma_mixing_angles_polarization_05_local_minimum_923,C_e_gamma,polarization_cluster_05_local_minimum_923,1.3216138137207063e+00,3.0093154556609027e+00,p,2.5868680307686698e+00,0.0000000000000000e+00,0.0000000000000000e+00,2.4108177468678500e+00,2.4108177468678500e+00,0.0000000000000000e+00,2.5000000000000000e+01,5.0000000000000000e+00,2.4108177468678500e+00,1.4185087713826761e+00,0.0000000000000000e+00,0.0000000000000000e+00,3.1415926535897931e+00,0.0000000000000000e+00,1.5425890171653869e+00,2.1025606304924911e+00,6.2490029164232430e+00,2.0231978100280457e+00,3.5788361963560762e+00
max_c_e_gamma_mixing_angles_polarization_05_local_minimum_923,C_e_gamma,polarization_cluster_05_local_minimum_923,1.3216138137207063e+00,3.0093154556609027e+00,kp,1.2762107826997400e+00,1.6265119808205419e-01,7.8687021359097353e-01,9.8586516537077840e-01,1.2718294970497359e+00,1.3669605918330496e+00,2.5000000000000000e+01,5.0000000000000000e+00,2.4108177468678500e+00,1.4185087713826761e+00,0.0000000000000000e+00,0.0000000000000000e+00,3.1415926535897931e+00,0.0000000000000000e+00,1.5425890171653869e+00,2.1025606304924911e+00,6.2490029164232430e+00,2.0231978100280457e+00,3.5788361963560762e+00
max_c_e_gamma_mixing_angles_polarization_05_local_minimum_923,C_e_gamma,polarization_cluster_05_local_minimum_923,1.3216138137207063e+00,3.0093154556609027e+00,pp,1.7005914072726549e+00,1.4171161809818955e+00,-4.8459294374557677e-02,4.0007010355645758e-02,1.4185087713826761e+00,6.2490029164232430e+00,2.5000000000000000e+01,5.0000000000000000e+00,2.4108177468678500e+00,1.4185087713826761e+00,0.0000000000000000e+00,0.0000000000000000e+00,3.1415926535897931e+00,0.0000000000000000e+00,1.5425890171653869e+00,2.1025606304924911e+00,6.2490029164232430e+00,2.0231978100280457e+00,3.5788361963560762e+00
max_c_e_gamma_mixing_angles_polarization_05_local_minimum_923,C_e_gamma,polarization_cluster_05_local_minimum_923,1.3216138137207063e+00,3.0093154556609027e+00,qout,2.0231978100280457e+00,-1.5797673790639497e+00,-7.3841091921641588e-01,-1.0258721757264242e+00,2.0231978100280461e+00,3.5788361963560757e+00,2.5000000000000000e+01,5.0000000000000000e+00,2.4108177468678500e+00,1.4185087713826761e+00,0.0000000000000000e+00,0.0000000000000000e+00,3.1415926535897931e+00,0.0000000000000000e+00,1.5425890171653869e+00,2.1025606304924911e+00,6.2490029164232430e+00,2.0231978100280457e+00,3.5788361963560762e+00
max_c_e_gamma_mixing_angles_polarization_05_local_minimum_925,C_e_gamma,polarization_cluster_05_local_minimum_925,1.3687268609702368e+00,3.0235194391732860e+00,k,2.4131206349450758e+00,0.0000000000000000e+00,0.0000000000000000e+00,-2.4108064017013948e+00,2.4108064017013948e+00,0.0000000000000000e+00,2.4999780926981568e+01,4.9999780926501627e+00,2.4108064017013948e+00,1.3631808565683636e+00,0.0000000000000000e+00,0.0000000000000000e+00,3.1415926535897931e+00,0.0000000000000000e+00,1.7123270600725815e+00,2.0700548776790950e+00,6.2587172347611046e+00,1.9362737646974351e+00,3.6335720712440303e+00
max_c_e_gamma_mixing_angles_polarization_05_local_minimum_925,C_e_gamma,polarization_cluster_05_local_minimum_925,1.3687268609702368e+00,3.0235194391732860e+00,p,2.5868574577050869e+00,0.0000000000000000e+00,0.0000000000000000e+00,2.4108064017013948e+00,2.4108064017013948e+00,0.0000000000000000e+00,2.4999780926981568e+01,4.9999780926501627e+00,2.4108064017013948e+00,1.3631808565683636e+00,0.0000000000000000e+00,0.0000000000000000e+00,3.1415926535897931e+00,0.0000000000000000e+00,1.7123270600725815e+00,2.0700548776790950e+00,6.2587172347611046e+00,1.9362737646974351e+00,3.6335720712440303e+00
max_c_e_gamma_mixing_angles_polarization_05_local_minimum_925,C_e_gamma,polarization_cluster_05_local_minimum_925,1.3687268609702368e+00,3.0235194391732860e+00,kp,1.4089819803318313e+00,1.4916895168140254e-01,8.3601505659531461e-01,1.1193274666453576e+00,1.4050147787786824e+00,1.3942259405019346e+00,2.4999780926981568e+01,4.9999780926501627e+00,2.4108064017013948e+00,1.3631808565683636e+00,0.0000000000000000e+00,0.0000000000000000e+00,3.1415926535897931e+00,0.0000000000000000e+00,1.7123270600725815e+00,2.0700548776790950e+00,6.2587172347611046e+00,1.9362737646974351e+00,3.6335720712440303e+00
max_c_e_gamma_mixing_angles_polarization_05_local_minimum_925,C_e_gamma,polarization_cluster_05_local_minimum_925,1.3687268609702368e+00,3.0235194391732860e+00,pp,1.6547223476204271e+00,1.3491467698723274e+00,-3.3017610197973966e-02,-1.9228852923234174e-01,1.3631808565683636e+00,6.2587172347611046e+00,2.4999780926981568e+01,4.9999780926501627e+00,2.4108064017013948e+00,1.3631808565683636e+00,0.0000000000000000e+00,0.0000000000000000e+00,3.1415926535897931e+00,0.0000000000000000e+00,1.7123270600725815e+00,2.0700548776790950e+00,6.2587172347611046e+00,1.9362737646974351e+00,3.6335720712440303e+00
max_c_e_gamma_mixing_angles_polarization_05_local_minimum_925,C_e_gamma,polarization_cluster_05_local_minimum_925,1.3687268609702368e+00,3.0235194391732860e+00,qout,1.9362737646974351e+00,-1.4983157215537299e+00,-8.0299744639734061e-01,-9.2703893741301591e-01,1.9362737646974348e+00,3.6335720712440298e+00,2.4999780926981568e+01,4.9999780926501627e+00,2.4108064017013948e+00,1.3631808565683636e+00,0.0000000000000000e+00,0.0000000000000000e+00,3.1415926535897931e+00,0.0000000000000000e+00,1.7123270600725815e+00,2.0700548776790950e+00,6.2587172347611046e+00,1.9362737646974351e+00,3.6335720712440303e+00
max_c_e_gamma_mixing_angles_polarization_05_local_minimum_926,C_e_gamma,polarization_cluster_05_local_minimum_926,1.8257636269972928e+00,3.0087654813659181e+00,k,2.4131289416398842e+00,0.0000000000000000e+00,0.0000000000000000e+00,-2.4108147163701172e+00,2.4108147163701172e+00,0.0000000000000000e+00,2.4999941481561500e+01,4.9999941481527266e+00,2.4108147163701172e+00,1.4659036137750019e+00,0.0000000000000000e+00,0.0000000000000000e+00,3.1415926535897931e+00,0.0000000000000000e+00,1.5699083077847824e+00,2.2026155883779515e+00,6.2342604484078654e+00,1.9879877938908166e+00,3.3935964630840809e+00
max_c_e_gamma_mixing_angles_polarization_05_local_minimum_926,C_e_gamma,polarization_cluster_05_local_minimum_926,1.8257636269972928e+00,3.0087654813659181e+00,p,2.5868652065128419e+00,0.0000000000000000e+00,0.0000000000000000e+00,2.4108147163701172e+00,2.4108147163701172e+00,0.0000000000000000e+00,2.4999941481561500e+01,4.9999941481527266e+00,2.4108147163701172e+00,1.4659036137750019e+00,0.0000000000000000e+00,0.0000000000000000e+00,3.1415926535897931e+00,0.0000000000000000e+00,1.5699083077847824e+00,2.2026155883779515e+00,6.2342604484078654e+00,1.9879877938908166e+00,3.3935964630840809e+00
max_c_e_gamma_mixing_angles_polarization_05_local_minimum_926,C_e_gamma,polarization_cluster_05_local_minimum_926,1.8257636269972928e+00,3.0087654813659181e+00,kp,1.2716852905278071e+00,8.9396879114901795e-02,4.7169354917897444e-01,1.1728312664228184e+00,1.2672883593845143e+00,1.3834945908354266e+00,2.4999941481561500e+01,4.9999941481527266e+00,2.4108147163701172e+00,1.4659036137750019e+00,0.0000000000000000e+00,0.0000000000000000e+00,3.1415926535897931e+00,0.0000000000000000e+00,1.5699083077847824e+00,2.2026155883779515e+00,6.2342604484078654e+00,1.9879877938908166e+00,3.3935964630840809e+00
max_c_e_gamma_mixing_angles_polarization_05_local_minimum_926,C_e_gamma,polarization_cluster_05_local_minimum_926,1.8257636269972928e+00,3.0087654813659181e+00,pp,1.7403210637346804e+00,1.4641489623178450e+00,-7.1690490784010449e-02,1.3017501049387749e-03,1.4659036137750019e+00,6.2342604484078654e+00,2.4999941481561500e+01,4.9999941481527266e+00,2.4108147163701172e+00,1.4659036137750019e+00,0.0000000000000000e+00,0.0000000000000000e+00,3.1415926535897931e+00,0.0000000000000000e+00,1.5699083077847824e+00,2.2026155883779515e+00,6.2342604484078654e+00,1.9879877938908166e+00,3.3935964630840809e+00
max_c_e_gamma_mixing_angles_polarization_05_local_minimum_926,C_e_gamma,polarization_cluster_05_local_minimum_926,1.8257636269972928e+00,3.0087654813659181e+00,qout,1.9879877938908166e+00,-1.5535458414327468e+00,-4.0000305839496397e-01,-1.1741330165277573e+00,1.9879877938908168e+00,3.3935964630840805e+00,2.4999941481561500e+01,4.9999941481527266e+00,2.4108147163701172e+00,1.4659036137750019e+00,0.0000000000000000e+00,0.0000000000000000e+00,3.1415926535897931e+00,0.0000000000000000e+00,1.5699083077847824e+00,2.2026155883779515e+00,6.2342604484078654e+00,1.9879877938908166e+00,3.3935964630840809e+00
max_c_e_gamma_mixing_angles_polarization_05_local_minimum_935,C_e_gamma,polarization_cluster_05_local_minimum_935,1.8474243716894037e+00,3.0027243661627758e+00,k,2.4131319692313298e+00,0.0000000000000000e+00,0.0000000000000000e+00,-2.4108177468678500e+00,2.4108177468678500e+00,0.0000000000000000e+00,2.5000000000000000e+01,5.0000000000000000e+00,2.4108177468678500e+00,1.4794970068260227e+00,0.0000000000000000e+00,0.0000000000000000e+00,3.1415926535897931e+00,0.0000000000000000e+00,1.4868185782869614e+00,2.2375382962303596e+00,5.4749027039092575e-02,2.0296256717793595e+00,2.9188642611919802e+00
max_c_e_gamma_mixing_angles_polarization_05_local_minimum_935,C_e_gamma,polarization_cluster_05_local_minimum_935,1.8474243716894037e+00,3.0027243661627758e+00,p,2.5868680307686698e+00,0.0000000000000000e+00,0.0000000000000000e+00,2.4108177468678500e+00,2.4108177468678500e+00,0.0000000000000000e+00,2.5000000000000000e+01,5.0000000000000000e+00,2.4108177468678500e+00,1.4794970068260227e+00,0.0000000000000000e+00,0.0000000000000000e+00,3.1415926535897931e+00,0.0000000000000000e+00,1.4868185782869614e+00,2.2375382962303596e+00,5.4749027039092575e-02,2.0296256717793595e+00,2.9188642611919802e+00
max_c_e_gamma_mixing_angles_polarization_05_local_minimum_935,C_e_gamma,polarization_cluster_05_local_minimum_935,1.8474243716894037e+00,3.0027243661627758e+00,kp,1.2185879847392294e+00,8.3490149965835592e-02,-4.3298880098876813e-01,1.1310804910856294e+00,1.2139987579225595e+00,4.9028740404163047e+00,2.5000000000000000e+01,5.0000000000000000e+00,2.4108177468678500e+00,1.4794970068260227e+00,0.0000000000000000e+00,0.0000000000000000e+00,3.1415926535897931e+00,0.0000000000000000e+00,1.4868185782869614e+00,2.2375382962303596e+00,5.4749027039092575e-02,2.0296256717793595e+00,2.9188642611919802e+00
max_c_e_gamma_mixing_angles_polarization_05_local_minimum_935,C_e_gamma,polarization_cluster_05_local_minimum_935,1.8474243716894037e+00,3.0027243661627758e+00,pp,1.7517863434811793e+00,1.4720741739997050e+00,8.0675251706219434e-02,1.2409884452477672e-01,1.4794970068260225e+00,5.4749027039092575e-02,2.5000000000000000e+01,5.0000000000000000e+00,2.4108177468678500e+00,1.4794970068260227e+00,0.0000000000000000e+00,0.0000000000000000e+00,3.1415926535897931e+00,0.0000000000000000e+00,1.4868185782869614e+00,2.2375382962303596e+00,5.4749027039092575e-02,2.0296256717793595e+00,2.9188642611919802e+00
max_c_e_gamma_mixing_angles_polarization_05_local_minimum_935,C_e_gamma,polarization_cluster_05_local_minimum_935,1.8474243716894037e+00,3.0027243661627758e+00,qout,2.0296256717793595e+00,-1.5555643239655406e+00,3.5231354928254871e-01,-1.2551793356104062e+00,2.0296256717793599e+00,2.9188642611919802e+00,2.5000000000000000e+01,5.0000000000000000e+00,2.4108177468678500e+00,1.4794970068260227e+00,0.0000000000000000e+00,0.0000000000000000e+00,3.1415926535897931e+00,0.0000000000000000e+00,1.4868185782869614e+00,2.2375382962303596e+00,5.4749027039092575e-02,2.0296256717793595e+00,2.9188642611919802e+00
max_c_e_gamma_mixing_angles_polarization_05_local_minimum_937,C_e_gamma,polarization_cluster_05_local_minimum_937,1.3193372560601722e+00,3.0087141827213357e+00,k,2.4131319692313298e+00,0.0000000000000000e+00,0.0000000000000000e+00,-2.4108177468678500e+00,2.4108177468678500e+00,0.0000000000000000e+00,2.5000000000000000e+01,5.0000000000000000e+00,2.4108177468678500e+00,1.4033439249965340e+00,0.0000000000000000e+00,0.0000000000000000e+00,3.1415926535897931e+00,0.0000000000000000e+00,1.5155952551579006e+00,2.1261601397596448e+00,3.6290215818661667e-02,2.0296074745610406e+00,2.6990878712402342e+00
max_c_e_gamma_mixing_angles_polarization_05_local_minimum_937,C_e_gamma,polarization_cluster_05_local_minimum_937,1.3193372560601722e+00,3.0087141827213357e+00,p,2.5868680307686698e+00,0.0000000000000000e+00,0.0000000000000000e+00,2.4108177468678500e+00,2.4108177468678500e+00,0.0000000000000000e+00,2.5000000000000000e+01,5.0000000000000000e+00,2.4108177468678500e+00,1.4033439249965340e+00,0.0000000000000000e+00,0.0000000000000000e+00,3.1415926535897931e+00,0.0000000000000000e+00,1.5155952551579006e+00,2.1261601397596448e+00,3.6290215818661667e-02,2.0296074745610406e+00,2.6990878712402342e+00
max_c_e_gamma_mixing_angles_polarization_05_local_minimum_937,C_e_gamma,polarization_cluster_05_local_minimum_937,1.3193372560601722e+00,3.0087141827213357e+00,kp,1.2824297972296614e+00,1.5818357006265282e-01,-7.8930944097650257e-01,9.9268880171824558e-01,1.2780698308422789e+00,4.9101763830478093e+00,2.5000000000000000e+01,5.0000000000000000e+00,2.4108177468678500e+00,1.4033439249965340e+00,0.0000000000000000e+00,0.0000000000000000e+00,3.1415926535897931e+00,0.0000000000000000e+00,1.5155952551579006e+00,2.1261601397596448e+00,3.6290215818661667e-02,2.0296074745610406e+00,2.6990878712402342e+00
max_c_e_gamma_mixing_angles_polarization_05_local_minimum_937,C_e_gamma,polarization_cluster_05_local_minimum_937,1.3193372560601722e+00,3.0087141827213357e+00,pp,1.6879627282095651e+00,1.4002837833647563e+00,5.0838920608634715e-02,7.7426752622790584e-02,1.4033439249965340e+00,3.6290215818661660e-02,2.5000000000000000e+01,5.0000000000000000e+00,2.4108177468678500e+00,1.4033439249965340e+00,0.0000000000000000e+00,0.0000000000000000e+00,3.1415926535897931e+00,0.0000000000000000e+00,1.5155952551579006e+00,2.1261601397596448e+00,3.6290215818661667e-02,2.0296074745610406e+00,2.6990878712402342e+00
max_c_e_gamma_mixing_angles_polarization_05_local_minimum_937,C_e_gamma,polarization_cluster_05_local_minimum_937,1.3193372560601722e+00,3.0087141827213357e+00,qout,2.0296074745610406e+00,-1.5584673534274092e+00,7.3847052036786787e-01,-1.0701155543410361e+00,2.0296074745610411e+00,2.6990878712402342e+00,2.5000000000000000e+01,5.0000000000000000e+00,2.4108177468678500e+00,1.4033439249965340e+00,0.0000000000000000e+00,0.0000000000000000e+00,3.1415926535897931e+00,0.0000000000000000e+00,1.5155952551579006e+00,2.1261601397596448e+00,3.6290215818661667e-02,2.0296074745610406e+00,2.6990878712402342e+00
max_c_e_gamma_mixing_angles_polarization_05_local_minimum_938,C_e_gamma,polarization_cluster_05_local_minimum_938,2.0384213648412466e+00,3.0193268060869700e+00,k,1.5542675706938027e+00,0.0000000000000000e+00,0.0000000000000000e+00,-1.5506721087957687e+00,1.5506721087957687e+00,0.0000000000000000e+00,1.1333771076032303e+01,3.3665666599715953e+00,1.5506721087957687e+00,1.1270934019153740e+00,0.0000000000000000e+00,0.0000000000000000e+00,3.1415926535897931e+00,0.0000000000000000e+00,7.4302898364667569e-01,2.9404772921034819e+00,6.1485296253731905e+00,1.2111508889550227e+00,3.6115697402030174e+00
max_c_e_gamma_mixing_angles_polarization_05_local_minimum_938,C_e_gamma,polarization_cluster_05_local_minimum_938,2.0384213648412466e+00,3.0193268060869700e+00,p,1.8122990892777926e+00,0.0000000000000000e+00,0.0000000000000000e+00,1.5506721087957687e+00,1.5506721087957687e+00,0.0000000000000000e+00,1.1333771076032303e+01,3.3665666599715953e+00,1.5506721087957687e+00,1.1270934019153740e+00,0.0000000000000000e+00,0.0000000000000000e+00,3.1415926535897931e+00,0.0000000000000000e+00,7.4302898364667569e-01,2.9404772921034819e+00,6.1485296253731905e+00,1.2111508889550227e+00,3.6115697402030174e+00
max_c_e_gamma_mixing_angles_polarization_05_local_minimum_938,C_e_gamma,polarization_cluster_05_local_minimum_938,2.0384213648412466e+00,3.0193268060869700e+00,kp,6.8906535701622640e-01,-5.3988996731227734e-01,2.1193278346395011e-01,3.5672215016083741e-01,6.8091656899109199e-01,2.7675267849009768e+00,1.1333771076032303e+01,3.3665666599715953e+00,1.5506721087957687e+00,1.1270934019153740e+00,0.0000000000000000e+00,0.0000000000000000e+00,3.1415926535897931e+00,0.0000000000000000e+00,7.4302898364667569e-01,2.9404772921034819e+00,6.1485296253731905e+00,1.2111508889550227e+00,3.6115697402030174e+00
max_c_e_gamma_mixing_angles_polarization_05_local_minimum_938,C_e_gamma,polarization_cluster_05_local_minimum_938,2.0384213648412466e+00,3.0193268060869700e+00,pp,1.4663504140010910e+00,7.5560058713489819e-01,-1.0236536288214949e-01,8.3001724189595827e-01,1.1270934019153740e+00,6.1485296253731905e+00,1.1333771076032303e+01,3.3665666599715953e+00,1.5506721087957687e+00,1.1270934019153740e+00,0.0000000000000000e+00,0.0000000000000000e+00,3.1415926535897931e+00,0.0000000000000000e+00,7.4302898364667569e-01,2.9404772921034819e+00,6.1485296253731905e+00,1.2111508889550227e+00,3.6115697402030174e+00
max_c_e_gamma_mixing_angles_polarization_05_local_minimum_938,C_e_gamma,polarization_cluster_05_local_minimum_938,2.0384213648412466e+00,3.0193268060869700e+00,qout,1.2111508889550227e+00,-2.1571061982262082e-01,-1.0956742058180061e-01,-1.1867393920567957e+00,1.2111508889550227e+00,3.6115697402030169e+00,1.1333771076032303e+01,3.3665666599715953e+00,1.5506721087957687e+00,1.1270934019153740e+00,0.0000000000000000e+00,0.0000000000000000e+00,3.1415926535897931e+00,0.0000000000000000e+00,7.4302898364667569e-01,2.9404772921034819e+00,6.1485296253731905e+00,1.2111508889550227e+00,3.6115697402030174e+00
max_c_e_gamma_mixing_angles_polarization_05_local_minimum_945,C_e_gamma,polarization_cluster_05_local_minimum_945,2.1224619194816103e+00,3.0847261239309995e+00,k,1.0631226021813933e+00,0.0000000000000000e+00,0.0000000000000000e+00,-1.0578591470302832e+00,1.0578591470302832e+00,0.0000000000000000e+00,6.1352849187504264e+00,2.4769507299803974e+00,1.0578591470302832e+00,8.3392763081697163e-01,0.0000000000000000e+00,0.0000000000000000e+00,3.1415926535897931e+00,0.0000000000000000e+00,6.7166358519053893e-01,2.9967138871346033e+00,1.9716083012242167e-01,7.6584533301549884e-01,2.7554987996025755e+00
max_c_e_gamma_mixing_angles_polarization_05_local_minimum_945,C_e_gamma,polarization_cluster_05_local_minimum_945,2.1224619194816103e+00,3.0847261239309995e+00,p,1.4138281277990044e+00,0.0000000000000000e+00,0.0000000000000000e+00,1.0578591470302832e+00,1.0578591470302832e+00,0.0000000000000000e+00,6.1352849187504264e+00,2.4769507299803974e+00,1.0578591470302832e+00,8.3392763081697163e-01,0.0000000000000000e+00,0.0000000000000000e+00,3.1415926535897931e+00,0.0000000000000000e+00,6.7166358519053893e-01,2.9967138871346033e+00,1.9716083012242167e-01,7.6584533301549884e-01,2.7554987996025755e+00
max_c_e_gamma_mixing_angles_polarization_05_local_minimum_945,C_e_gamma,polarization_cluster_05_local_minimum_945,2.1224619194816103e+00,3.0847261239309995e+00,kp,4.5600408892711258e-01,-4.0646257032845579e-01,-1.4329035999746467e-01,1.0503374914154551e-01,4.4359445082749510e-01,3.4805198309881846e+00,6.1352849187504264e+00,2.4769507299803974e+00,1.0578591470302832e+00,8.3392763081697163e-01,0.0000000000000000e+00,0.0000000000000000e+00,3.1415926535897931e+00,0.0000000000000000e+00,6.7166358519053893e-01,2.9967138871346033e+00,1.9716083012242167e-01,7.6584533301549884e-01,2.7554987996025755e+00
max_c_e_gamma_mixing_angles_polarization_05_local_minimum_945,C_e_gamma,polarization_cluster_05_local_minimum_945,2.1224619194816103e+00,3.0847261239309995e+00,pp,1.2551013080385214e+00,5.0889039143203219e-01,1.0165385434493245e-01,6.5278814085810388e-01,8.3392763081697174e-01,1.9716083012242169e-01,6.1352849187504264e+00,2.4769507299803974e+00,1.0578591470302832e+00,8.3392763081697163e-01,0.0000000000000000e+00,0.0000000000000000e+00,3.1415926535897931e+00,0.0000000000000000e+00,6.7166358519053893e-01,2.9967138871346033e+00,1.9716083012242167e-01,7.6584533301549884e-01,2.7554987996025755e+00
max_c_e_gamma_mixing_angles_polarization_05_local_minimum_945,C_e_gamma,polarization_cluster_05_local_minimum_945,2.1224619194816103e+00,3.0847261239309995e+00,qout,7.6584533301549884e-01,-1.0242782110357640e-01,4.1636505652532234e-02,-7.5782188999964939e-01,7.6584533301549884e-01,2.7554987996025755e+00,6.1352849187504264e+00,2.4769507299803974e+00,1.0578591470302832e+00,8.3392763081697163e-01,0.0000000000000000e+00,0.0000000000000000e+00,3.1415926535897931e+00,0.0000000000000000e+00,6.7166358519053893e-01,2.9967138871346033e+00,1.9716083012242167e-01,7.6584533301549884e-01,2.7554987996025755e+00
max_c_e_gamma_mixing_angles_polarization_05_local_minimum_951,C_e_gamma,polarization_cluster_05_local_minimum_951,1.9796086077089508e+00,3.0108999202959041e+00,k,2.0255956981418395e+00,0.0000000000000000e+00,0.0000000000000000e+00,-2.0228381645641917e+00,2.0228381645641917e+00,0.0000000000000000e+00,1.8107839483743454e+01,4.2553307137922260e+00,2.0228381645641917e+00,1.3209284561754009e+00,0.0000000000000000e+00,0.0000000000000000e+00,3.1415926535897931e+00,0.0000000000000000e+00,7.3793041373421775e-01,2.8952337917725659e+00,1.0905149740042537e-01,1.6569822793878206e+00,2.2766783628269658e+00
max_c_e_gamma_mixing_angles_polarization_05_local_minimum_951,C_e_gamma,polarization_cluster_05_local_minimum_951,1.9796086077089508e+00,3.0108999202959041e+00,p,2.2297350156503861e+00,0.0000000000000000e+00,0.0000000000000000e+00,2.0228381645641917e+00,2.0228381645641917e+00,0.0000000000000000e+00,1.8107839483743454e+01,4.2553307137922260e+00,2.0228381645641917e+00,1.3209284561754009e+00,0.0000000000000000e+00,0.0000000000000000e+00,3.1415926535897931e+00,0.0000000000000000e+00,7.3793041373421775e-01,2.8952337917725659e+00,1.0905149740042537e-01,1.6569822793878206e+00,2.2766783628269658e+00
max_c_e_gamma_mixing_angles_polarization_05_local_minimum_951,C_e_gamma,polarization_cluster_05_local_minimum_951,1.9796086077089508e+00,3.0108999202959041e+00,kp,9.7825708317342375e-01,-6.2124757399564345e-01,-4.0425105245983717e-01,6.2964733530391237e-01,9.7253443561946740e-01,3.7184657519751916e+00,1.8107839483743454e+01,4.2553307137922260e+00,2.0228381645641917e+00,1.3209284561754009e+00,0.0000000000000000e+00,0.0000000000000000e+00,3.1415926535897931e+00,0.0000000000000000e+00,7.3793041373421775e-01,2.8952337917725659e+00,1.0905149740042537e-01,1.6569822793878206e+00,2.2766783628269658e+00
max_c_e_gamma_mixing_angles_polarization_05_local_minimum_951,C_e_gamma,polarization_cluster_05_local_minimum_951,1.9796086077089508e+00,3.0108999202959041e+00,pp,1.6200913512311359e+00,8.8338650535946317e-01,9.6718324325104812e-02,9.7730539455303667e-01,1.3209284561754007e+00,1.0905149740042540e-01,1.8107839483743454e+01,4.2553307137922260e+00,2.0228381645641917e+00,1.3209284561754009e+00,0.0000000000000000e+00,0.0000000000000000e+00,3.1415926535897931e+00,0.0000000000000000e+00,7.3793041373421775e-01,2.8952337917725659e+00,1.0905149740042537e-01,1.6569822793878206e+00,2.2766783628269658e+00
max_c_e_gamma_mixing_angles_polarization_05_local_minimum_951,C_e_gamma,polarization_cluster_05_local_minimum_951,1.9796086077089508e+00,3.0108999202959041e+00,qout,1.6569822793878206e+00,-2.6213893136381972e-01,3.0753272813473237e-01,-1.6069527298569490e+00,1.6569822793878206e+00,2.2766783628269658e+00,1.8107839483743454e+01,4.2553307137922260e+00,2.0228381645641917e+00,1.3209284561754009e+00,0.0000000000000000e+00,0.0000000000000000e+00,3.1415926535897931e+00,0.0000000000000000e+00,7.3793041373421775e-01,2.8952337917725659e+00,1.0905149740042537e-01,1.6569822793878206e+00,2.2766783628269658e+00
max_c_e_gamma_mixing_angles_polarization_05_local_minimum_952,C_e_gamma,polarization_cluster_05_local_minimum_952,2.1910995396588877e+00,3.0850849026750700e+00,k,5.4007786335833352e-01,0.0000000000000000e+00,0.0000000000000000e+00,-5.2964177155545777e-01,5.2964177155545777e-01,0.0000000000000000e+00,2.6155945428358098e+00,1.6172799828217159e+00,5.2964177155545777e-01,5.2032543014484189e-01,0.0000000000000000e+00,0.0000000000000000e+00,3.1415926535897931e+00,0.0000000000000000e+00,1.0789823212501255e+00,2.0574341132506309e+00,5.7963280025313813e+00,3.0266521513922534e-01,2.6506521687239832e+00
max_c_e_gamma_mixing_angles_polarization_05_local_minimum_952,C_e_gamma,polarization_cluster_05_local_minimum_952,2.1910995396588877e+00,3.0850849026750700e+00,p,1.0772021194633825e+00,0.0000000000000000e+00,0.0000000000000000e+00,5.2964177155545777e-01,5.2964177155545777e-01,0.0000000000000000e+00,2.6155945428358098e+00,1.6172799828217159e+00,5.2964177155545777e-01,5.2032543014484189e-01,0.0000000000000000e+00,0.0000000000000000e+00,3.1415926535897931e+00,0.0000000000000000e+00,1.0789823212501255e+00,2.0574341132506309e+00,5.7963280025313813e+00,3.0266521513922534e-01,2.6506521687239832e+00
max_c_e_gamma_mixing_angles_polarization_05_local_minimum_952,C_e_gamma,polarization_cluster_05_local_minimum_952,2.1910995396588877e+00,3.0850849026750700e+00,kp,2.4196265574038603e-01,-1.6943197205299165e-01,8.8454207927516154e-02,-1.0416762647671091e-01,2.1767460683240378e-01,2.6604506296719515e+00,2.6155945428358098e+00,1.6172799828217159e+00,5.2964177155545777e-01,5.2032543014484189e-01,0.0000000000000000e+00,0.0000000000000000e+00,3.1415926535897931e+00,0.0000000000000000e+00,1.0789823212501255e+00,2.0574341132506309e+00,5.7963280025313813e+00,3.0266521513922534e-01,2.6506521687239832e+00
max_c_e_gamma_mixing_angles_polarization_05_local_minimum_952,C_e_gamma,polarization_cluster_05_local_minimum_952,2.1910995396588877e+00,3.0850849026750700e+00,pp,1.0726521119428305e+00,4.0536297187841103e-01,-2.1458216754597326e-01,2.4571102469484177e-01,5.2032543014484189e-01,5.7963280025313813e+00,2.6155945428358098e+00,1.6172799828217159e+00,5.2964177155545777e-01,5.2032543014484189e-01,0.0000000000000000e+00,0.0000000000000000e+00,3.1415926535897931e+00,0.0000000000000000e+00,1.0789823212501255e+00,2.0574341132506309e+00,5.7963280025313813e+00,3.0266521513922534e-01,2.6506521687239832e+00
max_c_e_gamma_mixing_angles_polarization_05_local_minimum_952,C_e_gamma,polarization_cluster_05_local_minimum_952,2.1910995396588877e+00,3.0850849026750700e+00,qout,3.0266521513922534e-01,-2.3593099982541937e-01,1.2612795961845710e-01,-1.4154339821813086e-01,3.0266521513922534e-01,2.6506521687239832e+00,2.6155945428358098e+00,1.6172799828217159e+00,5.2964177155545777e-01,5.2032543014484189e-01,0.0000000000000000e+00,0.0000000000000000e+00,3.1415926535897931e+00,0.0000000000000000e+00,1.0789823212501255e+00,2.0574341132506309e+00,5.7963280025313813e+00,3.0266521513922534e-01,2.6506521687239832e+00
max_c_e_gamma_mixing_angles_polarization_05_local_minimum_953,C_e_gamma,polarization_cluster_05_local_minimum_953,1.8415443478397358e+00,3.0045114873679033e+00,k,2.4131319692313298e+00,0.0000000000000000e+00,0.0000000000000000e+00,-2.4108177468678500e+00,2.4108177468678500e+00,0.0000000000000000e+00,2.5000000000000000e+01,5.0000000000000000e+00,2.4108177468678500e+00,1.4449559442095961e+00,0.0000000000000000e+00,0.0000000000000000e+00,3.1415926535897931e+00,0.0000000000000000e+00,1.4778860045767401e+00,2.2709223917114727e+00,6.2240355242256493e+00,2.0280657653650782e+00,3.3524299990705320e+00
max_c_e_gamma_mixing_angles_polarization_05_local_minimum_953,C_e_gamma,polarization_cluster_05_local_minimum_953,1.8415443478397358e+00,3.0045114873679033e+00,p,2.5868680307686698e+00,0.0000000000000000e+00,0.0000000000000000e+00,2.4108177468678500e+00,2.4108177468678500e+00,0.0000000000000000e+00,2.5000000000000000e+01,5.0000000000000000e+00,2.4108177468678500e+00,1.4449559442095961e+00,0.0000000000000000e+00,0.0000000000000000e+00,3.1415926535897931e+00,0.0000000000000000e+00,1.4778860045767401e+00,2.2709223917114727e+00,6.2240355242256493e+00,2.0280657653650782e+00,3.3524299990705320e+00
max_c_e_gamma_mixing_angles_polarization_05_local_minimum_953,C_e_gamma,polarization_cluster_05_local_minimum_953,1.8415443478397358e+00,3.0045114873679033e+00,kp,1.2492207701537732e+00,8.0432876285808197e-02,4.0963893928695305e-01,1.1726531166984291e+00,1.2447444879453322e+00,1.3769121971420546e+00,2.5000000000000000e+01,5.0000000000000000e+00,2.4108177468678500e+00,1.4449559442095961e+00,0.0000000000000000e+00,0.0000000000000000e+00,3.1415926535897931e+00,0.0000000000000000e+00,1.4778860045767401e+00,2.2709223917114727e+00,6.2240355242256493e+00,2.0280657653650782e+00,3.3524299990705320e+00
max_c_e_gamma_mixing_angles_polarization_05_local_minimum_953,C_e_gamma,polarization_cluster_05_local_minimum_953,1.8415443478397358e+00,3.0045114873679033e+00,pp,1.7227134644817301e+00,1.4362076671092983e+00,-8.5050583665063226e-02,1.3405825547628117e-01,1.4449559442095958e+00,6.2240355242256493e+00,2.5000000000000000e+01,5.0000000000000000e+00,2.4108177468678500e+00,1.4449559442095961e+00,0.0000000000000000e+00,0.0000000000000000e+00,3.1415926535897931e+00,0.0000000000000000e+00,1.4778860045767401e+00,2.2709223917114727e+00,6.2240355242256493e+00,2.0280657653650782e+00,3.3524299990705320e+00
max_c_e_gamma_mixing_angles_polarization_05_local_minimum_953,C_e_gamma,polarization_cluster_05_local_minimum_953,1.8415443478397358e+00,3.0045114873679033e+00,qout,2.0280657653650782e+00,-1.5166405433951065e+00,-3.2458835562188981e-01,-1.3067113721747103e+00,2.0280657653650782e+00,3.3524299990705315e+00,2.5000000000000000e+01,5.0000000000000000e+00,2.4108177468678500e+00,1.4449559442095961e+00,0.0000000000000000e+00,0.0000000000000000e+00,3.1415926535897931e+00,0.0000000000000000e+00,1.4778860045767401e+00,2.2709223917114727e+00,6.2240355242256493e+00,2.0280657653650782e+00,3.3524299990705320e+00
max_c_e_gamma_mixing_angles_polarization_05_local_minimum_954,C_e_gamma,polarization_cluster_05_local_minimum_954,1.3280575552519196e+00,3.0114751032107163e+00,k,2.4131319692313298e+00,0.0000000000000000e+00,0.0000000000000000e+00,-2.4108177468678500e+00,2.4108177468678500e+00,0.0000000000000000e+00,2.5000000000000000e+01,5.0000000000000000e+00,2.4108177468678500e+00,1.3641140570985044e+00,0.0000000000000000e+00,0.0000000000000000e+00,3.1415926535897931e+00,0.0000000000000000e+00,1.5167513188431436e+00,2.1438152767190961e+00,3.7500303108189581e-02,2.0272308184904544e+00,2.6845087188923422e+00
max_c_e_gamma_mixing_angles_polarization_05_local_minimum_954,C_e_gamma,polarization_cluster_05_local_minimum_954,1.3280575552519196e+00,3.0114751032107163e+00,p,2.5868680307686698e+00,0.0000000000000000e+00,0.0000000000000000e+00,2.4108177468678500e+00,2.4108177468678500e+00,0.0000000000000000e+00,2.5000000000000000e+01,5.0000000000000000e+00,2.4108177468678500e+00,1.3641140570985044e+00,0.0000000000000000e+00,0.0000000000000000e+00,3.1415926535897931e+00,0.0000000000000000e+00,1.5167513188431436e+00,2.1438152767190961e+00,3.7500303108189581e-02,2.0272308184904544e+00,2.6845087188923422e+00
max_c_e_gamma_mixing_angles_polarization_05_local_minimum_954,C_e_gamma,polarization_cluster_05_local_minimum_954,1.3280575552519196e+00,3.0114751032107163e+00,kp,1.3172779671640233e+00,1.6738527630314759e-01,-8.0284273262093897e-01,1.0254185810765988e+00,1.3130337202305518e+00,4.9179352248454444e+00,2.5000000000000000e+01,5.0000000000000000e+00,2.4108177468678500e+00,1.3641140570985044e+00,0.0000000000000000e+00,0.0000000000000000e+00,3.1415926535897931e+00,0.0000000000000000e+00,1.5167513188431436e+00,2.1438152767190961e+00,3.7500303108189581e-02,2.0272308184904544e+00,2.6845087188923422e+00
max_c_e_gamma_mixing_angles_polarization_05_local_minimum_954,C_e_gamma,polarization_cluster_05_local_minimum_954,1.3280575552519196e+00,3.0114751032107163e+00,pp,1.6554912143450782e+00,1.3611647013781278e+00,5.1068029652301394e-02,7.3687670904740057e-02,1.3641140570985044e+00,3.7500303108189588e-02,2.5000000000000000e+01,5.0000000000000000e+00,2.4108177468678500e+00,1.3641140570985044e+00,0.0000000000000000e+00,0.0000000000000000e+00,3.1415926535897931e+00,0.0000000000000000e+00,1.5167513188431436e+00,2.1438152767190961e+00,3.7500303108189581e-02,2.0272308184904544e+00,2.6845087188923422e+00
max_c_e_gamma_mixing_angles_polarization_05_local_minimum_954,C_e_gamma,polarization_cluster_05_local_minimum_954,1.3280575552519196e+00,3.0114751032107163e+00,qout,2.0272308184904544e+00,-1.5285499776812754e+00,7.5177470296863758e-01,-1.0991062519813388e+00,2.0272308184904544e+00,2.6845087188923422e+00,2.5000000000000000e+01,5.0000000000000000e+00,2.4108177468678500e+00,1.3641140570985044e+00,0.0000000000000000e+00,0.0000000000000000e+00,3.1415926535897931e+00,0.0000000000000000e+00,1.5167513188431436e+00,2.1438152767190961e+00,3.7500303108189581e-02,2.0272308184904544e+00,2.6845087188923422e+00
max_c_e_gamma_mixing_angles_polarization_05_local_minimum_955,C_e_gamma,polarization_cluster_05_local_minimum_955,1.8590056438196827e+00,3.0088997887825539e+00,k,2.1483901522169973e+00,0.0000000000000000e+00,0.0000000000000000e+00,-2.1457904263533458e+00,2.1457904263533458e+00,0.0000000000000000e+00,2.0162254959001753e+01,4.4902399667503019e+00,2.1457904263533458e+00,1.2055903945708977e+00,0.0000000000000000e+00,0.0000000000000000e+00,3.1415926535897931e+00,0.0000000000000000e+00,1.2515718490688705e+00,2.8599275211966124e+00,7.2716556445703365e-02,1.5892362657254684e+00,2.8603781766989158e+00
max_c_e_gamma_mixing_angles_polarization_05_local_minimum_955,C_e_gamma,polarization_cluster_05_local_minimum_955,1.8590056438196827e+00,3.0088997887825539e+00,p,2.3418498145333047e+00,0.0000000000000000e+00,0.0000000000000000e+00,2.1457904263533458e+00,2.1457904263533458e+00,0.0000000000000000e+00,2.0162254959001753e+01,4.4902399667503019e+00,2.1457904263533458e+00,1.2055903945708977e+00,0.0000000000000000e+00,0.0000000000000000e+00,3.1415926535897931e+00,0.0000000000000000e+00,1.2515718490688705e+00,2.8599275211966124e+00,7.2716556445703365e-02,1.5892362657254684e+00,2.8603781766989158e+00
max_c_e_gamma_mixing_angles_polarization_05_local_minimum_955,C_e_gamma,polarization_cluster_05_local_minimum_955,1.8590056438196827e+00,3.0088997887825539e+00,kp,1.3734919336455942e+00,-7.1727261921871266e-01,-2.0575608218166144e-01,1.1482599112747061e+00,1.3694219216429298e+00,3.4209502820011837e+00,2.0162254959001753e+01,4.4902399667503019e+00,2.1457904263533458e+00,1.2055903945708977e+00,0.0000000000000000e+00,0.0000000000000000e+00,3.1415926535897931e+00,0.0000000000000000e+00,1.2515718490688705e+00,2.8599275211966124e+00,7.2716556445703365e-02,1.5892362657254684e+00,2.8603781766989158e+00
max_c_e_gamma_mixing_angles_polarization_05_local_minimum_955,C_e_gamma,polarization_cluster_05_local_minimum_955,1.8590056438196827e+00,3.0088997887825539e+00,pp,1.5275117673790970e+00,1.1416578308020848e+00,8.3164059926208581e-02,3.7835081073850135e-01,1.2055903945708977e+00,7.2716556445703365e-02,2.0162254959001753e+01,4.4902399667503019e+00,2.1457904263533458e+00,1.2055903945708977e+00,0.0000000000000000e+00,0.0000000000000000e+00,3.1415926535897931e+00,0.0000000000000000e+00,1.2515718490688705e+00,2.8599275211966124e+00,7.2716556445703365e-02,1.5892362657254684e+00,2.8603781766989158e+00
max_c_e_gamma_mixing_angles_polarization_05_local_minimum_955,C_e_gamma,polarization_cluster_05_local_minimum_955,1.8590056438196827e+00,3.0088997887825539e+00,qout,1.5892362657254684e+00,-4.2438521158337217e-01,1.2259202225545286e-01,-1.5266107220132075e+00,1.5892362657254684e+00,2.8603781766989158e+00,2.0162254959001753e+01,4.4902399667503019e+00,2.1457904263533458e+00,1.2055903945708977e+00,0.0000000000000000e+00,0.0000000000000000e+00,3.1415926535897931e+00,0.0000000000000000e+00,1.2515718490688705e+00,2.8599275211966124e+00,7.2716556445703365e-02,1.5892362657254684e+00,2.8603781766989158e+00
max_c_e_gamma_mixing_angles_polarization_05_local_minimum_967,C_e_gamma,polarization_cluster_05_local_minimum_967,1.9893473070445344e+00,3.0142215538589019e+00,k,1.6526698376594398e+00,0.0000000000000000e+00,0.0000000000000000e+00,-1.6492889073767458e+00,1.6492889073767458e+00,0.0000000000000000e+00,1.2602754751848630e+01,3.5500358803607366e+00,1.6492889073767458e+00,1.1250192772754424e+00,0.0000000000000000e+00,0.0000000000000000e+00,3.1415926535897931e+00,0.0000000000000000e+00,8.4509872938110975e-01,2.9150350772915168e+00,1.3166895361923728e-01,1.2752454150554258e+00,2.6494523244829935e+00
max_c_e_gamma_mixing_angles_polarization_05_local_minimum_967,C_e_gamma,polarization_cluster_05_local_minimum_967,1.9893473070445344e+00,3.0142215538589019e+00,p,1.8973660427012971e+00,0.0000000000000000e+00,0.0000000000000000e+00,1.6492889073767458e+00,1.6492889073767458e+00,0.0000000000000000e+00,1.2602754751848630e+01,3.5500358803607366e+00,1.6492889073767458e+00,1.1250192772754424e+00,0.0000000000000000e+00,0.0000000000000000e+00,3.1415926535897931e+00,0.0000000000000000e+00,8.4509872938110975e-01,2.9150350772915168e+00,1.3166895361923728e-01,1.2752454150554258e+00,2.6494523244829935e+00
max_c_e_gamma_mixing_angles_polarization_05_local_minimum_967,C_e_gamma,polarization_cluster_05_local_minimum_967,1.9893473070445344e+00,3.0142215538589019e+00,kp,8.1003370248018258e-01,-5.8181504015373497e-01,-2.4583887763561599e-01,4.9602964844273401e-01,8.0311325903664044e-01,3.5413759929680775e+00,1.2602754751848630e+01,3.5500358803607366e+00,1.6492889073767458e+00,1.1250192772754424e+00,0.0000000000000000e+00,0.0000000000000000e+00,3.1415926535897931e+00,0.0000000000000000e+00,8.4509872938110975e-01,2.9150350772915168e+00,1.3166895361923728e-01,1.2752454150554258e+00,2.6494523244829935e+00
max_c_e_gamma_mixing_angles_polarization_05_local_minimum_967,C_e_gamma,polarization_cluster_05_local_minimum_967,1.9893473070445344e+00,3.0142215538589019e+00,pp,1.4647567628249267e+00,8.3427126682276398e-01,1.1048685690464283e-01,7.4662740510018266e-01,1.1250192772754424e+00,1.3166895361923728e-01,1.2602754751848630e+01,3.5500358803607366e+00,1.6492889073767458e+00,1.1250192772754424e+00,0.0000000000000000e+00,0.0000000000000000e+00,3.1415926535897931e+00,0.0000000000000000e+00,8.4509872938110975e-01,2.9150350772915168e+00,1.3166895361923728e-01,1.2752454150554258e+00,2.6494523244829935e+00
max_c_e_gamma_mixing_angles_polarization_05_local_minimum_967,C_e_gamma,polarization_cluster_05_local_minimum_967,1.9893473070445344e+00,3.0142215538589019e+00,qout,1.2752454150554258e+00,-2.5245622666902895e-01,1.3535202073097316e-01,-1.2426570535429167e+00,1.2752454150554258e+00,2.6494523244829935e+00,1.2602754751848630e+01,3.5500358803607366e+00,1.6492889073767458e+00,1.1250192772754424e+00,0.0000000000000000e+00,0.0000000000000000e+00,3.1415926535897931e+00,0.0000000000000000e+00,8.4509872938110975e-01,2.9150350772915168e+00,1.3166895361923728e-01,1.2752454150554258e+00,2.6494523244829935e+00
max_c_e_gamma_mixing_angles_polarization_05_local_minimum_971,C_e_gamma,polarization_cluster_05_local_minimum_971,1.9461118035645577e+00,3.0083864603541581e+00,k,1.7341377603802017e+00,0.0000000000000000e+00,0.0000000000000000e+00,-1.7309159655116602e+00,1.7309159655116602e+00,0.0000000000000000e+00,1.3711260246040331e+01,3.7028718916592736e+00,1.7309159655116602e+00,1.1189414201691810e+00,0.0000000000000000e+00,0.0000000000000000e+00,3.1415926535897931e+00,0.0000000000000000e+00,9.8833704674125433e-01,2.9059955627191880e+00,6.1702747437374548e+00,1.3009163978588929e+00,3.4776606504081182e+00
max_c_e_gamma_mixing_angles_polarization_05_local_minimum_971,C_e_gamma,polarization_cluster_05_local_minimum_971,1.9461118035645577e+00,3.0083864603541581e+00,p,1.9687341312790720e+00,0.0000000000000000e+00,0.0000000000000000e+00,1.7309159655116602e+00,1.7309159655116602e+00,0.0000000000000000e+00,1.3711260246040331e+01,3.7028718916592736e+00,1.7309159655116602e+00,1.1189414201691810e+00,0.0000000000000000e+00,0.0000000000000000e+00,3.1415926535897931e+00,0.0000000000000000e+00,9.8833704674125433e-01,2.9059955627191880e+00,6.1702747437374548e+00,1.3009163978588929e+00,3.4776606504081182e+00
max_c_e_gamma_mixing_angles_polarization_05_local_minimum_971,C_e_gamma,polarization_cluster_05_local_minimum_971,1.9461118035645577e+00,3.0083864603541581e+00,kp,9.4186169483777393e-01,-6.4181444173259927e-01,2.0542610450063367e-01,6.4947216865894386e-01,9.3591653468104996e-01,2.8318254265301670e+00,1.3711260246040331e+01,3.7028718916592736e+00,1.7309159655116602e+00,1.1189414201691810e+00,0.0000000000000000e+00,0.0000000000000000e+00,3.1415926535897931e+00,0.0000000000000000e+00,9.8833704674125433e-01,2.9059955627191880e+00,6.1702747437374548e+00,1.3009163978588929e+00,3.4776606504081182e+00
max_c_e_gamma_mixing_angles_polarization_05_local_minimum_971,C_e_gamma,polarization_cluster_05_local_minimum_971,1.9461118035645577e+00,3.0083864603541581e+00,pp,1.4600937989630063e+00,9.2849165130442524e-01,-1.0528431227991880e-01,6.1550659526600515e-01,1.1189414201691810e+00,6.1702747437374548e+00,1.3711260246040331e+01,3.7028718916592736e+00,1.7309159655116602e+00,1.1189414201691810e+00,0.0000000000000000e+00,0.0000000000000000e+00,3.1415926535897931e+00,0.0000000000000000e+00,9.8833704674125433e-01,2.9059955627191880e+00,6.1702747437374548e+00,1.3009163978588929e+00,3.4776606504081182e+00
max_c_e_gamma_mixing_angles_polarization_05_local_minimum_971,C_e_gamma,polarization_cluster_05_local_minimum_971,1.9461118035645577e+00,3.0083864603541581e+00,qout,1.3009163978588929e+00,-2.8667720957182596e-01,-1.0014179222071487e-01,-1.2649787639249490e+00,1.3009163978588929e+00,3.4776606504081182e+00,1.3711260246040331e+01,3.7028718916592736e+00,1.7309159655116602e+00,1.1189414201691810e+00,0.0000000000000000e+00,0.0000000000000000e+00,3.1415926535897931e+00,0.0000000000000000e+00,9.8833704674125433e-01,2.9059955627191880e+00,6.1702747437374548e+00,1.3009163978588929e+00,3.4776606504081182e+00
max_c_e_gamma_mixing_angles_polarization_05_local_minimum_974,C_e_gamma,polarization_cluster_05_local_minimum_974,2.0585334601187695e+00,3.0552832588455221e+00,k,1.2805032222853099e+00,0.0000000000000000e+00,0.0000000000000000e+00,-1.2761366737030022e+00,1.2761366737030022e+00,0.0000000000000000e+00,8.2041359590213343e+00,2.8642862913859246e+00,1.2761366737030022e+00,9.5152156228742224e-01,0.0000000000000000e+00,0.0000000000000000e+00,3.1415926535897931e+00,0.0000000000000000e+00,7.1799094185928192e-01,2.9544157524636687e+00,6.0714573015947009e+00,9.5928230998651287e-01,3.6878872019648159e+00
max_c_e_gamma_mixing_angles_polarization_05_local_minimum_974,C_e_gamma,polarization_cluster_05_local_minimum_974,2.0585334601187695e+00,3.0552832588455221e+00,p,1.5837830691006147e+00,0.0000000000000000e+00,0.0000000000000000e+00,1.2761366737030022e+00,1.2761366737030022e+00,0.0000000000000000e+00,8.2041359590213343e+00,2.8642862913859246e+00,1.2761366737030022e+00,9.5152156228742224e-01,0.0000000000000000e+00,0.0000000000000000e+00,3.1415926535897931e+00,0.0000000000000000e+00,7.1799094185928192e-01,2.9544157524636687e+00,6.0714573015947009e+00,9.5928230998651287e-01,3.6878872019648159e+00
max_c_e_gamma_mixing_angles_polarization_05_local_minimum_974,C_e_gamma,polarization_cluster_05_local_minimum_974,2.0585334601187695e+00,3.0552832588455221e+00,kp,5.6887626164351190e-01,-4.5947377715070314e-01,2.2428927972203860e-01,2.2590855641350460e-01,5.5897809326323200e-01,2.6874749053774090e+00,8.2041359590213343e+00,2.8642862913859246e+00,1.2761366737030022e+00,9.5152156228742224e-01,0.0000000000000000e+00,0.0000000000000000e+00,3.1415926535897931e+00,0.0000000000000000e+00,7.1799094185928192e-01,2.9544157524636687e+00,6.0714573015947009e+00,9.5928230998651287e-01,3.6878872019648159e+00
max_c_e_gamma_mixing_angles_polarization_05_local_minimum_974,C_e_gamma,polarization_cluster_05_local_minimum_974,2.0585334601187695e+00,3.0552832588455221e+00,pp,1.3361277197550752e+00,6.1200165101388149e-01,-1.3154952241518253e-01,7.1661843808718551e-01,9.5152156228742224e-01,6.0714573015947009e+00,8.2041359590213343e+00,2.8642862913859246e+00,1.2761366737030022e+00,9.5152156228742224e-01,0.0000000000000000e+00,0.0000000000000000e+00,3.1415926535897931e+00,0.0000000000000000e+00,7.1799094185928192e-01,2.9544157524636687e+00,6.0714573015947009e+00,9.5928230998651287e-01,3.6878872019648159e+00
max_c_e_gamma_mixing_angles_polarization_05_local_minimum_974,C_e_gamma,polarization_cluster_05_local_minimum_974,2.0585334601187695e+00,3.0552832588455221e+00,qout,9.5928230998651287e-01,-1.5252787386317831e-01,-9.2739757306856060e-02,-9.4252699450069011e-01,9.5928230998651287e-01,3.6878872019648155e+00,8.2041359590213343e+00,2.8642862913859246e+00,1.2761366737030022e+00,9.5152156228742224e-01,0.0000000000000000e+00,0.0000000000000000e+00,3.1415926535897931e+00,0.0000000000000000e+00,7.1799094185928192e-01,2.9544157524636687e+00,6.0714573015947009e+00,9.5928230998651287e-01,3.6878872019648159e+00
max_c_e_gamma_mixing_angles_polarization_05_local_minimum_975,C_e_gamma,polarization_cluster_05_local_minimum_975,1.9468940539207451e+00,3.0174120710552481e+00,k,1.9635620721874818e+00,0.0000000000000000e+00,0.0000000000000000e+00,-1.9607172970675548e+00,1.9607172970675548e+00,0.0000000000000000e+00,1.7115575844541507e+01,4.1370975145071824e+00,1.9607172970675548e+00,1.2217200188368333e+00,0.0000000000000000e+00,0.0000000000000000e+00,3.1415926535897931e+00,0.0000000000000000e+00,8.1554562407328357e-01,2.8748973789535923e+00,6.1573575778114140e+00,1.5801890649647869e+00,3.9934606586263541e+00
max_c_e_gamma_mixing_angles_polarization_05_local_minimum_975,C_e_gamma,polarization_cluster_05_local_minimum_975,1.9468940539207451e+00,3.0174120710552481e+00,p,2.1735354423197011e+00,0.0000000000000000e+00,0.0000000000000000e+00,1.9607172970675548e+00,1.9607172970675548e+00,0.0000000000000000e+00,1.7115575844541507e+01,4.1370975145071824e+00,1.9607172970675548e+00,1.2217200188368333e+00,0.0000000000000000e+00,0.0000000000000000e+00,3.1415926535897931e+00,0.0000000000000000e+00,8.1554562407328357e-01,2.8748973789535923e+00,6.1573575778114140e+00,1.5801890649647869e+00,3.9934606586263541e+00
max_c_e_gamma_mixing_angles_polarization_05_local_minimum_975,C_e_gamma,polarization_cluster_05_local_minimum_975,1.9468940539207451e+00,3.0174120710552481e+00,kp,1.0166345114305821e+00,-6.0823580388261744e-01,4.2501720767122209e-01,6.8687088857879453e-01,1.0111290904322747e+00,2.5316923658801143e+00,1.7115575844541507e+01,4.1370975145071824e+00,1.9607172970675548e+00,1.2217200188368333e+00,0.0000000000000000e+00,0.0000000000000000e+00,3.1415926535897931e+00,0.0000000000000000e+00,8.1554562407328357e-01,2.8748973789535923e+00,6.1573575778114140e+00,1.5801890649647869e+00,3.9934606586263541e+00
max_c_e_gamma_mixing_angles_polarization_05_local_minimum_975,C_e_gamma,polarization_cluster_05_local_minimum_975,1.9468940539207451e+00,3.0174120710552481e+00,pp,1.5402739381118777e+00,8.8250145963768334e-01,-1.1163292475071432e-01,8.3745392009090980e-01,1.2217200188368333e+00,6.1573575778114140e+00,1.7115575844541507e+01,4.1370975145071824e+00,1.9607172970675548e+00,1.2217200188368333e+00,0.0000000000000000e+00,0.0000000000000000e+00,3.1415926535897931e+00,0.0000000000000000e+00,8.1554562407328357e-01,2.8748973789535923e+00,6.1573575778114140e+00,1.5801890649647869e+00,3.9934606586263541e+00
max_c_e_gamma_mixing_angles_polarization_05_local_minimum_975,C_e_gamma,polarization_cluster_05_local_minimum_975,1.9468940539207451e+00,3.0174120710552481e+00,qout,1.5801890649647869e+00,-2.7426565575506590e-01,-3.1338428292050780e-01,-1.5243248086697043e+00,1.5801890649647869e+00,3.9934606586263537e+00,1.7115575844541507e+01,4.1370975145071824e+00,1.9607172970675548e+00,1.2217200188368333e+00,0.0000000000000000e+00,0.0000000000000000e+00,3.1415926535897931e+00,0.0000000000000000e+00,8.1554562407328357e-01,2.8748973789535923e+00,6.1573575778114140e+00,1.5801890649647869e+00,3.9934606586263541e+00
max_c_e_gamma_mixing_angles_polarization_05_local_minimum_979,C_e_gamma,polarization_cluster_05_local_minimum_979,1.9758918611488294e+00,3.0149476753993345e+00,k,1.5989334204043790e+00,0.0000000000000000e+00,0.0000000000000000e+00,-1.5954386201207327e+00,1.5954386201207327e+00,0.0000000000000000e+00,1.1900302332981228e+01,3.4496814828301505e+00,1.5954386201207327e+00,1.0775292529249856e+00,0.0000000000000000e+00,0.0000000000000000e+00,3.1415926535897931e+00,0.0000000000000000e+00,9.0613731979177614e-01,2.9173363399922843e+00,1.3341288962696610e-01,1.2028535159011873e+00,2.7418864950496920e+00
max_c_e_gamma_mixing_angles_polarization_05_local_minimum_979,C_e_gamma,polarization_cluster_05_local_minimum_979,1.9758918611488294e+00,3.0149476753993345e+00,p,1.8507480624257715e+00,0.0000000000000000e+00,0.0000000000000000e+00,1.5954386201207327e+00,1.5954386201207327e+00,0.0000000000000000e+00,1.1900302332981228e+01,3.4496814828301505e+00,1.5954386201207327e+00,1.0775292529249856e+00,0.0000000000000000e+00,0.0000000000000000e+00,3.1415926535897931e+00,0.0000000000000000e+00,9.0613731979177614e-01,2.9173363399922843e+00,1.3341288962696610e-01,1.2028535159011873e+00,2.7418864950496920e+00
max_c_e_gamma_mixing_angles_polarization_05_local_minimum_979,C_e_gamma,polarization_cluster_05_local_minimum_979,1.9758918611488294e+00,3.0149476753993345e+00,kp,8.1822260122807811e-01,-5.9420835894467716e-01,-2.1691307497273229e-01,5.0812368269279795e-01,8.1137200644780916e-01,3.4916076406319050e+00,1.1900302332981228e+01,3.4496814828301505e+00,1.5954386201207327e+00,1.0775292529249856e+00,0.0000000000000000e+00,0.0000000000000000e+00,3.1415926535897931e+00,0.0000000000000000e+00,9.0613731979177614e-01,2.9173363399922843e+00,1.3341288962696610e-01,1.2028535159011873e+00,2.7418864950496920e+00
max_c_e_gamma_mixing_angles_polarization_05_local_minimum_979,C_e_gamma,polarization_cluster_05_local_minimum_979,1.9758918611488294e+00,3.0149476753993345e+00,pp,1.4286053657007864e+00,8.4061558832600936e-01,1.1281910603323668e-01,6.6461009087001988e-01,1.0775292529249856e+00,1.3341288962696607e-01,1.1900302332981228e+01,3.4496814828301505e+00,1.5954386201207327e+00,1.0775292529249856e+00,0.0000000000000000e+00,0.0000000000000000e+00,3.1415926535897931e+00,0.0000000000000000e+00,9.0613731979177614e-01,2.9173363399922843e+00,1.3341288962696610e-01,1.2028535159011873e+00,2.7418864950496920e+00
max_c_e_gamma_mixing_angles_polarization_05_local_minimum_979,C_e_gamma,polarization_cluster_05_local_minimum_979,1.9758918611488294e+00,3.0149476753993345e+00,qout,1.2028535159011873e+00,-2.4640722938133214e-01,1.0409396893949562e-01,-1.1727337735628178e+00,1.2028535159011873e+00,2.7418864950496920e+00,1.1900302332981228e+01,3.4496814828301505e+00,1.5954386201207327e+00,1.0775292529249856e+00,0.0000000000000000e+00,0.0000000000000000e+00,3.1415926535897931e+00,0.0000000000000000e+00,9.0613731979177614e-01,2.9173363399922843e+00,1.3341288962696610e-01,1.2028535159011873e+00,2.7418864950496920e+00
max_c_e_gamma_mixing_angles_polarization_05_local_minimum_980,C_e_gamma,polarization_cluster_05_local_minimum_980,1.9440807980093506e+00,3.0154643574001483e+00,k,1.9216866350300505e+00,0.0000000000000000e+00,0.0000000000000000e+00,-1.9187797765610883e+00,1.9187797765610883e+00,0.0000000000000000e+00,1.6463042376332972e+01,4.0574674830900337e+00,1.9187797765610883e+00,1.1973455059783027e+00,0.0000000000000000e+00,0.0000000000000000e+00,3.1415926535897931e+00,0.0000000000000000e+00,8.5681251346545440e-01,2.8759716788260796e+00,6.1585511958165711e+00,1.5287376281064786e+00,3.9140692290717918e+00
max_c_e_gamma_mixing_angles_polarization_05_local_minimum_980,C_e_gamma,polarization_cluster_05_local_minimum_980,1.9440807980093506e+00,3.0154643574001483e+00,p,2.1357808480599831e+00,0.0000000000000000e+00,0.0000000000000000e+00,1.9187797765610883e+00,1.9187797765610883e+00,0.0000000000000000e+00,1.6463042376332972e+01,4.0574674830900337e+00,1.9187797765610883e+00,1.1973455059783027e+00,0.0000000000000000e+00,0.0000000000000000e+00,3.1415926535897931e+00,0.0000000000000000e+00,8.5681251346545440e-01,2.8759716788260796e+00,6.1585511958165711e+00,1.5287376281064786e+00,3.9140692290717918e+00
max_c_e_gamma_mixing_angles_polarization_05_local_minimum_980,C_e_gamma,polarization_cluster_05_local_minimum_980,1.9440807980093506e+00,3.0154643574001483e+00,kp,1.0077169488300883e+00,-6.1047601563376386e-01,3.9256658571668152e-01,6.9104288344559017e-01,1.0021625400333640e+00,2.5701187423334186e+00,1.6463042376332972e+01,4.0574674830900337e+00,1.9187797765610883e+00,1.1973455059783027e+00,0.0000000000000000e+00,0.0000000000000000e+00,3.1415926535897931e+00,0.0000000000000000e+00,8.5681251346545440e-01,2.8759716788260796e+00,6.1585511958165711e+00,1.5287376281064786e+00,3.9140692290717918e+00
max_c_e_gamma_mixing_angles_polarization_05_local_minimum_980,C_e_gamma,polarization_cluster_05_local_minimum_980,1.9440807980093506e+00,3.0154643574001483e+00,pp,1.5210129061538029e+00,8.9788559022907921e-01,-1.1249023849220346e-01,7.8408142038271955e-01,1.1973455059783027e+00,6.1585511958165711e+00,1.6463042376332972e+01,4.0574674830900337e+00,1.9187797765610883e+00,1.1973455059783027e+00,0.0000000000000000e+00,0.0000000000000000e+00,3.1415926535897931e+00,0.0000000000000000e+00,8.5681251346545440e-01,2.8759716788260796e+00,6.1585511958165711e+00,1.5287376281064786e+00,3.9140692290717918e+00
max_c_e_gamma_mixing_angles_polarization_05_local_minimum_980,C_e_gamma,polarization_cluster_05_local_minimum_980,1.9440807980093506e+00,3.0154643574001483e+00,qout,1.5287376281064786e+00,-2.8740957459531530e-01,-2.8007634722447805e-01,-1.4751243038283097e+00,1.5287376281064784e+00,3.9140692290717918e+00,1.6463042376332972e+01,4.0574674830900337e+00,1.9187797765610883e+00,1.1973455059783027e+00,0.0000000000000000e+00,0.0000000000000000e+00,3.1415926535897931e+00,0.0000000000000000e+00,8.5681251346545440e-01,2.8759716788260796e+00,6.1585511958165711e+00,1.5287376281064786e+00,3.9140692290717918e+00
max_c_e_gamma_mixing_angles_polarization_05_local_minimum_985,C_e_gamma,polarization_cluster_05_local_minimum_985,2.0218152871209822e+00,3.0377623616056533e+00,k,1.4133880325927994e+00,0.0000000000000000e+00,0.0000000000000000e+00,-1.4094332330278172e+00,1.4094332330278172e+00,0.0000000000000000e+00,9.6498246584447784e+00,3.1064166910517299e+00,1.4094332330278172e+00,1.0079582264414433e+00,0.0000000000000000e+00,0.0000000000000000e+00,3.1415926535897931e+00,0.0000000000000000e+00,7.7511692650620756e-01,2.9321413074972513e+00,6.0974131654457624e+00,1.0710870846028384e+00,3.6953018772256301e+00
max_c_e_gamma_mixing_angles_polarization_05_local_minimum_985,C_e_gamma,polarization_cluster_05_local_minimum_985,2.0218152871209822e+00,3.0377623616056533e+00,p,1.6930286584589302e+00,0.0000000000000000e+00,0.0000000000000000e+00,1.4094332330278172e+00,1.4094332330278172e+00,0.0000000000000000e+00,9.6498246584447784e+00,3.1064166910517299e+00,1.4094332330278172e+00,1.0079582264414433e+00,0.0000000000000000e+00,0.0000000000000000e+00,3.1415926535897931e+00,0.0000000000000000e+00,7.7511692650620756e-01,2.9321413074972513e+00,6.0974131654457624e+00,1.0710870846028384e+00,3.6953018772256301e+00
max_c_e_gamma_mixing_angles_polarization_05_local_minimum_985,C_e_gamma,polarization_cluster_05_local_minimum_985,2.0218152871209822e+00,3.0377623616056533e+00,kp,6.5844043652615514e-01,-5.0380465749888548e-01,2.4739338352288892e-01,3.2765453912769493e-01,6.4990777510309472e-01,2.6851304755558298e+00,9.6498246584447784e+00,3.1064166910517299e+00,1.4094332330278172e+00,1.0079582264414433e+00,0.0000000000000000e+00,0.0000000000000000e+00,3.1415926535897931e+00,0.0000000000000000e+00,7.7511692650620756e-01,2.9321413074972513e+00,6.0974131654457624e+00,1.0710870846028384e+00,3.6953018772256301e+00
max_c_e_gamma_mixing_angles_polarization_05_local_minimum_985,C_e_gamma,polarization_cluster_05_local_minimum_985,2.0218152871209822e+00,3.0377623616056533e+00,pp,1.3768891699229027e+00,6.9323214098180985e-01,-1.3028545217648607e-01,7.2002408703592991e-01,1.0079582264414431e+00,6.0974131654457624e+00,9.6498246584447784e+00,3.1064166910517299e+00,1.4094332330278172e+00,1.0079582264414433e+00,0.0000000000000000e+00,0.0000000000000000e+00,3.1415926535897931e+00,0.0000000000000000e+00,7.7511692650620756e-01,2.9321413074972513e+00,6.0974131654457624e+00,1.0710870846028384e+00,3.6953018772256301e+00
max_c_e_gamma_mixing_angles_polarization_05_local_minimum_985,C_e_gamma,polarization_cluster_05_local_minimum_985,2.0218152871209822e+00,3.0377623616056533e+00,qout,1.0710870846028384e+00,-1.8942748348292440e-01,-1.1710793134640285e-01,-1.0476786261636248e+00,1.0710870846028384e+00,3.6953018772256296e+00,9.6498246584447784e+00,3.1064166910517299e+00,1.4094332330278172e+00,1.0079582264414433e+00,0.0000000000000000e+00,0.0000000000000000e+00,3.1415926535897931e+00,0.0000000000000000e+00,7.7511692650620756e-01,2.9321413074972513e+00,6.0974131654457624e+00,1.0710870846028384e+00,3.6953018772256301e+00
max_c_e_gamma_mixing_angles_polarization_05_local_minimum_988,C_e_gamma,polarization_cluster_05_local_minimum_988,8.6868534082956184e-01,2.9626822379909887e+00,k,5.3026185143671523e-01,0.0000000000000000e+00,0.0000000000000000e+00,-5.1962865469082253e-01,5.1962865469082253e-01,0.0000000000000000e+00,2.5682502924462738e+00,1.6025761424800613e+00,5.1962865469082253e-01,4.0337234884115647e-01,0.0000000000000000e+00,0.0000000000000000e+00,3.1415926535897931e+00,0.0000000000000000e+00,6.2430445726274553e-01,3.0417118454141132e+00,3.5323690439121318e+00,3.2189387523688306e-01,5.1316346142582203e+00
max_c_e_gamma_mixing_angles_polarization_05_local_minimum_988,C_e_gamma,polarization_cluster_05_local_minimum_988,8.6868534082956184e-01,2.9626822379909887e+00,p,1.0723142910433461e+00,0.0000000000000000e+00,0.0000000000000000e+00,5.1962865469082253e-01,5.1962865469082253e-01,0.0000000000000000e+00,2.5682502924462738e+00,1.6025761424800613e+00,5.1962865469082253e-01,4.0337234884115647e-01,0.0000000000000000e+00,0.0000000000000000e+00,3.1415926535897931e+00,0.0000000000000000e+00,6.2430445726274553e-01,3.0417118454141132e+00,3.5323690439121318e+00,3.2189387523688306e-01,5.1316346142582203e+00
max_c_e_gamma_mixing_angles_polarization_05_local_minimum_988,C_e_gamma,polarization_cluster_05_local_minimum_988,8.6868534082956184e-01,2.9626822379909887e+00,kp,2.5962729721988387e-01,2.0494352169198288e-01,1.1912963368484777e-01,-6.9946009896655337e-03,2.3715531018386010e-01,5.2654128975369463e-01,2.5682502924462738e+00,1.6025761424800613e+00,5.1962865469082253e-01,4.0337234884115647e-01,0.0000000000000000e+00,0.0000000000000000e+00,3.1415926535897931e+00,0.0000000000000000e+00,6.2430445726274553e-01,3.0417118454141132e+00,3.5323690439121318e+00,3.2189387523688306e-01,5.1316346142582203e+00
max_c_e_gamma_mixing_angles_polarization_05_local_minimum_988,C_e_gamma,polarization_cluster_05_local_minimum_988,8.6868534082956184e-01,2.9626822379909887e+00,pp,1.0210549700234710e+00,-2.1800953675712129e-01,-8.9811814626279490e-02,3.2728417567323942e-01,4.0337234884115647e-01,3.5323690439121314e+00,2.5682502924462738e+00,1.6025761424800613e+00,5.1962865469082253e-01,4.0337234884115647e-01,0.0000000000000000e+00,0.0000000000000000e+00,3.1415926535897931e+00,0.0000000000000000e+00,6.2430445726274553e-01,3.0417118454141132e+00,3.5323690439121318e+00,3.2189387523688306e-01,5.1316346142582203e+00
max_c_e_gamma_mixing_angles_polarization_05_local_minimum_988,C_e_gamma,polarization_cluster_05_local_minimum_988,8.6868534082956184e-01,2.9626822379909887e+00,qout,3.2189387523688306e-01,1.3066015065138402e-02,-2.9317819058568281e-02,-3.2028957468357389e-01,3.2189387523688306e-01,5.1316346142582203e+00,2.5682502924462738e+00,1.6025761424800613e+00,5.1962865469082253e-01,4.0337234884115647e-01,0.0000000000000000e+00,0.0000000000000000e+00,3.1415926535897931e+00,0.0000000000000000e+00,6.2430445726274553e-01,3.0417118454141132e+00,3.5323690439121318e+00,3.2189387523688306e-01,5.1316346142582203e+00
max_c_e_gamma_mixing_angles_polarization_05_local_minimum_989,C_e_gamma,polarization_cluster_05_local_minimum_989,2.0683354779117300e+00,3.0741086667044888e+00,k,1.0932502090588903e+00,0.0000000000000000e+00,0.0000000000000000e+00,-1.0881324952844706e+00,1.0881324952844706e+00,0.0000000000000000e+00,6.4002420470885237e+00,2.5298699664386950e+00,1.0881324952844706e+00,8.2003291706356551e-01,0.0000000000000000e+00,0.0000000000000000e+00,3.1415926535897931e+00,0.0000000000000000e+00,7.6747184403666691e-01,2.9745160665434538e+00,6.0402434719844855e+00,7.6871172576346458e-01,3.5655889169896859e+00
max_c_e_gamma_mixing_angles_polarization_05_local_minimum_989,C_e_gamma,polarization_cluster_05_local_minimum_989,2.0683354779117300e+00,3.0741086667044888e+00,p,1.4366197573798045e+00,0.0000000000000000e+00,0.0000000000000000e+00,1.0881324952844706e+00,1.0881324952844706e+00,0.0000000000000000e+00,6.4002420470885237e+00,2.5298699664386950e+00,1.0881324952844706e+00,8.2003291706356551e-01,0.0000000000000000e+00,0.0000000000000000e+00,3.1415926535897931e+00,0.0000000000000000e+00,7.6747184403666691e-01,2.9745160665434538e+00,6.0402434719844855e+00,7.6871172576346458e-01,3.5655889169896859e+00
max_c_e_gamma_mixing_angles_polarization_05_local_minimum_989,C_e_gamma,polarization_cluster_05_local_minimum_989,2.0683354779117300e+00,3.0741086667044888e+00,kp,5.1524572967380333e-01,-4.3612664349869157e-01,1.8955854990410242e-01,1.6785582093752405e-01,5.0429601389837597e-01,2.7315843578131775e+00,6.4002420470885237e+00,2.5298699664386950e+00,1.0881324952844706e+00,8.2003291706356551e-01,0.0000000000000000e+00,0.0000000000000000e+00,3.1415926535897931e+00,0.0000000000000000e+00,7.6747184403666691e-01,2.9745160665434538e+00,6.0402434719844855e+00,7.6871172576346458e-01,3.5655889169896859e+00
max_c_e_gamma_mixing_angles_polarization_05_local_minimum_989,C_e_gamma,polarization_cluster_05_local_minimum_989,2.0683354779117300e+00,3.0741086667044888e+00,pp,1.2459125110005840e+00,5.5264398287751759e-01,-1.3696560952085554e-01,5.9015170512812642e-01,8.2003291706356551e-01,6.0402434719844855e+00,6.4002420470885237e+00,2.5298699664386950e+00,1.0881324952844706e+00,8.2003291706356551e-01,0.0000000000000000e+00,0.0000000000000000e+00,3.1415926535897931e+00,0.0000000000000000e+00,7.6747184403666691e-01,2.9745160665434538e+00,6.0402434719844855e+00,7.6871172576346458e-01,3.5655889169896859e+00
max_c_e_gamma_mixing_angles_polarization_05_local_minimum_989,C_e_gamma,polarization_cluster_05_local_minimum_989,2.0683354779117300e+00,3.0741086667044888e+00,qout,7.6871172576346458e-01,-1.1651733937882602e-01,-5.2592940383246897e-02,-7.5800752606565047e-01,7.6871172576346469e-01,3.5655889169896859e+00,6.4002420470885237e+00,2.5298699664386950e+00,1.0881324952844706e+00,8.2003291706356551e-01,0.0000000000000000e+00,0.0000000000000000e+00,3.1415926535897931e+00,0.0000000000000000e+00,7.6747184403666691e-01,2.9745160665434538e+00,6.0402434719844855e+00,7.6871172576346458e-01,3.5655889169896859e+00
max_c_e_gamma_mixing_angles_polarization_05_local_minimum_991,C_e_gamma,polarization_cluster_05_local_minimum_991,2.0274652621999079e+00,3.0511783573959410e+00,k,1.3755350663425474e+00,0.0000000000000000e+00,0.0000000000000000e+00,-1.3714711176049963e+00,1.3714711176049963e+00,0.0000000000000000e+00,9.2239380207402810e+00,3.0370936799414467e+00,1.3714711176049963e+00,9.8459604032577341e-01,0.0000000000000000e+00,0.0000000000000000e+00,3.1415926535897931e+00,0.0000000000000000e+00,7.3455594250880119e-01,2.9314066532210465e+00,6.0589715724833608e+00,1.0462932201776931e+00,3.8050725844519131e+00
max_c_e_gamma_mixing_angles_polarization_05_local_minimum_991,C_e_gamma,polarization_cluster_05_local_minimum_991,2.0274652621999079e+00,3.0511783573959410e+00,p,1.6615586135988996e+00,0.0000000000000000e+00,0.0000000000000000e+00,1.3714711176049963e+00,1.3714711176049963e+00,0.0000000000000000e+00,9.2239380207402810e+00,3.0370936799414467e+00,1.3714711176049963e+00,9.8459604032577341e-01,0.0000000000000000e+00,0.0000000000000000e+00,3.1415926535897931e+00,0.0000000000000000e+00,7.3455594250880119e-01,2.9314066532210465e+00,6.0589715724833608e+00,1.0462932201776931e+00,3.8050725844519131e+00
max_c_e_gamma_mixing_angles_polarization_05_local_minimum_991,C_e_gamma,polarization_cluster_05_local_minimum_991,2.0274652621999079e+00,3.0511783573959410e+00,kp,6.3092055233684752e-01,-4.7142551898403096e-01,2.8117245820160963e-01,2.9256978628565677e-01,6.2201049110745210e-01,2.6038020755020308e+00,9.2239380207402810e+00,3.0370936799414467e+00,1.3714711176049963e+00,9.8459604032577341e-01,0.0000000000000000e+00,0.0000000000000000e+00,3.1415926535897931e+00,0.0000000000000000e+00,7.3455594250880119e-01,2.9314066532210465e+00,6.0589715724833608e+00,1.0462932201776931e+00,3.8050725844519131e+00
max_c_e_gamma_mixing_angles_polarization_05_local_minimum_991,C_e_gamma,polarization_cluster_05_local_minimum_991,2.0274652621999079e+00,3.0511783573959410e+00,pp,1.3598799074275609e+00,6.4341441711982816e-01,-1.4672941342328788e-01,7.3069674263951778e-01,9.8459604032577341e-01,6.0589715724833608e+00,9.2239380207402810e+00,3.0370936799414467e+00,1.3714711176049963e+00,9.8459604032577341e-01,0.0000000000000000e+00,0.0000000000000000e+00,3.1415926535897931e+00,0.0000000000000000e+00,7.3455594250880119e-01,2.9314066532210465e+00,6.0589715724833608e+00,1.0462932201776931e+00,3.8050725844519131e+00
max_c_e_gamma_mixing_angles_polarization_05_local_minimum_991,C_e_gamma,polarization_cluster_05_local_minimum_991,2.0274652621999079e+00,3.0511783573959410e+00,qout,1.0462932201776931e+00,-1.7198889813579718e-01,-1.3444304477832175e-01,-1.0232665289251746e+00,1.0462932201776931e+00,3.8050725844519131e+00,9.2239380207402810e+00,3.0370936799414467e+00,1.3714711176049963e+00,9.8459604032577341e-01,0.0000000000000000e+00,0.0000000000000000e+00,3.1415926535897931e+00,0.0000000000000000e+00,7.3455594250880119e-01,2.9314066532210465e+00,6.0589715724833608e+00,1.0462932201776931e+00,3.8050725844519131e+00
max_c_e_gamma_mixing_angles_polarization_05_local_minimum_992,C_e_gamma,polarization_cluster_05_local_minimum_992,1.8493324695226514e+00,3.0155614847678165e+00,k,1.9735713686568428e+00,0.0000000000000000e+00,0.0000000000000000e+00,-1.9707410420622860e+00,1.9707410420622860e+00,0.0000000000000000e+00,1.7273610953561363e+01,4.1561533842678813e+00,1.9707410420622860e+00,1.1092721376984427e+00,0.0000000000000000e+00,0.0000000000000000e+00,3.1415926535897931e+00,0.0000000000000000e+00,1.2829399482743504e+00,2.8479402706812240e+00,9.5391628555947100e-02,1.4277977776961757e+00,2.7883920847250967e+00
max_c_e_gamma_mixing_angles_polarization_05_local_minimum_992,C_e_gamma,polarization_cluster_05_local_minimum_992,1.8493324695226514e+00,3.0155614847678165e+00,p,2.1825820156110387e+00,0.0000000000000000e+00,0.0000000000000000e+00,1.9707410420622860e+00,1.9707410420622860e+00,0.0000000000000000e+00,1.7273610953561363e+01,4.1561533842678813e+00,1.9707410420622860e+00,1.1092721376984427e+00,0.0000000000000000e+00,0.0000000000000000e+00,3.1415926535897931e+00,0.0000000000000000e+00,1.2829399482743504e+00,2.8479402706812240e+00,9.5391628555947100e-02,1.4277977776961757e+00,2.7883920847250967e+00
max_c_e_gamma_mixing_angles_polarization_05_local_minimum_992,C_e_gamma,polarization_cluster_05_local_minimum_992,1.8493324695226514e+00,3.0155614847678165e+00,kp,1.2756585715802287e+00,-6.7103016384358039e-01,-2.4426100856011268e-01,1.0517586119647726e+00,1.2712753828076790e+00,3.4906927209465475e+00,1.7273610953561363e+01,4.1561533842678813e+00,1.9707410420622860e+00,1.1092721376984427e+00,0.0000000000000000e+00,0.0000000000000000e+00,3.1415926535897931e+00,0.0000000000000000e+00,1.2829399482743504e+00,2.8479402706812240e+00,9.5391628555947100e-02,1.4277977776961757e+00,2.7883920847250967e+00
max_c_e_gamma_mixing_angles_polarization_05_local_minimum_992,C_e_gamma,polarization_cluster_05_local_minimum_992,1.8493324695226514e+00,3.0155614847678165e+00,pp,1.4526970349918364e+00,1.0587951248797398e+00,1.0130766298888474e-01,3.1491953960448282e-01,1.1092721376984427e+00,9.5391628555947128e-02,1.7273610953561363e+01,4.1561533842678813e+00,1.9707410420622860e+00,1.1092721376984427e+00,0.0000000000000000e+00,0.0000000000000000e+00,3.1415926535897931e+00,0.0000000000000000e+00,1.2829399482743504e+00,2.8479402706812240e+00,9.5391628555947100e-02,1.4277977776961757e+00,2.7883920847250967e+00
max_c_e_gamma_mixing_angles_polarization_05_local_minimum_992,C_e_gamma,polarization_cluster_05_local_minimum_992,1.8493324695226514e+00,3.0155614847678165e+00,qout,1.4277977776961757e+00,-3.8776496103615943e-01,1.4295334557122794e-01,-1.3666781515692554e+00,1.4277977776961757e+00,2.7883920847250967e+00,1.7273610953561363e+01,4.1561533842678813e+00,1.9707410420622860e+00,1.1092721376984427e+00,0.0000000000000000e+00,0.0000000000000000e+00,3.1415926535897931e+00,0.0000000000000000e+00,1.2829399482743504e+00,2.8479402706812240e+00,9.5391628555947100e-02,1.4277977776961757e+00,2.7883920847250967e+00
max_c_e_gamma_mixing_angles_polarization_05_local_minimum_995,C_e_gamma,polarization_cluster_05_local_minimum_995,2.0066206816446481e+00,3.0428332373192908e+00,k,1.5078716686913256e+00,0.0000000000000000e+00,0.0000000000000000e+00,-1.5041653090430798e+00,1.5041653090430798e+00,0.0000000000000000e+00,1.0761950582845786e+01,3.2805412027355771e+00,1.5041653090430798e+00,1.0482585314846864e+00,0.0000000000000000e+00,0.0000000000000000e+00,3.1415926535897931e+00,0.0000000000000000e+00,7.3691455218639823e-01,2.9152847629611891e+00,2.0214414423279875e-01,1.1688846498875949e+00,2.3799744500001272e+00
max_c_e_gamma_mixing_angles_polarization_05_local_minimum_995,C_e_gamma,polarization_cluster_05_local_minimum_995,2.0066206816446481e+00,3.0428332373192908e+00,p,1.7726695340442515e+00,0.0000000000000000e+00,0.0000000000000000e+00,1.5041653090430798e+00,1.5041653090430798e+00,0.0000000000000000e+00,1.0761950582845786e+01,3.2805412027355771e+00,1.5041653090430798e+00,1.0482585314846864e+00,0.0000000000000000e+00,0.0000000000000000e+00,3.1415926535897931e+00,0.0000000000000000e+00,7.3691455218639823e-01,2.9152847629611891e+00,2.0214414423279875e-01,1.1688846498875949e+00,2.3799744500001272e+00
max_c_e_gamma_mixing_angles_polarization_05_local_minimum_995,C_e_gamma,polarization_cluster_05_local_minimum_995,2.0066206816446481e+00,3.0428332373192908e+00,kp,7.0499740834001112e-01,-5.0027857266370357e-01,-3.2242454948951038e-01,3.6279665526695126e-01,6.9703490117269840e-01,3.7140846716787776e+00,1.0761950582845786e+01,3.2805412027355771e+00,1.5041653090430798e+00,1.0482585314846864e+00,0.0000000000000000e+00,0.0000000000000000e+00,3.1415926535897931e+00,0.0000000000000000e+00,7.3691455218639823e-01,2.9152847629611891e+00,2.0214414423279875e-01,1.1688846498875949e+00,2.3799744500001272e+00
max_c_e_gamma_mixing_angles_polarization_05_local_minimum_995,C_e_gamma,polarization_cluster_05_local_minimum_995,2.0066206816446481e+00,3.0428332373192908e+00,pp,1.4066591445088719e+00,6.9009274750096505e-01,1.4142985710651254e-01,7.7628315980435381e-01,1.0482585314846864e+00,2.0214414423279875e-01,1.0761950582845786e+01,3.2805412027355771e+00,1.5041653090430798e+00,1.0482585314846864e+00,0.0000000000000000e+00,0.0000000000000000e+00,3.1415926535897931e+00,0.0000000000000000e+00,7.3691455218639823e-01,2.9152847629611891e+00,2.0214414423279875e-01,1.1688846498875949e+00,2.3799744500001272e+00
max_c_e_gamma_mixing_angles_polarization_05_local_minimum_995,C_e_gamma,polarization_cluster_05_local_minimum_995,2.0066206816446481e+00,3.0428332373192908e+00,qout,1.1688846498875949e+00,-1.8981417483726151e-01,1.8099469238299784e-01,-1.1390798150713051e+00,1.1688846498875949e+00,2.3799744500001272e+00,1.0761950582845786e+01,3.2805412027355771e+00,1.5041653090430798e+00,1.0482585314846864e+00,0.0000000000000000e+00,0.0000000000000000e+00,3.1415926535897931e+00,0.0000000000000000e+00,7.3691455218639823e-01,2.9152847629611891e+00,2.0214414423279875e-01,1.1688846498875949e+00,2.3799744500001272e+00
max_c_e_gamma_mixing_angles_polarization_05_local_minimum_1001,C_e_gamma,polarization_cluster_05_local_minimum_1001,1.9541572887377492e+00,3.0297356115276397e+00,k,1.7256380987000499e+00,0.0000000000000000e+00,0.0000000000000000e+00,-1.7224004050660882e+00,1.7224004050660882e+00,0.0000000000000000e+00,1.3593154366186450e+01,3.6868895245432087e+00,1.7224004050660882e+00,1.1028837537287268e+00,0.0000000000000000e+00,0.0000000000000000e+00,3.1415926535897931e+00,0.0000000000000000e+00,8.1878429208127179e-01,2.8810051312853870e+00,1.6831696696216819e-01,1.3559129603257010e+00,2.3266976335441445e+00
max_c_e_gamma_mixing_angles_polarization_05_local_minimum_1001,C_e_gamma,polarization_cluster_05_local_minimum_1001,1.9541572887377492e+00,3.0297356115276397e+00,p,1.9612514258431590e+00,0.0000000000000000e+00,0.0000000000000000e+00,1.7224004050660882e+00,1.7224004050660882e+00,0.0000000000000000e+00,1.3593154366186450e+01,3.6868895245432087e+00,1.7224004050660882e+00,1.1028837537287268e+00,0.0000000000000000e+00,0.0000000000000000e+00,3.1415926535897931e+00,0.0000000000000000e+00,8.1878429208127179e-01,2.8810051312853870e+00,1.6831696696216819e-01,1.3559129603257010e+00,2.3266976335441445e+00
max_c_e_gamma_mixing_angles_polarization_05_local_minimum_1001,C_e_gamma,polarization_cluster_05_local_minimum_1001,1.9541572887377492e+00,3.0297356115276397e+00,kp,8.8315179089740403e-01,-5.5443708670963210e-01,-3.8913706512307389e-01,5.5674523337010218e-01,8.7680864129637381e-01,3.7535656701062790e+00,1.3593154366186450e+01,3.6868895245432087e+00,1.7224004050660882e+00,1.1028837537287268e+00,0.0000000000000000e+00,0.0000000000000000e+00,3.1415926535897931e+00,0.0000000000000000e+00,8.1878429208127179e-01,2.8810051312853870e+00,1.6831696696216819e-01,1.3559129603257010e+00,2.3266976335441445e+00
max_c_e_gamma_mixing_angles_polarization_05_local_minimum_1001,C_e_gamma,polarization_cluster_05_local_minimum_1001,1.9541572887377492e+00,3.0297356115276397e+00,pp,1.4478247733198817e+00,7.9407096925796961e-01,1.3493226770031139e-01,7.5339043871934508e-01,1.1028837537287268e+00,1.6831696696216819e-01,1.3593154366186450e+01,3.6868895245432087e+00,1.7224004050660882e+00,1.1028837537287268e+00,0.0000000000000000e+00,0.0000000000000000e+00,3.1415926535897931e+00,0.0000000000000000e+00,8.1878429208127179e-01,2.8810051312853870e+00,1.6831696696216819e-01,1.3559129603257010e+00,2.3266976335441445e+00
max_c_e_gamma_mixing_angles_polarization_05_local_minimum_1001,C_e_gamma,polarization_cluster_05_local_minimum_1001,1.9541572887377492e+00,3.0297356115276397e+00,qout,1.3559129603257010e+00,-2.3963388254833748e-01,2.5420479742276247e-01,-1.3101356720894473e+00,1.3559129603257010e+00,2.3266976335441445e+00,1.3593154366186450e+01,3.6868895245432087e+00,1.7224004050660882e+00,1.1028837537287268e+00,0.0000000000000000e+00,0.0000000000000000e+00,3.1415926535897931e+00,0.0000000000000000e+00,8.1878429208127179e-01,2.8810051312853870e+00,1.6831696696216819e-01,1.3559129603257010e+00,2.3266976335441445e+00
max_c_e_gamma_mixing_angles_polarization_05_local_minimum_1003,C_e_gamma,polarization_cluster_05_local_minimum_1003,2.0363703664215040e+00,3.0716637894999788e+00,k,1.2379225986853375e+00,0.0000000000000000e+00,0.0000000000000000e+00,-1.2334053137645224e+00,1.2334053137645224e+00,0.0000000000000000e+00,7.7700528958587896e+00,2.7874814610789413e+00,1.2334053137645224e+00,8.9523803159395010e-01,0.0000000000000000e+00,0.0000000000000000e+00,3.1415926535897931e+00,0.0000000000000000e+00,7.2927622128932512e-01,2.9411914556353453e+00,3.0216149409782922e-01,9.1669792517203497e-01,2.4786378224853367e+00
max_c_e_gamma_mixing_angles_polarization_05_local_minimum_1003,C_e_gamma,polarization_cluster_05_local_minimum_1003,2.0363703664215040e+00,3.0716637894999788e+00,p,1.5495588623936039e+00,0.0000000000000000e+00,0.0000000000000000e+00,1.2334053137645224e+00,1.2334053137645224e+00,0.0000000000000000e+00,7.7700528958587896e+00,2.7874814610789413e+00,1.2334053137645224e+00,8.9523803159395010e-01,0.0000000000000000e+00,0.0000000000000000e+00,3.1415926535897931e+00,0.0000000000000000e+00,7.2927622128932512e-01,2.9411914556353453e+00,3.0216149409782922e-01,9.1669792517203497e-01,2.4786378224853367e+00
max_c_e_gamma_mixing_angles_polarization_05_local_minimum_1003,C_e_gamma,polarization_cluster_05_local_minimum_1003,2.0363703664215040e+00,3.0716637894999788e+00,kp,5.7413588399390103e-01,-4.2567211925870235e-01,-2.8982345279054250e-01,2.3081146868067981e-01,5.6432997525929740e-01,3.7393576865296483e+00,7.7700528958587896e+00,2.7874814610789413e+00,1.2334053137645224e+00,8.9523803159395010e-01,0.0000000000000000e+00,0.0000000000000000e+00,3.1415926535897931e+00,0.0000000000000000e+00,7.2927622128932512e-01,2.9411914556353453e+00,3.0216149409782922e-01,9.1669792517203497e-01,2.4786378224853367e+00
max_c_e_gamma_mixing_angles_polarization_05_local_minimum_1003,C_e_gamma,polarization_cluster_05_local_minimum_1003,2.0363703664215040e+00,3.0716637894999788e+00,pp,1.2966476519132752e+00,5.6949883534565227e-01,1.7751629680740863e-01,6.6754039137713617e-01,8.9523803159395021e-01,3.0216149409782922e-01,7.7700528958587896e+00,2.7874814610789413e+00,1.2334053137645224e+00,8.9523803159395010e-01,0.0000000000000000e+00,0.0000000000000000e+00,3.1415926535897931e+00,0.0000000000000000e+00,7.2927622128932512e-01,2.9411914556353453e+00,3.0216149409782922e-01,9.1669792517203497e-01,2.4786378224853367e+00
max_c_e_gamma_mixing_angles_polarization_05_local_minimum_1003,C_e_gamma,polarization_cluster_05_local_minimum_1003,2.0363703664215040e+00,3.0716637894999788e+00,qout,9.1669792517203497e-01,-1.4382671608694991e-01,1.1230715598313387e-01,-8.9835186005781598e-01,9.1669792517203497e-01,2.4786378224853367e+00,7.7700528958587896e+00,2.7874814610789413e+00,1.2334053137645224e+00,8.9523803159395010e-01,0.0000000000000000e+00,0.0000000000000000e+00,3.1415926535897931e+00,0.0000000000000000e+00,7.2927622128932512e-01,2.9411914556353453e+00,3.0216149409782922e-01,9.1669792517203497e-01,2.4786378224853367e+00
max_c_e_gamma_mixing_angles_polarization_05_local_minimum_1004,C_e_gamma,polarization_cluster_05_local_minimum_1004,1.8623845451778782e+00,3.0164730422754551e+00,k,1.8575017666993845e+00,0.0000000000000000e+00,0.0000000000000000e+00,-1.8544943033015862e+00,1.8544943033015862e+00,0.0000000000000000e+00,1.5489895887330638e+01,3.9357205042190988e+00,1.8544943033015862e+00,1.0715266770311291e+00,0.0000000000000000e+00,0.0000000000000000e+00,3.1415926535897931e+00,0.0000000000000000e+00,1.2423458886269008e+00,2.8609489261913539e+00,6.1747021305998091e+00,1.3351961938887236e+00,3.4961903281386237e+00
max_c_e_gamma_mixing_angles_polarization_05_local_minimum_1004,C_e_gamma,polarization_cluster_05_local_minimum_1004,1.8623845451778782e+00,3.0164730422754551e+00,p,2.0782187375197143e+00,0.0000000000000000e+00,0.0000000000000000e+00,1.8544943033015862e+00,1.8544943033015862e+00,0.0000000000000000e+00,1.5489895887330638e+01,3.9357205042190988e+00,1.8544943033015862e+00,1.0715266770311291e+00,0.0000000000000000e+00,0.0000000000000000e+00,3.1415926535897931e+00,0.0000000000000000e+00,1.2423458886269008e+00,2.8609489261913539e+00,6.1747021305998091e+00,1.3351961938887236e+00,3.4961903281386237e+00
max_c_e_gamma_mixing_angles_polarization_05_local_minimum_1004,C_e_gamma,polarization_cluster_05_local_minimum_1004,1.8623845451778782e+00,3.0164730422754551e+00,kp,1.1764409491510384e+00,-6.6147676202663108e-01,2.3821758680305719e-01,9.3731024168233046e-01,1.1716866537287591e+00,2.7959220456574330e+00,1.5489895887330638e+01,3.9357205042190988e+00,1.8544943033015862e+00,1.0715266770311291e+00,0.0000000000000000e+00,0.0000000000000000e+00,3.1415926535897931e+00,0.0000000000000000e+00,1.2423458886269008e+00,2.8609489261913539e+00,6.1747021305998091e+00,1.3351961938887236e+00,3.4961903281386237e+00
max_c_e_gamma_mixing_angles_polarization_05_local_minimum_1004,C_e_gamma,polarization_cluster_05_local_minimum_1004,1.8623845451778782e+00,3.0164730422754551e+00,pp,1.4240833611798762e+00,1.0082841521415327e+00,-1.0981298777313150e-01,3.4564952747825711e-01,1.0715266770311291e+00,6.1747021305998091e+00,1.5489895887330638e+01,3.9357205042190988e+00,1.8544943033015862e+00,1.0715266770311291e+00,0.0000000000000000e+00,0.0000000000000000e+00,3.1415926535897931e+00,0.0000000000000000e+00,1.2423458886269008e+00,2.8609489261913539e+00,6.1747021305998091e+00,1.3351961938887236e+00,3.4961903281386237e+00
max_c_e_gamma_mixing_angles_polarization_05_local_minimum_1004,C_e_gamma,polarization_cluster_05_local_minimum_1004,1.8623845451778782e+00,3.0164730422754551e+00,qout,1.3351961938887236e+00,-3.4680739011490164e-01,-1.2840459902992568e-01,-1.2829597691605876e+00,1.3351961938887236e+00,3.4961903281386233e+00,1.5489895887330638e+01,3.9357205042190988e+00,1.8544943033015862e+00,1.0715266770311291e+00,0.0000000000000000e+00,0.0000000000000000e+00,3.1415926535897931e+00,0.0000000000000000e+00,1.2423458886269008e+00,2.8609489261913539e+00,6.1747021305998091e+00,1.3351961938887236e+00,3.4961903281386237e+00
max_c_e_gamma_mixing_angles_polarization_05_local_minimum_1008,C_e_gamma,polarization_cluster_05_local_minimum_1008,1.9745933437874659e+00,3.0436654733219641e+00,k,1.6342936614104613e+00,0.0000000000000000e+00,0.0000000000000000e+00,-1.6308746363265056e+00,1.6308746363265056e+00,0.0000000000000000e+00,1.2359971337645780e+01,3.5156750898861207e+00,1.6308746363265056e+00,1.0798661577517623e+00,0.0000000000000000e+00,0.0000000000000000e+00,3.1415926535897931e+00,0.0000000000000000e+00,7.3805252470369509e-01,2.8916204491650506e+00,2.0594356355376767e-01,1.2866705483427732e+00,2.2313922200479701e+00
max_c_e_gamma_mixing_angles_polarization_05_local_minimum_1008,C_e_gamma,polarization_cluster_05_local_minimum_1008,1.9745933437874659e+00,3.0436654733219641e+00,p,1.8813814284756591e+00,0.0000000000000000e+00,0.0000000000000000e+00,1.6308746363265056e+00,1.6308746363265056e+00,0.0000000000000000e+00,1.2359971337645780e+01,3.5156750898861207e+00,1.6308746363265056e+00,1.0798661577517623e+00,0.0000000000000000e+00,0.0000000000000000e+00,3.1415926535897931e+00,0.0000000000000000e+00,7.3805252470369509e-01,2.8916204491650506e+00,2.0594356355376767e-01,1.2866705483427732e+00,2.2313922200479701e+00
max_c_e_gamma_mixing_angles_polarization_05_local_minimum_1008,C_e_gamma,polarization_cluster_05_local_minimum_1008,1.9745933437874659e+00,3.0436654733219641e+00,kp,7.9863573642448638e-01,-5.1593198536639340e-01,-3.9991272522396670e-01,4.4781619651461313e-01,7.9161565622528129e-01,3.8009819559579738e+00,1.2359971337645780e+01,3.5156750898861207e+00,1.6308746363265056e+00,1.0798661577517623e+00,0.0000000000000000e+00,0.0000000000000000e+00,3.1415926535897931e+00,0.0000000000000000e+00,7.3805252470369509e-01,2.8916204491650506e+00,2.0594356355376767e-01,1.2866705483427732e+00,2.2313922200479701e+00
max_c_e_gamma_mixing_angles_polarization_05_local_minimum_1008,C_e_gamma,polarization_cluster_05_local_minimum_1008,1.9745933437874659e+00,3.0436654733219641e+00,pp,1.4303688051189993e+00,7.1123242755878702e-01,1.4858027014394287e-01,7.9886372803522743e-01,1.0798661577517623e+00,2.0594356355376767e-01,1.2359971337645780e+01,3.5156750898861207e+00,1.6308746363265056e+00,1.0798661577517623e+00,0.0000000000000000e+00,0.0000000000000000e+00,3.1415926535897931e+00,0.0000000000000000e+00,7.3805252470369509e-01,2.8916204491650506e+00,2.0594356355376767e-01,1.2866705483427732e+00,2.2313922200479701e+00
max_c_e_gamma_mixing_angles_polarization_05_local_minimum_1008,C_e_gamma,polarization_cluster_05_local_minimum_1008,1.9745933437874659e+00,3.0436654733219641e+00,qout,1.2866705483427732e+00,-1.9530044219239362e-01,2.5133245508002383e-01,-1.2466799245498406e+00,1.2866705483427734e+00,2.2313922200479701e+00,1.2359971337645780e+01,3.5156750898861207e+00,1.6308746363265056e+00,1.0798661577517623e+00,0.0000000000000000e+00,0.0000000000000000e+00,3.1415926535897931e+00,0.0000000000000000e+00,7.3805252470369509e-01,2.8916204491650506e+00,2.0594356355376767e-01,1.2866705483427732e+00,2.2313922200479701e+00
max_c_e_gamma_mixing_angles_polarization_05_local_minimum_1010,C_e_gamma,polarization_cluster_05_local_minimum_1010,1.9145011250930866e+00,3.0312351312922838e+00,k,1.7780639768969688e+00,0.0000000000000000e+00,0.0000000000000000e+00,-1.7749219176136639e+00,1.7749219176136639e+00,0.0000000000000000e+00,1.4330750255932053e+01,3.7855977409032846e+00,1.7749219176136639e+00,1.0654152012345244e+00,0.0000000000000000e+00,0.0000000000000000e+00,3.1415926535897931e+00,0.0000000000000000e+00,9.0461509004880836e-01,2.8579995377417555e+00,1.7046716515375429e-01,1.3810615921774265e+00,2.2893511904938895e+00
max_c_e_gamma_mixing_angles_polarization_05_local_minimum_1010,C_e_gamma,polarization_cluster_05_local_minimum_1010,1.9145011250930866e+00,3.0312351312922838e+00,p,2.0075337640063156e+00,0.0000000000000000e+00,0.0000000000000000e+00,1.7749219176136639e+00,1.7749219176136639e+00,0.0000000000000000e+00,1.4330750255932053e+01,3.7855977409032846e+00,1.7749219176136639e+00,1.0654152012345244e+00,0.0000000000000000e+00,0.0000000000000000e+00,3.1415926535897931e+00,0.0000000000000000e+00,9.0461509004880836e-01,2.8579995377417555e+00,1.7046716515375429e-01,1.3810615921774265e+00,2.2893511904938895e+00
max_c_e_gamma_mixing_angles_polarization_05_local_minimum_1010,C_e_gamma,polarization_cluster_05_local_minimum_1010,1.9145011250930866e+00,3.0312351312922838e+00,kp,9.8504555311797681e-01,-5.7108881567423664e-01,-4.3298426602703743e-01,6.6748276336473844e-01,9.7936257300562690e-01,3.7903041567478697e+00,1.4330750255932053e+01,3.7855977409032846e+00,1.7749219176136639e+00,1.0654152012345244e+00,0.0000000000000000e+00,0.0000000000000000e+00,3.1415926535897931e+00,0.0000000000000000e+00,9.0461509004880836e-01,2.8579995377417555e+00,1.7046716515375429e-01,1.3810615921774265e+00,2.2893511904938895e+00
max_c_e_gamma_mixing_angles_polarization_05_local_minimum_1010,C_e_gamma,polarization_cluster_05_local_minimum_1010,1.9145011250930866e+00,3.0312351312922838e+00,pp,1.4194905956087212e+00,8.2547522556097863e-01,1.4209548222262294e-01,6.5841406192347818e-01,1.0654152012345244e+00,1.7046716515375432e-01,1.4330750255932053e+01,3.7855977409032846e+00,1.7749219176136639e+00,1.0654152012345244e+00,0.0000000000000000e+00,0.0000000000000000e+00,3.1415926535897931e+00,0.0000000000000000e+00,9.0461509004880836e-01,2.8579995377417555e+00,1.7046716515375429e-01,1.3810615921774265e+00,2.2893511904938895e+00
max_c_e_gamma_mixing_angles_polarization_05_local_minimum_1010,C_e_gamma,polarization_cluster_05_local_minimum_1010,1.9145011250930866e+00,3.0312351312922838e+00,qout,1.3810615921774265e+00,-2.5438640988674205e-01,2.9088878380441446e-01,-1.3258968252882166e+00,1.3810615921774265e+00,2.2893511904938895e+00,1.4330750255932053e+01,3.7855977409032846e+00,1.7749219176136639e+00,1.0654152012345244e+00,0.0000000000000000e+00,0.0000000000000000e+00,3.1415926535897931e+00,0.0000000000000000e+00,9.0461509004880836e-01,2.8579995377417555e+00,1.7046716515375429e-01,1.3810615921774265e+00,2.2893511904938895e+00
max_c_e_gamma_mixing_angles_polarization_05_local_minimum_1013,C_e_gamma,polarization_cluster_05_local_minimum_1013,1.8248157153979190e+00,3.1108684504420694e+00,k,4.9168090115991098e-01,0.0000000000000000e+00,0.0000000000000000e+00,-4.8019414433343849e-01,4.8019414433343849e-01,0.0000000000000000e+00,2.3884173195383225e+00,1.5454505231609075e+00,4.8019414433343849e-01,4.7431939833221504e-01,0.0000000000000000e+00,0.0000000000000000e+00,3.1415926535897931e+00,0.0000000000000000e+00,1.8004929603247894e+00,1.3313437436481848e+00,5.7106617198948211e+00,2.0530156457746870e-01,2.5743125449379001e+00
max_c_e_gamma_mixing_angles_polarization_05_local_minimum_1013,C_e_gamma,polarization_cluster_05_local_minimum_1013,1.8248157153979190e+00,3.1108684504420694e+00,p,1.0537696220009964e+00,0.0000000000000000e+00,0.0000000000000000e+00,4.8019414433343849e-01,4.8019414433343849e-01,0.0000000000000000e+00,2.3884173195383225e+00,1.5454505231609075e+00,4.8019414433343849e-01,4.7431939833221504e-01,0.0000000000000000e+00,0.0000000000000000e+00,3.1415926535897931e+00,0.0000000000000000e+00,1.8004929603247894e+00,1.3313437436481848e+00,5.7106617198948211e+00,2.0530156457746870e-01,2.5743125449379001e+00
max_c_e_gamma_mixing_angles_polarization_05_local_minimum_1013,C_e_gamma,polarization_cluster_05_local_minimum_1013,1.8248157153979190e+00,3.1108684504420694e+00,kp,2.8904340173673748e-01,-2.2000744560441965e-01,1.4304661015190251e-01,5.9302503968331498e-02,2.6903976615780434e-01,2.5650839756673807e+00,2.3884173195383225e+00,1.5454505231609075e+00,4.8019414433343849e-01,4.7431939833221504e-01,0.0000000000000000e+00,0.0000000000000000e+00,3.1415926535897931e+00,0.0000000000000000e+00,1.8004929603247894e+00,1.3313437436481848e+00,5.7106617198948211e+00,2.0530156457746870e-01,2.5743125449379001e+00
max_c_e_gamma_mixing_angles_polarization_05_local_minimum_1013,C_e_gamma,polarization_cluster_05_local_minimum_1013,1.8248157153979190e+00,3.1108684504420694e+00,pp,1.0511055568468062e+00,3.8821156187783112e-01,-2.5021582540260862e-01,-1.0799405343212494e-01,4.7431939833221504e-01,5.7106617198948211e+00,2.3884173195383225e+00,1.5454505231609075e+00,4.8019414433343849e-01,4.7431939833221504e-01,0.0000000000000000e+00,0.0000000000000000e+00,3.1415926535897931e+00,0.0000000000000000e+00,1.8004929603247894e+00,1.3313437436481848e+00,5.7106617198948211e+00,2.0530156457746870e-01,2.5743125449379001e+00
max_c_e_gamma_mixing_angles_polarization_05_local_minimum_1013,C_e_gamma,polarization_cluster_05_local_minimum_1013,1.8248157153979190e+00,3.1108684504420694e+00,qout,2.0530156457746870e-01,-1.6820411627341147e-01,1.0716921525070612e-01,4.8691549463793442e-02,2.0530156457746870e-01,2.5743125449379001e+00,2.3884173195383225e+00,1.5454505231609075e+00,4.8019414433343849e-01,4.7431939833221504e-01,0.0000000000000000e+00,0.0000000000000000e+00,3.1415926535897931e+00,0.0000000000000000e+00,1.8004929603247894e+00,1.3313437436481848e+00,5.7106617198948211e+00,2.0530156457746870e-01,2.5743125449379001e+00
max_c_e_gamma_mixing_angles_polarization_05_local_minimum_1016,C_e_gamma,polarization_cluster_05_local_minimum_1016,9.1627632288684235e-01,2.9297207394193818e+00,k,2.4131319692313298e+00,0.0000000000000000e+00,0.0000000000000000e+00,-2.4108177468678500e+00,2.4108177468678500e+00,0.0000000000000000e+00,2.5000000000000000e+01,5.0000000000000000e+00,2.4108177468678500e+00,2.4100202103988977e+00,0.0000000000000000e+00,0.0000000000000000e+00,3.1415926535897931e+00,0.0000000000000000e+00,7.3287605916714249e-01,2.4069990017304339e+00,6.5378287850972427e-01,9.6281182938623044e-01,3.7968645674357200e+00
max_c_e_gamma_mixing_angles_polarization_05_local_minimum_1016,C_e_gamma,polarization_cluster_05_local_minimum_1016,9.1627632288684235e-01,2.9297207394193818e+00,p,2.5868680307686698e+00,0.0000000000000000e+00,0.0000000000000000e+00,2.4108177468678500e+00,2.4108177468678500e+00,0.0000000000000000e+00,2.5000000000000000e+01,5.0000000000000000e+00,2.4108177468678500e+00,2.4100202103988977e+00,0.0000000000000000e+00,0.0000000000000000e+00,3.1415926535897931e+00,0.0000000000000000e+00,7.3287605916714249e-01,2.4069990017304339e+00,6.5378287850972427e-01,9.6281182938623044e-01,3.7968645674357200e+00
max_c_e_gamma_mixing_angles_polarization_05_local_minimum_1016,C_e_gamma,polarization_cluster_05_local_minimum_1016,9.1627632288684235e-01,2.9297207394193818e+00,kp,1.4510633834993476e+00,-7.6815394920821767e-01,-5.8734180078061271e-01,-1.0767499106063960e+00,1.4472115431474681e+00,3.7943817451645563e+00,2.5000000000000000e+01,5.0000000000000000e+00,2.4108177468678500e+00,2.4100202103988977e+00,0.0000000000000000e+00,0.0000000000000000e+00,3.1415926535897931e+00,0.0000000000000000e+00,7.3287605916714249e-01,2.4069990017304339e+00,6.5378287850972427e-01,9.6281182938623044e-01,3.7968645674357200e+00
max_c_e_gamma_mixing_angles_polarization_05_local_minimum_1016,C_e_gamma,polarization_cluster_05_local_minimum_1016,9.1627632288684235e-01,2.9297207394193818e+00,pp,2.5861247871151050e+00,1.2798476209237011e+00,9.8060732845207799e-01,1.7912556347805770e+00,2.4100202103988977e+00,6.5378287850972427e-01,2.5000000000000000e+01,5.0000000000000000e+00,2.4108177468678500e+00,2.4100202103988977e+00,0.0000000000000000e+00,0.0000000000000000e+00,3.1415926535897931e+00,0.0000000000000000e+00,7.3287605916714249e-01,2.4069990017304339e+00,6.5378287850972427e-01,9.6281182938623044e-01,3.7968645674357200e+00
max_c_e_gamma_mixing_angles_polarization_05_local_minimum_1016,C_e_gamma,polarization_cluster_05_local_minimum_1016,9.1627632288684235e-01,2.9297207394193818e+00,qout,9.6281182938623044e-01,-5.1169367171548341e-01,-3.9326552767146528e-01,-7.1450572417418101e-01,9.6281182938623044e-01,3.7968645674357195e+00,2.5000000000000000e+01,5.0000000000000000e+00,2.4108177468678500e+00,2.4100202103988977e+00,0.0000000000000000e+00,0.0000000000000000e+00,3.1415926535897931e+00,0.0000000000000000e+00,7.3287605916714249e-01,2.4069990017304339e+00,6.5378287850972427e-01,9.6281182938623044e-01,3.7968645674357200e+00
max_c_e_gamma_mixing_angles_polarization_05_local_minimum_1017,C_e_gamma,polarization_cluster_05_local_minimum_1017,1.8778982867527141e+00,3.0377802178610169e+00,k,1.6586005023798831e+00,0.0000000000000000e+00,0.0000000000000000e+00,-1.6552316859526046e+00,1.6552316859526046e+00,0.0000000000000000e+00,1.2681679529956837e+01,3.5611345846452975e+00,1.6552316859526046e+00,9.5392526354835228e-01,0.0000000000000000e+00,0.0000000000000000e+00,3.1415926535897931e+00,0.0000000000000000e+00,1.0531821906388821e+00,2.8432827549965758e+00,6.0830940674438683e+00,1.2277898620118926e+00,3.9286109284037920e+00
max_c_e_gamma_mixing_angles_polarization_05_local_minimum_1017,C_e_gamma,polarization_cluster_05_local_minimum_1017,1.8778982867527141e+00,3.0377802178610169e+00,p,1.9025340822654142e+00,0.0000000000000000e+00,0.0000000000000000e+00,1.6552316859526046e+00,1.6552316859526046e+00,0.0000000000000000e+00,1.2681679529956837e+01,3.5611345846452975e+00,1.6552316859526046e+00,9.5392526354835228e-01,0.0000000000000000e+00,0.0000000000000000e+00,3.1415926535897931e+00,0.0000000000000000e+00,1.0531821906388821e+00,2.8432827549965758e+00,6.0830940674438683e+00,1.2277898620118926e+00,3.9286109284037920e+00
max_c_e_gamma_mixing_angles_polarization_05_local_minimum_1017,C_e_gamma,polarization_cluster_05_local_minimum_1017,1.8778982867527141e+00,3.0377802178610169e+00,kp,9.9550414601965886e-01,-5.5767561309573743e-01,4.2033889677085723e-01,7.0155394293581108e-01,9.8988121127185313e-01,2.4957062636040113e+00,1.2681679529956837e+01,3.5611345846452975e+00,1.6552316859526046e+00,9.5392526354835228e-01,0.0000000000000000e+00,0.0000000000000000e+00,3.1415926535897931e+00,0.0000000000000000e+00,1.0531821906388821e+00,2.8432827549965758e+00,6.0830940674438683e+00,1.2277898620118926e+00,3.9286109284037920e+00
max_c_e_gamma_mixing_angles_polarization_05_local_minimum_1017,C_e_gamma,polarization_cluster_05_local_minimum_1017,1.8778982867527141e+00,3.0377802178610169e+00,pp,1.3378405766143413e+00,8.1242404771498566e-01,-1.6476368025490071e-01,4.7201006853567518e-01,9.5392526354835216e-01,6.0830940674438683e+00,1.2681679529956837e+01,3.5611345846452975e+00,1.6552316859526046e+00,9.5392526354835228e-01,0.0000000000000000e+00,0.0000000000000000e+00,3.1415926535897931e+00,0.0000000000000000e+00,1.0531821906388821e+00,2.8432827549965758e+00,6.0830940674438683e+00,1.2277898620118926e+00,3.9286109284037920e+00
max_c_e_gamma_mixing_angles_polarization_05_local_minimum_1017,C_e_gamma,polarization_cluster_05_local_minimum_1017,1.8778982867527141e+00,3.0377802178610169e+00,qout,1.2277898620118926e+00,-2.5474843461924823e-01,-2.5557521651595655e-01,-1.1735640114714863e+00,1.2277898620118926e+00,3.9286109284037920e+00,1.2681679529956837e+01,3.5611345846452975e+00,1.6552316859526046e+00,9.5392526354835228e-01,0.0000000000000000e+00,0.0000000000000000e+00,3.1415926535897931e+00,0.0000000000000000e+00,1.0531821906388821e+00,2.8432827549965758e+00,6.0830940674438683e+00,1.2277898620118926e+00,3.9286109284037920e+00
max_c_e_gamma_mixing_angles_polarization_05_local_minimum_1027,C_e_gamma,polarization_cluster_05_local_minimum_1027,2.1809347114731734e+00,3.1415017672406473e+00,k,1.4901702038199371e+00,0.0000000000000000e+00,0.0000000000000000e+00,-1.4864197065564806e+00,1.4864197065564806e+00,0.0000000000000000e+00,1.0548251116293168e+01,3.2478071242444750e+00,1.4864197065564806e+00,1.2899300545450485e+00,0.0000000000000000e+00,0.0000000000000000e+00,3.1415926535897931e+00,0.0000000000000000e+00,4.3254158958777983e-01,2.6800237573775672e+00,1.5645911738104770e+00,1.4527478943479235e+00,4.6582300367185461e+00
max_c_e_gamma_mixing_angles_polarization_05_local_minimum_1027,C_e_gamma,polarization_cluster_05_local_minimum_1027,2.1809347114731734e+00,3.1415017672406473e+00,p,1.7576369204245379e+00,0.0000000000000000e+00,0.0000000000000000e+00,1.4864197065564806e+00,1.4864197065564806e+00,0.0000000000000000e+00,1.0548251116293168e+01,3.2478071242444750e+00,1.4864197065564806e+00,1.2899300545450485e+00,0.0000000000000000e+00,0.0000000000000000e+00,3.1415926535897931e+00,0.0000000000000000e+00,4.3254158958777983e-01,2.6800237573775672e+00,1.5645911738104770e+00,1.4527478943479235e+00,4.6582300367185461e+00
max_c_e_gamma_mixing_angles_polarization_05_local_minimum_1027,C_e_gamma,polarization_cluster_05_local_minimum_1027,2.1809347114731734e+00,3.1415017672406473e+00,kp,2.0014119262356109e-01,3.1667778479058550e-02,1.0533549360964334e-01,1.2959317213378352e-01,1.6997883595166308e-01,1.2787549552718442e+00,1.0548251116293168e+01,3.2478071242444750e+00,1.4864197065564806e+00,1.2899300545450485e+00,0.0000000000000000e+00,0.0000000000000000e+00,3.1415926535897931e+00,0.0000000000000000e+00,4.3254158958777983e-01,2.6800237573775672e+00,1.5645911738104770e+00,1.4527478943479235e+00,4.6582300367185461e+00
max_c_e_gamma_mixing_angles_polarization_05_local_minimum_1027,C_e_gamma,polarization_cluster_05_local_minimum_1027,2.1809347114731734e+00,3.1415017672406473e+00,pp,1.5949180372729477e+00,3.3551819811438654e-03,5.4070204665393540e-01,1.1711317539528636e+00,1.2899300545450485e+00,1.5645911738104770e+00,1.0548251116293168e+01,3.2478071242444750e+00,1.4864197065564806e+00,1.2899300545450485e+00,0.0000000000000000e+00,0.0000000000000000e+00,3.1415926535897931e+00,0.0000000000000000e+00,4.3254158958777983e-01,2.6800237573775672e+00,1.5645911738104770e+00,1.4527478943479235e+00,4.6582300367185461e+00
max_c_e_gamma_mixing_angles_polarization_05_local_minimum_1027,C_e_gamma,polarization_cluster_05_local_minimum_1027,2.1809347114731734e+00,3.1415017672406473e+00,qout,1.4527478943479235e+00,-3.5022960460202417e-02,-6.4603754026357874e-01,-1.3007249260866471e+00,1.4527478943479237e+00,4.6582300367185461e+00,1.0548251116293168e+01,3.2478071242444750e+00,1.4864197065564806e+00,1.2899300545450485e+00,0.0000000000000000e+00,0.0000000000000000e+00,3.1415926535897931e+00,0.0000000000000000e+00,4.3254158958777983e-01,2.6800237573775672e+00,1.5645911738104770e+00,1.4527478943479235e+00,4.6582300367185461e+00
max_c_e_gamma_mixing_angles_polarization_05_local_minimum_1031,C_e_gamma,polarization_cluster_05_local_minimum_1031,1.4810378440395215e+00,2.8863003544868047e+00,k,2.3468771963804627e-01,0.0000000000000000e+00,0.0000000000000000e+00,-2.0955818627676470e-01,2.0955818627676470e-01,0.0000000000000000e+00,1.4299647855296893e+00,1.1958113503097758e+00,2.0955818627676470e-01,1.9573465355427183e-01,0.0000000000000000e+00,0.0000000000000000e+00,3.1415926535897931e+00,0.0000000000000000e+00,2.2157493131462704e+00,9.9137070860631782e-01,4.6538449073520866e-01,8.2344209886831041e-02,3.5682169282771690e+00
max_c_e_gamma_mixing_angles_polarization_05_local_minimum_1031,C_e_gamma,polarization_cluster_05_local_minimum_1031,1.4810378440395215e+00,2.8863003544868047e+00,p,9.6112363067172946e-01,0.0000000000000000e+00,0.0000000000000000e+00,2.0955818627676470e-01,2.0955818627676470e-01,0.0000000000000000e+00,1.4299647855296893e+00,1.1958113503097758e+00,2.0955818627676470e-01,1.9573465355427183e-01,0.0000000000000000e+00,0.0000000000000000e+00,3.1415926535897931e+00,0.0000000000000000e+00,2.2157493131462704e+00,9.9137070860631782e-01,4.6538449073520866e-01,8.2344209886831041e-02,3.5682169282771690e+00
max_c_e_gamma_mixing_angles_polarization_05_local_minimum_1031,C_e_gamma,polarization_cluster_05_local_minimum_1031,1.4810378440395215e+00,2.8863003544868047e+00,kp,1.5526254087200370e-01,-7.7054182859954190e-02,-4.1682342251365995e-02,7.2580986029099570e-02,1.1376627041760495e-01,3.6374599623610342e+00,1.4299647855296893e+00,1.1958113503097758e+00,2.0955818627676470e-01,1.9573465355427183e-01,0.0000000000000000e+00,0.0000000000000000e+00,3.1415926535897931e+00,0.0000000000000000e+00,2.2157493131462704e+00,9.9137070860631782e-01,4.6538449073520866e-01,8.2344209886831041e-02,3.5682169282771690e+00
max_c_e_gamma_mixing_angles_polarization_05_local_minimum_1031,C_e_gamma,polarization_cluster_05_local_minimum_1031,1.4810378440395215e+00,2.8863003544868047e+00,pp,9.5820459955168791e-01,1.3978195203468494e-01,7.0194721006456240e-02,-1.1766801447381368e-01,1.9573465355427183e-01,4.6538449073520871e-01,1.4299647855296893e+00,1.1958113503097758e+00,2.0955818627676470e-01,1.9573465355427183e-01,0.0000000000000000e+00,0.0000000000000000e+00,3.1415926535897931e+00,0.0000000000000000e+00,2.2157493131462704e+00,9.9137070860631782e-01,4.6538449073520866e-01,8.2344209886831041e-02,3.5682169282771690e+00
max_c_e_gamma_mixing_angles_polarization_05_local_minimum_1031,C_e_gamma,polarization_cluster_05_local_minimum_1031,1.4810378440395215e+00,2.8863003544868047e+00,qout,8.2344209886831041e-02,-6.2727769174730746e-02,-2.8512378755090245e-02,4.5087028444714107e-02,8.2344209886831027e-02,3.5682169282771690e+00,1.4299647855296893e+00,1.1958113503097758e+00,2.0955818627676470e-01,1.9573465355427183e-01,0.0000000000000000e+00,0.0000000000000000e+00,3.1415926535897931e+00,0.0000000000000000e+00,2.2157493131462704e+00,9.9137070860631782e-01,4.6538449073520866e-01,8.2344209886831041e-02,3.5682169282771690e+00
max_c_e_gamma_mixing_angles_polarization_05_local_minimum_1033,C_e_gamma,polarization_cluster_05_local_minimum_1033,1.4998258444224777e+00,2.9046926484001983e+00,k,2.4400364227266227e-01,0.0000000000000000e+00,0.0000000000000000e+00,-2.1994109467997638e-01,2.1994109467997638e-01,0.0000000000000000e+00,1.4579219684120570e+00,1.2074443955777248e+00,2.1994109467997638e-01,2.0185825411277161e-01,0.0000000000000000e+00,0.0000000000000000e+00,3.1415926535897931e+00,0.0000000000000000e+00,2.3026241424630354e+00,9.5553400358840179e-01,5.7693720011572036e-01,1.0026165248597767e-01,3.6500912014458873e+00
max_c_e_gamma_mixing_angles_polarization_05_local_minimum_1033,C_e_gamma,polarization_cluster_05_local_minimum_1033,1.4998258444224777e+00,2.9046926484001983e+00,p,9.6344075330506240e-01,0.0000000000000000e+00,0.0000000000000000e+00,2.1994109467997638e-01,2.1994109467997638e-01,0.0000000000000000e+00,1.4579219684120570e+00,1.2074443955777248e+00,2.1994109467997638e-01,2.0185825411277161e-01,0.0000000000000000e+00,0.0000000000000000e+00,3.1415926535897931e+00,0.0000000000000000e+00,2.3026241424630354e+00,9.5553400358840179e-01,5.7693720011572036e-01,1.0026165248597767e-01,3.6500912014458873e+00
max_c_e_gamma_mixing_angles_polarization_05_local_minimum_1033,C_e_gamma,polarization_cluster_05_local_minimum_1033,1.4998258444224777e+00,2.9046926484001983e+00,kp,1.4770853564681918e-01,-5.4349179566459821e-02,-4.2050841699637666e-02,7.7019559739285537e-02,1.0321879281230067e-01,3.8001001731821820e+00,1.4579219684120570e+00,1.2074443955777248e+00,2.1994109467997638e-01,2.0185825411277161e-01,0.0000000000000000e+00,0.0000000000000000e+00,3.1415926535897931e+00,0.0000000000000000e+00,2.3026241424630354e+00,9.5553400358840179e-01,5.7693720011572036e-01,1.0026165248597767e-01,3.6500912014458873e+00
max_c_e_gamma_mixing_angles_polarization_05_local_minimum_1033,C_e_gamma,polarization_cluster_05_local_minimum_1033,1.4998258444224777e+00,2.9046926484001983e+00,pp,9.5947420744564893e-01,1.2586583488491929e-01,8.1913448600421448e-02,-1.3488785453318111e-01,2.0185825411277161e-01,5.7693720011572036e-01,1.4579219684120570e+00,1.2074443955777248e+00,2.1994109467997638e-01,2.0185825411277161e-01,0.0000000000000000e+00,0.0000000000000000e+00,3.1415926535897931e+00,0.0000000000000000e+00,2.3026241424630354e+00,9.5553400358840179e-01,5.7693720011572036e-01,1.0026165248597767e-01,3.6500912014458873e+00
max_c_e_gamma_mixing_angles_polarization_05_local_minimum_1033,C_e_gamma,polarization_cluster_05_local_minimum_1033,1.4998258444224777e+00,2.9046926484001983e+00,qout,1.0026165248597767e-01,-7.1516655318459466e-02,-3.9862606900783783e-02,5.7868294793895575e-02,1.0026165248597767e-01,3.6500912014458868e+00,1.4579219684120570e+00,1.2074443955777248e+00,2.1994109467997638e-01,2.0185825411277161e-01,0.0000000000000000e+00,0.0000000000000000e+00,3.1415926535897931e+00,0.0000000000000000e+00,2.3026241424630354e+00,9.5553400358840179e-01,5.7693720011572036e-01,1.0026165248597767e-01,3.6500912014458873e+00
max_c_e_gamma_mixing_angles_polarization_05_local_minimum_1034,C_e_gamma,polarization_cluster_05_local_minimum_1034,1.5301870656641534e+00,2.9666355796355171e+00,k,2.8966026141400530e-01,0.0000000000000000e+00,0.0000000000000000e+00,-2.6970238176391936e-01,2.6970238176391936e-01,0.0000000000000000e+00,1.6019054607421022e+00,1.2656640394441576e+00,2.6970238176391936e-01,2.5617924190080804e-01,0.0000000000000000e+00,0.0000000000000000e+00,3.1415926535897931e+00,0.0000000000000000e+00,2.5273463790842086e+00,7.2913047048322999e-01,5.6901530004220122e+00,1.1793511838202740e-01,2.6331734177139068e+00
max_c_e_gamma_mixing_angles_polarization_05_local_minimum_1034,C_e_gamma,polarization_cluster_05_local_minimum_1034,1.5301870656641534e+00,2.9666355796355171e+00,p,9.7600377803015226e-01,0.0000000000000000e+00,0.0000000000000000e+00,2.6970238176391936e-01,2.6970238176391936e-01,0.0000000000000000e+00,1.6019054607421022e+00,1.2656640394441576e+00,2.6970238176391936e-01,2.5617924190080804e-01,0.0000000000000000e+00,0.0000000000000000e+00,3.1415926535897931e+00,0.0000000000000000e+00,2.5273463790842086e+00,7.2913047048322999e-01,5.6901530004220122e+00,1.1793511838202740e-01,2.6331734177139068e+00
max_c_e_gamma_mixing_angles_polarization_05_local_minimum_1034,C_e_gamma,polarization_cluster_05_local_minimum_1034,1.5301870656641534e+00,2.9666355796355171e+00,kp,1.7537517679989509e-01,-5.3803411845660717e-02,4.4268621405890558e-02,1.2140116291404955e-01,1.3997414162728578e-01,2.4531122132321159e+00,1.6019054607421022e+00,1.2656640394441576e+00,2.6970238176391936e-01,2.5617924190080804e-01,0.0000000000000000e+00,0.0000000000000000e+00,3.1415926535897931e+00,0.0000000000000000e+00,2.5273463790842086e+00,7.2913047048322999e-01,5.6901530004220122e+00,1.1793511838202740e-01,2.6331734177139068e+00
max_c_e_gamma_mixing_angles_polarization_05_local_minimum_1034,C_e_gamma,polarization_cluster_05_local_minimum_1034,1.5301870656641534e+00,2.9666355796355171e+00,pp,9.7235374426227861e-01,1.2243628319996572e-01,-8.2516704180812819e-02,-2.0935174722983982e-01,2.5617924190080804e-01,5.6901530004220122e+00,1.6019054607421022e+00,1.2656640394441576e+00,2.6970238176391936e-01,2.5617924190080804e-01,0.0000000000000000e+00,0.0000000000000000e+00,3.1415926535897931e+00,0.0000000000000000e+00,2.5273463790842086e+00,7.2913047048322999e-01,5.6901530004220122e+00,1.1793511838202740e-01,2.6331734177139068e+00
max_c_e_gamma_mixing_angles_polarization_05_local_minimum_1034,C_e_gamma,polarization_cluster_05_local_minimum_1034,1.5301870656641534e+00,2.9666355796355171e+00,qout,1.1793511838202740e-01,-6.8632871354305000e-02,3.8248082774922261e-02,8.7950584315790267e-02,1.1793511838202740e-01,2.6331734177139068e+00,1.6019054607421022e+00,1.2656640394441576e+00,2.6970238176391936e-01,2.5617924190080804e-01,0.0000000000000000e+00,0.0000000000000000e+00,3.1415926535897931e+00,0.0000000000000000e+00,2.5273463790842086e+00,7.2913047048322999e-01,5.6901530004220122e+00,1.1793511838202740e-01,2.6331734177139068e+00
max_c_e_gamma_mixing_angles_polarization_05_local_minimum_1035,C_e_gamma,polarization_cluster_05_local_minimum_1035,1.5041972370366476e+00,2.9140750683066088e+00,k,2.5010653556665963e-01,0.0000000000000000e+00,0.0000000000000000e+00,-2.2669271452752462e-01,2.2669271452752462e-01,0.0000000000000000e+00,1.4764947051042481e+00,1.2151109846858632e+00,2.2669271452752462e-01,2.0873013473371727e-01,0.0000000000000000e+00,0.0000000000000000e+00,3.1415926535897931e+00,0.0000000000000000e+00,2.3329103478867403e+00,9.3129801863125117e-01,5.7550355913862683e-01,1.0429956145379683e-01,3.6458702058037415e+00
max_c_e_gamma_mixing_angles_polarization_05_local_minimum_1035,C_e_gamma,polarization_cluster_05_local_minimum_1035,1.5041972370366476e+00,2.9140750683066088e+00,p,9.6500444911920358e-01,0.0000000000000000e+00,0.0000000000000000e+00,2.2669271452752462e-01,2.2669271452752462e-01,0.0000000000000000e+00,1.4764947051042481e+00,1.2151109846858632e+00,2.2669271452752462e-01,2.0873013473371727e-01,0.0000000000000000e+00,0.0000000000000000e+00,3.1415926535897931e+00,0.0000000000000000e+00,2.3329103478867403e+00,9.3129801863125117e-01,5.7550355913862683e-01,1.0429956145379683e-01,3.6458702058037415e+00
max_c_e_gamma_mixing_angles_polarization_05_local_minimum_1035,C_e_gamma,polarization_cluster_05_local_minimum_1035,1.5041972370366476e+00,2.9140750683066088e+00,kp,1.4986799662099784e-01,-5.3396816636780420e-02,-4.1741173125102810e-02,8.1872941422002576e-02,1.0628604846306226e-01,3.8050852749958866e+00,1.4764947051042481e+00,1.2151109846858632e+00,2.2669271452752462e-01,2.0873013473371727e-01,0.0000000000000000e+00,0.0000000000000000e+00,3.1415926535897931e+00,0.0000000000000000e+00,2.3329103478867403e+00,9.3129801863125117e-01,5.7550355913862683e-01,1.0429956145379683e-01,3.6458702058037415e+00
max_c_e_gamma_mixing_angles_polarization_05_local_minimum_1035,C_e_gamma,polarization_cluster_05_local_minimum_1035,1.5041972370366476e+00,2.9140750683066088e+00,pp,9.6094342661051368e-01,1.2666894077955718e-01,8.2177838718770130e-02,-1.4411818556744532e-01,2.0873013473371727e-01,5.7550355913862672e-01,1.4764947051042481e+00,1.2151109846858632e+00,2.2669271452752462e-01,2.0873013473371727e-01,0.0000000000000000e+00,0.0000000000000000e+00,3.1415926535897931e+00,0.0000000000000000e+00,2.3329103478867403e+00,9.3129801863125117e-01,5.7550355913862683e-01,1.0429956145379683e-01,3.6458702058037415e+00
max_c_e_gamma_mixing_angles_polarization_05_local_minimum_1035,C_e_gamma,polarization_cluster_05_local_minimum_1035,1.5041972370366476e+00,2.9140750683066088e+00,qout,1.0429956145379683e-01,-7.3272124142776757e-02,-4.0436665593667320e-02,6.2245244145442746e-02,1.0429956145379683e-01,3.6458702058037411e+00,1.4764947051042481e+00,1.2151109846858632e+00,2.2669271452752462e-01,2.0873013473371727e-01,0.0000000000000000e+00,0.0000000000000000e+00,3.1415926535897931e+00,0.0000000000000000e+00,2.3329103478867403e+00,9.3129801863125117e-01,5.7550355913862683e-01,1.0429956145379683e-01,3.6458702058037415e+00
max_c_e_gamma_mixing_angles_polarization_05_local_minimum_1040,C_e_gamma,polarization_cluster_05_local_minimum_1040,1.5151779636704599e+00,2.9003747476342254e+00,k,2.4312863115527614e-01,0.0000000000000000e+00,0.0000000000000000e+00,-2.1896994993409324e-01,2.1896994993409324e-01,0.0000000000000000e+00,1.4552758558657160e+00,1.2063481486974297e+00,2.1896994993409324e-01,1.9563950535738289e-01,0.0000000000000000e+00,0.0000000000000000e+00,3.1415926535897931e+00,0.0000000000000000e+00,2.3114676828181691e+00,9.8608612836018750e-01,5.5195092511008728e+00,1.0927716841265239e-01,2.4840839303764142e+00
max_c_e_gamma_mixing_angles_polarization_05_local_minimum_1040,C_e_gamma,polarization_cluster_05_local_minimum_1040,1.5151779636704599e+00,2.9003747476342254e+00,p,9.6321951754215362e-01,0.0000000000000000e+00,0.0000000000000000e+00,2.1896994993409324e-01,2.1896994993409324e-01,0.0000000000000000e+00,1.4552758558657160e+00,1.2063481486974297e+00,2.1896994993409324e-01,1.9563950535738289e-01,0.0000000000000000e+00,0.0000000000000000e+00,3.1415926535897931e+00,0.0000000000000000e+00,2.3114676828181691e+00,9.8608612836018750e-01,5.5195092511008728e+00,1.0927716841265239e-01,2.4840839303764142e+00
max_c_e_gamma_mixing_angles_polarization_05_local_minimum_1040,C_e_gamma,polarization_cluster_05_local_minimum_1040,1.5151779636704599e+00,2.9003747476342254e+00,kp,1.3888581234614109e-01,-3.2163537939884093e-02,4.4164342915507790e-02,7.1697937207283652e-02,9.0141979996827867e-02,2.2002441587252966e+00,1.4552758558657160e+00,1.2063481486974297e+00,2.1896994993409324e-01,1.9563950535738289e-01,0.0000000000000000e+00,0.0000000000000000e+00,3.1415926535897931e+00,0.0000000000000000e+00,2.3114676828181691e+00,9.8608612836018750e-01,5.5195092511008728e+00,1.0927716841265239e-01,2.4840839303764142e+00
max_c_e_gamma_mixing_angles_polarization_05_local_minimum_1040,C_e_gamma,polarization_cluster_05_local_minimum_1040,1.5151779636704599e+00,2.9003747476342254e+00,pp,9.5818516793805641e-01,1.0428910395186114e-01,-9.9853988204019334e-02,-1.3201431700066066e-01,1.9563950535738289e-01,5.5195092511008728e+00,1.4552758558657160e+00,1.2063481486974297e+00,2.1896994993409324e-01,1.9563950535738289e-01,0.0000000000000000e+00,0.0000000000000000e+00,3.1415926535897931e+00,0.0000000000000000e+00,2.3114676828181691e+00,9.8608612836018750e-01,5.5195092511008728e+00,1.0927716841265239e-01,2.4840839303764142e+00
max_c_e_gamma_mixing_angles_polarization_05_local_minimum_1040,C_e_gamma,polarization_cluster_05_local_minimum_1040,1.5151779636704599e+00,2.9003747476342254e+00,qout,1.0927716841265239e-01,-7.2125566011977046e-02,5.5689645288511544e-02,6.0316379793377013e-02,1.0927716841265239e-01,2.4840839303764142e+00,1.4552758558657160e+00,1.2063481486974297e+00,2.1896994993409324e-01,1.9563950535738289e-01,0.0000000000000000e+00,0.0000000000000000e+00,3.1415926535897931e+00,0.0000000000000000e+00,2.3114676828181691e+00,9.8608612836018750e-01,5.5195092511008728e+00,1.0927716841265239e-01,2.4840839303764142e+00
max_c_e_gamma_mixing_angles_polarization_05_local_minimum_1041,C_e_gamma,polarization_cluster_05_local_minimum_1041,1.9794667829308896e+00,3.0497697682070233e+00,k,8.9416458988056602e-01,0.0000000000000000e+00,0.0000000000000000e+00,-8.8790011909165878e-01,8.8790011909165878e-01,0.0000000000000000e+00,4.7775331005379265e+00,2.1857568713235072e+00,8.8790011909165878e-01,6.2094190204944799e-01,0.0000000000000000e+00,0.0000000000000000e+00,3.1415926535897931e+00,0.0000000000000000e+00,5.6503449468834743e-01,2.3825236942839276e+00,1.6363370208503150e+00,7.9349388132148924e-01,4.5196015376694820e+00
max_c_e_gamma_mixing_angles_polarization_05_local_minimum_1041,C_e_gamma,polarization_cluster_05_local_minimum_1041,1.9794667829308896e+00,3.0497697682070233e+00,p,1.2915922814429412e+00,0.0000000000000000e+00,0.0000000000000000e+00,8.8790011909165878e-01,8.8790011909165878e-01,0.0000000000000000e+00,4.7775331005379265e+00,2.1857568713235072e+00,8.8790011909165878e-01,6.2094190204944799e-01,0.0000000000000000e+00,0.0000000000000000e+00,3.1415926535897931e+00,0.0000000000000000e+00,5.6503449468834743e-01,2.3825236942839276e+00,1.6363370208503150e+00,7.9349388132148924e-01,4.5196015376694820e+00
max_c_e_gamma_mixing_angles_polarization_05_local_minimum_1041,C_e_gamma,polarization_cluster_05_local_minimum_1041,1.9794667829308896e+00,3.0497697682070233e+00,kp,2.6735728474395654e-01,1.2640933797443626e-01,2.0423544927463227e-01,5.1232664627324564e-02,2.4559361838688329e-01,1.0165671721780869e+00,4.7775331005379265e+00,2.1857568713235072e+00,8.8790011909165878e-01,6.2094190204944799e-01,0.0000000000000000e+00,0.0000000000000000e+00,3.1415926535897931e+00,0.0000000000000000e+00,5.6503449468834743e-01,2.3825236942839276e+00,1.6363370208503150e+00,7.9349388132148924e-01,4.5196015376694820e+00
max_c_e_gamma_mixing_angles_polarization_05_local_minimum_1041,C_e_gamma,polarization_cluster_05_local_minimum_1041,1.9794667829308896e+00,3.0497697682070233e+00,pp,1.1249057052574611e+00,-2.1775385943446107e-02,3.3176636289038069e-01,5.2442898350709843e-01,6.2094190204944799e-01,1.6363370208503150e+00,4.7775331005379265e+00,2.1857568713235072e+00,8.8790011909165878e-01,6.2094190204944799e-01,0.0000000000000000e+00,0.0000000000000000e+00,3.1415926535897931e+00,0.0000000000000000e+00,5.6503449468834743e-01,2.3825236942839276e+00,1.6363370208503150e+00,7.9349388132148924e-01,4.5196015376694820e+00
max_c_e_gamma_mixing_angles_polarization_05_local_minimum_1041,C_e_gamma,polarization_cluster_05_local_minimum_1041,1.9794667829308896e+00,3.0497697682070233e+00,qout,7.9349388132148924e-01,-1.0463395203099014e-01,-5.3600181216501297e-01,-5.7566164813442300e-01,7.9349388132148924e-01,4.5196015376694820e+00,4.7775331005379265e+00,2.1857568713235072e+00,8.8790011909165878e-01,6.2094190204944799e-01,0.0000000000000000e+00,0.0000000000000000e+00,3.1415926535897931e+00,0.0000000000000000e+00,5.6503449468834743e-01,2.3825236942839276e+00,1.6363370208503150e+00,7.9349388132148924e-01,4.5196015376694820e+00
max_c_e_gamma_mixing_angles_polarization_05_local_minimum_1045,C_e_gamma,polarization_cluster_05_local_minimum_1045,1.5398276997145270e+00,3.0100401588770773e+00,k,3.3113787712739978e-01,0.0000000000000000e+00,0.0000000000000000e+00,-3.1382893645287380e-01,3.1382893645287380e-01,0.0000000000000000e+00,1.7430464607079195e+00,1.3202448487715905e+00,3.1382893645287380e-01,2.9012703578119048e-01,0.0000000000000000e+00,0.0000000000000000e+00,3.1415926535897931e+00,0.0000000000000000e+00,2.5832787791454082e+00,7.9383412150570554e-01,6.3389806587035835e-01,1.6615767567980089e-01,3.6139903342970401e+00
max_c_e_gamma_mixing_angles_polarization_05_local_minimum_1045,C_e_gamma,polarization_cluster_05_local_minimum_1045,1.5398276997145270e+00,3.0100401588770773e+00,p,9.8910697164419070e-01,0.0000000000000000e+00,0.0000000000000000e+00,3.1382893645287380e-01,3.1382893645287380e-01,0.0000000000000000e+00,1.7430464607079195e+00,1.3202448487715905e+00,3.1382893645287380e-01,2.9012703578119048e-01,0.0000000000000000e+00,0.0000000000000000e+00,3.1415926535897931e+00,0.0000000000000000e+00,2.5832787791454082e+00,7.9383412150570554e-01,6.3389806587035835e-01,1.6615767567980089e-01,3.6139903342970401e+00
max_c_e_gamma_mixing_angles_polarization_05_local_minimum_1045,C_e_gamma,polarization_cluster_05_local_minimum_1045,1.5398276997145270e+00,3.0100401588770773e+00,kp,1.7224314429048973e-01,-1.8334892222171578e-02,-3.7122816228321524e-02,1.2957521631953806e-01,1.3602943961428152e-01,4.2536347133651091e+00,1.7430464607079195e+00,1.3202448487715905e+00,3.1382893645287380e-01,2.9012703578119048e-01,0.0000000000000000e+00,0.0000000000000000e+00,3.1415926535897931e+00,0.0000000000000000e+00,2.5832787791454082e+00,7.9383412150570554e-01,6.3389806587035835e-01,1.6615767567980089e-01,3.6139903342970401e+00
max_c_e_gamma_mixing_angles_polarization_05_local_minimum_1045,C_e_gamma,polarization_cluster_05_local_minimum_1045,1.5398276997145270e+00,3.0100401588770773e+00,pp,9.8184402880049126e-01,1.2383732222414844e-01,9.1033073947781831e-02,-2.4607111566201809e-01,2.9012703578119048e-01,6.3389806587035846e-01,1.7430464607079195e+00,1.3202448487715905e+00,3.1382893645287380e-01,2.9012703578119048e-01,0.0000000000000000e+00,0.0000000000000000e+00,3.1415926535897931e+00,0.0000000000000000e+00,2.5832787791454082e+00,7.9383412150570554e-01,6.3389806587035835e-01,1.6615767567980089e-01,3.6139903342970401e+00
max_c_e_gamma_mixing_angles_polarization_05_local_minimum_1045,C_e_gamma,polarization_cluster_05_local_minimum_1045,1.5398276997145270e+00,3.0100401588770773e+00,qout,1.6615767567980089e-01,-1.0550243000197686e-01,-5.3910257719460307e-02,1.1649589934248002e-01,1.6615767567980089e-01,3.6139903342970396e+00,1.7430464607079195e+00,1.3202448487715905e+00,3.1382893645287380e-01,2.9012703578119048e-01,0.0000000000000000e+00,0.0000000000000000e+00,3.1415926535897931e+00,0.0000000000000000e+00,2.5832787791454082e+00,7.9383412150570554e-01,6.3389806587035835e-01,1.6615767567980089e-01,3.6139903342970401e+00
max_c_e_gamma_mixing_angles_polarization_05_local_minimum_1049,C_e_gamma,polarization_cluster_05_local_minimum_1049,1.5659995105038964e+00,2.9844886050577157e+00,k,3.0020356069826770e-01,0.0000000000000000e+00,0.0000000000000000e+00,-2.8099552584092780e-01,2.8099552584092780e-01,0.0000000000000000e+00,1.6368340718307171e+00,1.2793881630805863e+00,2.8099552584092780e-01,2.3360478827709935e-01,0.0000000000000000e+00,0.0000000000000000e+00,3.1415926535897931e+00,0.0000000000000000e+00,2.4568186023861460e+00,1.0933613191793750e+00,5.2471226434298135e+00,1.5434189579436661e-01,2.3968398117015153e+00
max_c_e_gamma_mixing_angles_polarization_05_local_minimum_1049,C_e_gamma,polarization_cluster_05_local_minimum_1049,1.5659995105038964e+00,2.9844886050577157e+00,p,9.7918460238231864e-01,0.0000000000000000e+00,0.0000000000000000e+00,2.8099552584092780e-01,2.8099552584092780e-01,0.0000000000000000e+00,1.6368340718307171e+00,1.2793881630805863e+00,2.8099552584092780e-01,2.3360478827709935e-01,0.0000000000000000e+00,0.0000000000000000e+00,3.1415926535897931e+00,0.0000000000000000e+00,2.4568186023861460e+00,1.0933613191793750e+00,5.2471226434298135e+00,1.5434189579436661e-01,2.3968398117015153e+00
max_c_e_gamma_mixing_angles_polarization_05_local_minimum_1049,C_e_gamma,polarization_cluster_05_local_minimum_1049,1.5659995105038964e+00,2.9844886050577157e+00,kp,1.5839472867092971e-01,2.5493419400185888e-02,3.4215284045958305e-02,1.1002089648052800e-01,1.1800507513424345e-01,9.3044590666604143e-01,1.6368340718307171e+00,1.2793881630805863e+00,2.8099552584092780e-01,2.3360478827709935e-01,0.0000000000000000e+00,0.0000000000000000e+00,3.1415926535897931e+00,0.0000000000000000e+00,2.4568186023861460e+00,1.0933613191793750e+00,5.2471226434298135e+00,1.5434189579436661e-01,2.3968398117015153e+00
max_c_e_gamma_mixing_angles_polarization_05_local_minimum_1049,C_e_gamma,polarization_cluster_05_local_minimum_1049,1.5659995105038964e+00,2.9844886050577157e+00,pp,9.6665153861460762e-01,7.5297484701931816e-02,-1.2712867627426133e-01,-1.8094138711832852e-01,2.3360478827709935e-01,5.2471226434298135e+00,1.6368340718307171e+00,1.2793881630805863e+00,2.8099552584092780e-01,2.3360478827709935e-01,0.0000000000000000e+00,0.0000000000000000e+00,3.1415926535897931e+00,0.0000000000000000e+00,2.4568186023861460e+00,1.0933613191793750e+00,5.2471226434298135e+00,1.5434189579436661e-01,2.3968398117015153e+00
max_c_e_gamma_mixing_angles_polarization_05_local_minimum_1049,C_e_gamma,polarization_cluster_05_local_minimum_1049,1.5659995105038964e+00,2.9844886050577157e+00,qout,1.5434189579436661e-01,-1.0079090410211770e-01,9.2913392228303027e-02,7.0920490637800523e-02,1.5434189579436661e-01,2.3968398117015153e+00,1.6368340718307171e+00,1.2793881630805863e+00,2.8099552584092780e-01,2.3360478827709935e-01,0.0000000000000000e+00,0.0000000000000000e+00,3.1415926535897931e+00,0.0000000000000000e+00,2.4568186023861460e+00,1.0933613191793750e+00,5.2471226434298135e+00,1.5434189579436661e-01,2.3968398117015153e+00
max_c_e_gamma_mixing_angles_polarization_05_local_minimum_1050,C_e_gamma,polarization_cluster_05_local_minimum_1050,1.5249454541252978e+00,3.0006033863486912e+00,k,3.0743169833183676e-01,0.0000000000000000e+00,0.0000000000000000e+00,-2.8870496501774695e-01,2.8870496501774695e-01,0.0000000000000000e+00,1.6611509666180018e+00,1.2888564569485625e+00,2.8870496501774695e-01,2.4379188720030076e-01,0.0000000000000000e+00,0.0000000000000000e+00,3.1415926535897931e+00,0.0000000000000000e+00,2.4300769363357819e+00,1.1232763694144663e+00,5.6023720308987981e+00,1.5951775941202584e-01,2.6581903082451115e+00
max_c_e_gamma_mixing_angles_polarization_05_local_minimum_1050,C_e_gamma,polarization_cluster_05_local_minimum_1050,1.5249454541252978e+00,3.0006033863486912e+00,p,9.8142475861672573e-01,0.0000000000000000e+00,0.0000000000000000e+00,2.8870496501774695e-01,2.8870496501774695e-01,0.0000000000000000e+00,1.6611509666180018e+00,1.2888564569485625e+00,2.8870496501774695e-01,2.4379188720030076e-01,0.0000000000000000e+00,0.0000000000000000e+00,3.1415926535897931e+00,0.0000000000000000e+00,2.4300769363357819e+00,1.1232763694144663e+00,5.6023720308987981e+00,1.5951775941202584e-01,2.6581903082451115e+00
max_c_e_gamma_mixing_angles_polarization_05_local_minimum_1050,C_e_gamma,polarization_cluster_05_local_minimum_1050,1.5249454541252978e+00,3.0006033863486912e+00,kp,1.6017489081117431e-01,3.6293415457329253e-03,3.3357766384716617e-02,1.1561310753906624e-01,1.2038398287593166e-01,1.4624221169926159e+00,1.6611509666180018e+00,1.2888564569485625e+00,2.8870496501774695e-01,2.4379188720030076e-01,0.0000000000000000e+00,0.0000000000000000e+00,3.1415926535897931e+00,0.0000000000000000e+00,2.4300769363357819e+00,1.1232763694144663e+00,5.6023720308987981e+00,1.5951775941202584e-01,2.6581903082451115e+00
max_c_e_gamma_mixing_angles_polarization_05_local_minimum_1050,C_e_gamma,polarization_cluster_05_local_minimum_1050,1.5249454541252978e+00,3.0006033863486912e+00,pp,9.6916380672447933e-01,1.2370177683924070e-01,-1.0019935034142753e-01,-1.8464139531170884e-01,2.4379188720030076e-01,5.6023720308987981e+00,1.6611509666180018e+00,1.2888564569485625e+00,2.8870496501774695e-01,2.4379188720030076e-01,0.0000000000000000e+00,0.0000000000000000e+00,3.1415926535897931e+00,0.0000000000000000e+00,2.4300769363357819e+00,1.1232763694144663e+00,5.6023720308987981e+00,1.5951775941202584e-01,2.6581903082451115e+00
max_c_e_gamma_mixing_angles_polarization_05_local_minimum_1050,C_e_gamma,polarization_cluster_05_local_minimum_1050,1.5249454541252978e+00,3.0006033863486912e+00,qout,1.5951775941202584e-01,-1.2733111838497363e-01,6.6841583956710915e-02,6.9028287772642596e-02,1.5951775941202587e-01,2.6581903082451115e+00,1.6611509666180018e+00,1.2888564569485625e+00,2.8870496501774695e-01,2.4379188720030076e-01,0.0000000000000000e+00,0.0000000000000000e+00,3.1415926535897931e+00,0.0000000000000000e+00,2.4300769363357819e+00,1.1232763694144663e+00,5.6023720308987981e+00,1.5951775941202584e-01,2.6581903082451115e+00
max_c_e_gamma_mixing_angles_polarization_05_local_minimum_1059,C_e_gamma,polarization_cluster_05_local_minimum_1059,2.1717970931137498e+00,3.0784650681134327e+00,k,1.1929934658236605e+00,0.0000000000000000e+00,0.0000000000000000e+00,-1.1883053972715307e+00,1.1883053972715307e+00,0.0000000000000000e+00,7.3273089026742708e+00,2.7069002387739141e+00,1.1883053972715307e+00,9.8141574501163364e-01,0.0000000000000000e+00,0.0000000000000000e+00,3.1415926535897931e+00,0.0000000000000000e+00,2.3970069395924706e-01,2.8909651737958022e+00,2.1646631657705950e+00,1.1383690802082795e+00,5.6691706474849246e+00
max_c_e_gamma_mixing_angles_polarization_05_local_minimum_1059,C_e_gamma,polarization_cluster_05_local_minimum_1059,2.1717970931137498e+00,3.0784650681134327e+00,p,1.5139067729502536e+00,0.0000000000000000e+00,0.0000000000000000e+00,1.1883053972715307e+00,1.1883053972715307e+00,0.0000000000000000e+00,7.3273089026742708e+00,2.7069002387739141e+00,1.1883053972715307e+00,9.8141574501163364e-01,0.0000000000000000e+00,0.0000000000000000e+00,3.1415926535897931e+00,0.0000000000000000e+00,2.3970069395924706e-01,2.8909651737958022e+00,2.1646631657705950e+00,1.1383690802082795e+00,5.6691706474849246e+00
max_c_e_gamma_mixing_angles_polarization_05_local_minimum_1059,C_e_gamma,polarization_cluster_05_local_minimum_1059,2.1717970931137498e+00,3.0784650681134327e+00,kp,2.1095211314840490e-01,-1.0037959991731302e-01,-3.0441411387849587e-02,1.4944684045383594e-01,1.8258450571852591e-01,3.4360402652044146e+00,7.3273089026742708e+00,2.7069002387739141e+00,1.1883053972715307e+00,9.8141574501163364e-01,0.0000000000000000e+00,0.0000000000000000e+00,3.1415926535897931e+00,0.0000000000000000e+00,2.3970069395924706e-01,2.8909651737958022e+00,2.1646631657705950e+00,1.1383690802082795e+00,5.6691706474849246e+00
max_c_e_gamma_mixing_angles_polarization_05_local_minimum_1059,C_e_gamma,polarization_cluster_05_local_minimum_1059,2.1717970931137498e+00,3.0784650681134327e+00,pp,1.3575790454175181e+00,-1.3037967155052410e-01,1.9310627104632205e-01,9.5335616318650918e-01,9.8141574501163364e-01,2.1646631657705950e+00,7.3273089026742708e+00,2.7069002387739141e+00,1.1883053972715307e+00,9.8141574501163364e-01,0.0000000000000000e+00,0.0000000000000000e+00,3.1415926535897931e+00,0.0000000000000000e+00,2.3970069395924706e-01,2.8909651737958022e+00,2.1646631657705950e+00,1.1383690802082795e+00,5.6691706474849246e+00
max_c_e_gamma_mixing_angles_polarization_05_local_minimum_1059,C_e_gamma,polarization_cluster_05_local_minimum_1059,2.1717970931137498e+00,3.0784650681134327e+00,qout,1.1383690802082795e+00,2.3075927146783712e-01,-1.6266485965847247e-01,-1.1028030036403451e+00,1.1383690802082795e+00,5.6691706474849246e+00,7.3273089026742708e+00,2.7069002387739141e+00,1.1883053972715307e+00,9.8141574501163364e-01,0.0000000000000000e+00,0.0000000000000000e+00,3.1415926535897931e+00,0.0000000000000000e+00,2.3970069395924706e-01,2.8909651737958022e+00,2.1646631657705950e+00,1.1383690802082795e+00,5.6691706474849246e+00
max_c_e_gamma_mixing_angles_polarization_05_local_minimum_1068,C_e_gamma,polarization_cluster_05_local_minimum_1068,1.5949560240852334e+00,3.0192532161010810e+00,k,3.3739603810387403e-01,0.0000000000000000e+00,0.0000000000000000e+00,-3.2042533329137979e-01,3.2042533329137979e-01,0.0000000000000000e+00,1.7652196462317540e+00,1.3286156879367916e+00,3.2042533329137979e-01,2.5472849907408812e-01,0.0000000000000000e+00,0.0000000000000000e+00,3.1415926535897931e+00,0.0000000000000000e+00,2.4983771151781027e+00,1.1798320466957077e+00,5.0665904975844462e+00,1.7201155801589946e-01,2.3212713197862755e+00
max_c_e_gamma_mixing_angles_polarization_05_local_minimum_1068,C_e_gamma,polarization_cluster_05_local_minimum_1068,1.5949560240852334e+00,3.0192532161010810e+00,p,9.9121964983291755e-01,0.0000000000000000e+00,0.0000000000000000e+00,3.2042533329137979e-01,3.2042533329137979e-01,0.0000000000000000e+00,1.7652196462317540e+00,1.3286156879367916e+00,3.2042533329137979e-01,2.5472849907408812e-01,0.0000000000000000e+00,0.0000000000000000e+00,3.1415926535897931e+00,0.0000000000000000e+00,2.4983771151781027e+00,1.1798320466957077e+00,5.0665904975844462e+00,1.7201155801589946e-01,2.3212713197862755e+00
max_c_e_gamma_mixing_angles_polarization_05_local_minimum_1068,C_e_gamma,polarization_cluster_05_local_minimum_1068,1.5949560240852334e+00,3.0192532161010810e+00,kp,1.8463159520674599e-01,5.5467503640025381e-02,2.6984577913895053e-02,1.3827625331213383e-01,1.5141048059922638e-01,4.5278411295065490e-01,1.7652196462317540e+00,1.3286156879367916e+00,3.2042533329137979e-01,2.5472849907408812e-01,0.0000000000000000e+00,0.0000000000000000e+00,3.1415926535897931e+00,0.0000000000000000e+00,2.4983771151781027e+00,1.1798320466957077e+00,5.0665904975844462e+00,1.7201155801589946e-01,2.3212713197862755e+00
max_c_e_gamma_mixing_angles_polarization_05_local_minimum_1068,C_e_gamma,polarization_cluster_05_local_minimum_1068,1.5949560240852334e+00,3.0192532161010810e+00,pp,9.7197253471512124e-01,5.2990071609996761e-02,-1.4329495543884424e-01,-2.0382643669819861e-01,2.5472849907408812e-01,5.0665904975844462e+00,1.7652196462317540e+00,1.3286156879367916e+00,3.2042533329137979e-01,2.5472849907408812e-01,0.0000000000000000e+00,0.0000000000000000e+00,3.1415926535897931e+00,0.0000000000000000e+00,2.4983771151781027e+00,1.1798320466957077e+00,5.0665904975844462e+00,1.7201155801589946e-01,2.3212713197862755e+00
max_c_e_gamma_mixing_angles_polarization_05_local_minimum_1068,C_e_gamma,polarization_cluster_05_local_minimum_1068,1.5949560240852334e+00,3.0192532161010810e+00,qout,1.7201155801589946e-01,-1.0845757525002214e-01,1.1631037752494919e-01,6.5550183386064761e-02,1.7201155801589946e-01,2.3212713197862755e+00,1.7652196462317540e+00,1.3286156879367916e+00,3.2042533329137979e-01,2.5472849907408812e-01,0.0000000000000000e+00,0.0000000000000000e+00,3.1415926535897931e+00,0.0000000000000000e+00,2.4983771151781027e+00,1.1798320466957077e+00,5.0665904975844462e+00,1.7201155801589946e-01,2.3212713197862755e+00
max_c_e_gamma_mixing_angles_polarization_05_local_minimum_1069,C_e_gamma,polarization_cluster_05_local_minimum_1069,1.5230331324630006e+00,2.7891005046299040e+00,k,2.0651061702887630e-01,0.0000000000000000e+00,0.0000000000000000e+00,-1.7743433329642888e-01,1.7743433329642888e-01,0.0000000000000000e+00,1.3482578782473196e+00,1.1611450720075074e+00,1.7743433329642888e-01,8.8189685342041843e-02,0.0000000000000000e+00,0.0000000000000000e+00,3.1415926535897931e+00,0.0000000000000000e+00,1.3206893947980838e+00,1.7437549273193662e+00,1.4280956353857823e+00,1.0958128014494638e-01,4.3904513911529994e+00
max_c_e_gamma_mixing_angles_polarization_05_local_minimum_1069,C_e_gamma,polarization_cluster_05_local_minimum_1069,1.5230331324630006e+00,2.7891005046299040e+00,p,9.5463445497863109e-01,0.0000000000000000e+00,0.0000000000000000e+00,1.7743433329642888e-01,1.7743433329642888e-01,0.0000000000000000e+00,1.3482578782473196e+00,1.1611450720075074e+00,1.7743433329642888e-01,8.8189685342041843e-02,0.0000000000000000e+00,0.0000000000000000e+00,3.1415926535897931e+00,0.0000000000000000e+00,1.3206893947980838e+00,1.7437549273193662e+00,1.4280956353857823e+00,1.0958128014494638e-01,4.3904513911529994e+00
max_c_e_gamma_mixing_angles_polarization_05_local_minimum_1069,C_e_gamma,polarization_cluster_05_local_minimum_1069,1.5230331324630006e+00,2.7891005046299040e+00,kp,1.0942716663114307e-01,2.2002949085694591e-02,1.7823245710458152e-02,-2.9689438354266393e-03,2.8471257148586733e-02,6.8083234582755958e-01,1.3482578782473196e+00,1.1611450720075074e+00,1.7743433329642888e-01,8.8189685342041843e-02,0.0000000000000000e+00,0.0000000000000000e+00,3.1415926535897931e+00,0.0000000000000000e+00,1.3206893947980838e+00,1.7437549273193662e+00,1.4280956353857823e+00,1.0958128014494638e-01,4.3904513911529994e+00
max_c_e_gamma_mixing_angles_polarization_05_local_minimum_1069,C_e_gamma,polarization_cluster_05_local_minimum_1069,1.5230331324630006e+00,2.7891005046299040e+00,pp,9.4213662523050667e-01,1.2151826865606829e-02,8.4577236637840808e-02,2.1827614328261885e-02,8.8189685342041843e-02,1.4280956353857823e+00,1.3482578782473196e+00,1.1611450720075074e+00,1.7743433329642888e-01,8.8189685342041843e-02,0.0000000000000000e+00,0.0000000000000000e+00,3.1415926535897931e+00,0.0000000000000000e+00,1.3206893947980838e+00,1.7437549273193662e+00,1.4280956353857823e+00,1.0958128014494638e-01,4.3904513911529994e+00
max_c_e_gamma_mixing_angles_polarization_05_local_minimum_1069,C_e_gamma,polarization_cluster_05_local_minimum_1069,1.5230331324630006e+00,2.7891005046299040e+00,qout,1.0958128014494638e-01,-3.4154775951301418e-02,-1.0240048234829896e-01,-1.8858670492835246e-02,1.0958128014494638e-01,4.3904513911529994e+00,1.3482578782473196e+00,1.1611450720075074e+00,1.7743433329642888e-01,8.8189685342041843e-02,0.0000000000000000e+00,0.0000000000000000e+00,3.1415926535897931e+00,0.0000000000000000e+00,1.3206893947980838e+00,1.7437549273193662e+00,1.4280956353857823e+00,1.0958128014494638e-01,4.3904513911529994e+00
max_c_e_gamma_mixing_angles_polarization_05_local_minimum_1073,C_e_gamma,polarization_cluster_05_local_minimum_1073,1.5549975346468154e+00,2.7865641527326330e+00,k,2.1040993236069805e-01,0.0000000000000000e+00,0.0000000000000000e+00,-1.8195781742682707e-01,1.8195781742682707e-01,0.0000000000000000e+00,1.3593122892894336e+00,1.1658954881503889e+00,1.8195781742682707e-01,8.7078713620516696e-02,0.0000000000000000e+00,0.0000000000000000e+00,3.1415926535897931e+00,0.0000000000000000e+00,1.2827816063891937e+00,1.7614188173026264e+00,4.7969217119095982e+00,1.1296520591905648e-01,1.8558475329649429e+00
max_c_e_gamma_mixing_angles_polarization_05_local_minimum_1073,C_e_gamma,polarization_cluster_05_local_minimum_1073,1.5549975346468154e+00,2.7865641527326330e+00,p,9.5548555578969085e-01,0.0000000000000000e+00,0.0000000000000000e+00,1.8195781742682707e-01,1.8195781742682707e-01,0.0000000000000000e+00,1.3593122892894336e+00,1.1658954881503889e+00,1.8195781742682707e-01,8.7078713620516696e-02,0.0000000000000000e+00,0.0000000000000000e+00,3.1415926535897931e+00,0.0000000000000000e+00,1.2827816063891937e+00,1.7614188173026264e+00,4.7969217119095982e+00,1.1296520591905648e-01,1.8558475329649429e+00
max_c_e_gamma_mixing_angles_polarization_05_local_minimum_1073,C_e_gamma,polarization_cluster_05_local_minimum_1073,1.5549975346468154e+00,2.7865641527326330e+00,kp,1.1089700130910973e-01,2.4141759406663230e-02,-2.3249338327652677e-02,-3.3311118460375710e-03,3.3681635738985187e-02,5.5166159039954801e+00,1.3593122892894336e+00,1.1658954881503889e+00,1.8195781742682707e-01,8.7078713620516696e-02,0.0000000000000000e+00,0.0000000000000000e+00,3.1415926535897931e+00,0.0000000000000000e+00,1.2827816063891937e+00,1.7614188173026264e+00,4.7969217119095982e+00,1.1296520591905648e-01,1.8558475329649429e+00
max_c_e_gamma_mixing_angles_polarization_05_local_minimum_1073,C_e_gamma,polarization_cluster_05_local_minimum_1073,1.5549975346468154e+00,2.7865641527326330e+00,pp,9.4203328092260297e-01,7.0493969447984048e-03,-8.3193783763009524e-02,2.4734645979116811e-02,8.7078713620516696e-02,4.7969217119095982e+00,1.3593122892894336e+00,1.1658954881503889e+00,1.8195781742682707e-01,8.7078713620516696e-02,0.0000000000000000e+00,0.0000000000000000e+00,3.1415926535897931e+00,0.0000000000000000e+00,1.2827816063891937e+00,1.7614188173026264e+00,4.7969217119095982e+00,1.1296520591905648e-01,1.8558475329649429e+00
max_c_e_gamma_mixing_angles_polarization_05_local_minimum_1073,C_e_gamma,polarization_cluster_05_local_minimum_1073,1.5549975346468154e+00,2.7865641527326330e+00,qout,1.1296520591905648e-01,-3.1191156351461635e-02,1.0644312209066220e-01,-2.1403534133079240e-02,1.1296520591905647e-01,1.8558475329649429e+00,1.3593122892894336e+00,1.1658954881503889e+00,1.8195781742682707e-01,8.7078713620516696e-02,0.0000000000000000e+00,0.0000000000000000e+00,3.1415926535897931e+00,0.0000000000000000e+00,1.2827816063891937e+00,1.7614188173026264e+00,4.7969217119095982e+00,1.1296520591905648e-01,1.8558475329649429e+00
max_c_e_gamma_mixing_angles_polarization_05_local_minimum_1080,C_e_gamma,polarization_cluster_05_local_minimum_1080,1.5699001161824611e+00,2.9971887861414457e+00,k,3.2144177204030988e-01,0.0000000000000000e+00,0.0000000000000000e+00,-3.0358050085457655e-01,3.0358050085457655e-01,0.0000000000000000e+00,1.7091508768855950e+00,1.3073449724099584e+00,3.0358050085457655e-01,1.6479546589662147e-01,0.0000000000000000e+00,0.0000000000000000e+00,3.1415926535897931e+00,0.0000000000000000e+00,2.2636126902783555e+00,1.7319208505739525e+00,1.3664781796431789e+00,1.6953332770668514e-01,4.0682354410745880e+00
max_c_e_gamma_mixing_angles_polarization_05_local_minimum_1080,C_e_gamma,polarization_cluster_05_local_minimum_1080,1.5699001161824611e+00,2.9971887861414457e+00,p,9.8590320036964851e-01,0.0000000000000000e+00,0.0000000000000000e+00,3.0358050085457655e-01,3.0358050085457655e-01,0.0000000000000000e+00,1.7091508768855950e+00,1.3073449724099584e+00,3.0358050085457655e-01,1.6479546589662147e-01,0.0000000000000000e+00,0.0000000000000000e+00,3.1415926535897931e+00,0.0000000000000000e+00,2.2636126902783555e+00,1.7319208505739525e+00,1.3664781796431789e+00,1.6953332770668514e-01,4.0682354410745880e+00
max_c_e_gamma_mixing_angles_polarization_05_local_minimum_1080,C_e_gamma,polarization_cluster_05_local_minimum_1080,1.5699001161824611e+00,2.9971887861414457e+00,kp,1.8544535719628460e-01,7.4761739096636623e-02,9.6400490000052574e-03,1.3245391657056624e-01,1.5240173290471007e-01,1.2823603659700142e-01,1.7091508768855950e+00,1.3073449724099584e+00,3.0358050085457655e-01,1.6479546589662147e-01,0.0000000000000000e+00,0.0000000000000000e+00,3.1415926535897931e+00,0.0000000000000000e+00,2.2636126902783555e+00,1.7319208505739525e+00,1.3664781796431789e+00,1.6953332770668514e-01,4.0682354410745880e+00
max_c_e_gamma_mixing_angles_polarization_05_local_minimum_1080,C_e_gamma,polarization_cluster_05_local_minimum_1080,1.5699001161824611e+00,2.9971887861414457e+00,pp,9.5236628750711472e-01,2.5728048955607808e-02,1.2416437498682320e-01,-1.0525597874303354e-01,1.6479546589662147e-01,1.3664781796431789e+00,1.7091508768855950e+00,1.3073449724099584e+00,3.0358050085457655e-01,1.6479546589662147e-01,0.0000000000000000e+00,0.0000000000000000e+00,3.1415926535897931e+00,0.0000000000000000e+00,2.2636126902783555e+00,1.7319208505739525e+00,1.3664781796431789e+00,1.6953332770668514e-01,4.0682354410745880e+00
max_c_e_gamma_mixing_angles_polarization_05_local_minimum_1080,C_e_gamma,polarization_cluster_05_local_minimum_1080,1.5699001161824611e+00,2.9971887861414457e+00,qout,1.6953332770668514e-01,-1.0048978805224443e-01,-1.3380442398682846e-01,-2.7197937827532697e-02,1.6953332770668514e-01,4.0682354410745880e+00,1.7091508768855950e+00,1.3073449724099584e+00,3.0358050085457655e-01,1.6479546589662147e-01,0.0000000000000000e+00,0.0000000000000000e+00,3.1415926535897931e+00,0.0000000000000000e+00,2.2636126902783555e+00,1.7319208505739525e+00,1.3664781796431789e+00,1.6953332770668514e-01,4.0682354410745880e+00
max_c_e_gamma_mixing_angles_polarization_05_local_minimum_1091,C_e_gamma,polarization_cluster_05_local_minimum_1091,1.4841339708677792e+00,2.8939580809485030e+00,k,2.4245974680188848e-01,0.0000000000000000e+00,0.0000000000000000e+00,-2.1822702973265448e-01,2.1822702973265448e-01,0.0000000000000000e+00,1.4532559201975237e+00,1.2055106470693338e+00,2.1822702973265448e-01,1.1003834572949392e-01,0.0000000000000000e+00,0.0000000000000000e+00,3.1415926535897931e+00,0.0000000000000000e+00,1.7078888865616118e+00,1.8136086676865859e+00,5.2103144309129155e+00,1.3842754148130365e-01,2.3174453349853446e+00
max_c_e_gamma_mixing_angles_polarization_05_local_minimum_1091,C_e_gamma,polarization_cluster_05_local_minimum_1091,1.4841339708677792e+00,2.8939580809485030e+00,p,9.6305090026744522e-01,0.0000000000000000e+00,0.0000000000000000e+00,2.1822702973265448e-01,2.1822702973265448e-01,0.0000000000000000e+00,1.4532559201975237e+00,1.2055106470693338e+00,2.1822702973265448e-01,1.1003834572949392e-01,0.0000000000000000e+00,0.0000000000000000e+00,3.1415926535897931e+00,0.0000000000000000e+00,1.7078888865616118e+00,1.8136086676865859e+00,5.2103144309129155e+00,1.3842754148130365e-01,2.3174453349853446e+00
max_c_e_gamma_mixing_angles_polarization_05_local_minimum_1091,C_e_gamma,polarization_cluster_05_local_minimum_1091,1.4841339708677792e+00,2.8939580809485030e+00,kp,1.2265076945625585e-01,3.9198040891283897e-02,-2.8511980733669229e-03,4.8320836031098283e-02,6.2285784372620868e-02,6.2105749041100804e+00,1.4532559201975237e+00,1.2055106470693338e+00,2.1822702973265448e-01,1.1003834572949392e-01,0.0000000000000000e+00,0.0000000000000000e+00,3.1415926535897931e+00,0.0000000000000000e+00,1.7078888865616118e+00,1.8136086676865859e+00,5.2103144309129155e+00,1.3842754148130365e-01,2.3174453349853446e+00
max_c_e_gamma_mixing_angles_polarization_05_local_minimum_1091,C_e_gamma,polarization_cluster_05_local_minimum_1091,1.4841339708677792e+00,2.8939580809485030e+00,pp,9.4443233613154287e-01,5.2061651595343178e-02,-9.5769899357337596e-02,-1.5038229321770517e-02,1.1003834572949391e-01,5.2103144309129155e+00,1.4532559201975237e+00,1.2055106470693338e+00,2.1822702973265448e-01,1.1003834572949392e-01,0.0000000000000000e+00,0.0000000000000000e+00,3.1415926535897931e+00,0.0000000000000000e+00,1.7078888865616118e+00,1.8136086676865859e+00,5.2103144309129155e+00,1.3842754148130365e-01,2.3174453349853446e+00
max_c_e_gamma_mixing_angles_polarization_05_local_minimum_1091,C_e_gamma,polarization_cluster_05_local_minimum_1091,1.4841339708677792e+00,2.8939580809485030e+00,qout,1.3842754148130365e-01,-9.1259692486627075e-02,9.8621097430704519e-02,-3.3282606709327769e-02,1.3842754148130365e-01,2.3174453349853446e+00,1.4532559201975237e+00,1.2055106470693338e+00,2.1822702973265448e-01,1.1003834572949392e-01,0.0000000000000000e+00,0.0000000000000000e+00,3.1415926535897931e+00,0.0000000000000000e+00,1.7078888865616118e+00,1.8136086676865859e+00,5.2103144309129155e+00,1.3842754148130365e-01,2.3174453349853446e+00
