version https://git-lfs.github.com/spec/v1
oid sha256:b93f58ee01158393dc03cc466477a378e8c97f653091ace85590a0e96ea6f5fa
size 372292
