version https://git-lfs.github.com/spec/v1
oid sha256:e11c7344b57e5bcbdaf1e6f8d943edba5a63998c37cd95f3078e532f8f2b7142
size 618119
