version https://git-lfs.github.com/spec/v1
oid sha256:911b1da592ae52b63a1061fcef9d96b16ec2df34cdddf5a0822dc371222b9018
size 393785
