version https://git-lfs.github.com/spec/v1
oid sha256:eb8be7f0eb39f6d76b5da113714699b6ca4df71c7420d09f98403bc076214e38
size 816155
