version https://git-lfs.github.com/spec/v1
oid sha256:87b5d9ccad402229ec8db2137a5919d5499d435feb3d6b596dbe50c7685d577e
size 767851
