version https://git-lfs.github.com/spec/v1
oid sha256:f06d7d978b73d6279452a2bb224eb9b3485b5ce9efd3cdc758e812ec62ea3429
size 762575
