version https://git-lfs.github.com/spec/v1
oid sha256:feed4ed8e440938028c9a36eb00ee15fdd508052bac56c29867e40c3cda4a449
size 688016
