version https://git-lfs.github.com/spec/v1
oid sha256:9ada34f36458a6bdc59bd5265edc2b807e4ebc03f5ccbbb68a8f013208ca6445
size 754329
