version https://git-lfs.github.com/spec/v1
oid sha256:ee4788f41ec3df36d9fd36f593468b9a56034dbbfaf492723499c963ea748e19
size 479353
